x	lowy	mediany	highy
-6.5	0.13298226466860022	0.1498615064161207	0.15566034938184656	
-6.469	0.13336556768836785	0.15035575542328905	0.15656533840422576	
-6.438000000000001	0.13376707451039083	0.15085952976313372	0.15749598338667462	
-6.407000000000001	0.13418762981344495	0.15137300096722084	0.15845294857094458	
-6.376000000000001	0.13462811552220838	0.15189634317329234	0.15943691163077756	
-6.3450000000000015	0.13508945225749894	0.1524297331450864	0.16044856371178845	
-6.314000000000002	0.13557260082357805	0.15297335029140482	0.161488609454504	
-6.283000000000002	0.13607856373133054	0.1535273766843773	0.16255776699933344	
-6.2520000000000024	0.13660838675582046	0.15409199707686938	0.1636567679721969	
-6.221000000000003	0.13716316052638156	0.15466739891898088	0.1647863574494874	
-6.190000000000003	0.13774402214702214	0.15525377237357846	0.1659472939009936	
-6.159000000000003	0.13835215684450858	0.15585131033080463	0.16714034910936024	
-6.128000000000004	0.13898879964103292	0.15646020842150307	0.16836630806461547	
-6.097000000000004	0.13965523704786836	0.15708066502949947	0.1696259688322464	
-6.066000000000004	0.14035280877586717	0.15771288130267305	0.1709201423932575	
-6.035000000000005	0.1410829094580563	0.1583570611627544	0.17224965245460222	
-6.004000000000005	0.1418469903789339	0.1590134113137806	0.1736153352283345	
-5.973000000000005	0.1426465612043626	0.1596821412491394	0.17501803917778724	
-5.9420000000000055	0.1434831917051878	0.16036346325712947	0.17645862472904575	
-5.911000000000006	0.14435851346688283	0.16105759242496348	0.17793796394595068	
-5.880000000000006	0.14527422157662961	0.16176474664113827	0.17945694016683292	
-5.849000000000006	0.1461137028968071	0.16248514659609367	0.18101644760115682	
-5.818000000000007	0.14696374530252146	0.16321901578108022	0.18261739088422602	
-5.787000000000007	0.14784705565452075	0.16396658048515356	0.184260684588089	
-5.756000000000007	0.14876485772888104	0.164728069790211	0.18594725268677093	
-5.725000000000008	0.14971841392090618	0.16550371556398438	0.18767802797395486	
-5.694000000000008	0.1507090259313559	0.16629375245090017	0.18945395143123694	
-5.663000000000008	0.1517380354162262	0.16709841786071697	0.19127597154509315	
-5.6320000000000086	0.15280682459450437	0.1679179519548472	0.19314504357071366	
-5.601000000000009	0.15391681680790129	0.16875259763026915	0.19506212874089038	
-5.570000000000009	0.1550694770261302	0.16960260050093204	0.19702819341818328	
-5.5390000000000095	0.15626631229084795	0.17046820887655634	0.19904420818864083	
-5.50800000000001	0.15750887209091025	0.17134967373872867	0.20111114689541326	
-5.47700000000001	0.15879874866111077	0.17224724871418873	0.20322998561067113	
-5.44600000000001	0.16013757719608404	0.17316119004520494	0.20540170154433146	
-5.415000000000011	0.1615270359705494	0.17409175655693226	0.20762727188819574	
-5.384000000000011	0.16296884635656483	0.1750392096216455	0.20990767259422238	
-5.353000000000011	0.1644647727279473	0.17600381311973856	0.21224387708578946	
-5.322000000000012	0.16601662224150163	0.17698583339737955	0.21463685490095524	
-5.291000000000012	0.1676262444841909	0.17798553922071	0.21708757026689046	
-5.260000000000012	0.16929553097487693	0.17900320172647433	0.21959698060484328	
-5.2290000000000125	0.17102641450877265	0.18003909436896673	0.2221660349652017	
-5.198000000000013	0.17282086833227484	0.18109349286317863	0.22479567239244275	
-5.167000000000013	0.1746809051354029	0.18243789131786486	0.22748682022000108	
-5.136000000000013	0.1766085758486563	0.18501746377469983	0.23024039229535243	
-5.105000000000014	0.17860596823073116	0.18770318517821727	0.23305728713589313	
-5.074000000000014	0.18067520523321684	0.19049854075878625	0.2359383860164993	
-5.043000000000014	0.18281844312812856	0.19340704989837632	0.23888455098997607	
-5.012000000000015	0.1850378693839416	0.19643225833624878	0.24189662284195138	
-4.981000000000015	0.18733570027567967	0.19957772953527347	0.24497541898213432	
-4.950000000000015	0.1897141782145923	0.20284703517356686	0.24812173127424353	
-4.919000000000016	0.19146236933027305	0.20624374472931933	0.25133632380731363	
-4.888000000000016	0.19271743918080478	0.20977141413064693	0.2546199306115106	
-4.857000000000016	0.1939941765406751	0.2134335734471398	0.25797325332202314	
-4.8260000000000165	0.19529287827631403	0.2172337136055491	0.2613969587950524	
-4.795000000000017	0.19661384237683585	0.22117527211881138	0.26489167668038954	
-4.764000000000017	0.19795736783174883	0.22526161782540993	0.26845799695554673	
-4.733000000000017	0.19932375450314144	0.22949603464495	0.2720964674268994	
-4.702000000000018	0.20071330299224127	0.23388170436581074	0.27580759120379034	
-4.671000000000018	0.20212631450024643	0.23842168849183742	0.27959182415204575	
-4.640000000000018	0.20356309068333212	0.24311890918724344	0.28344957233385704	
-4.609000000000019	0.20502393350173964	0.24797612937217195	0.28738118944147584	
-4.578000000000019	0.2065091450628594	0.25299593203566034	0.2913869742326689	
-4.547000000000019	0.20801902745822312	0.2581806988479691	0.2954671679763572	
-4.5160000000000196	0.20955388259432833	0.2635325881702613	0.2996219519173363	
-4.48500000000002	0.21111401201722	0.26905351257629107	0.303851444769427	
-4.45400000000002	0.21269971673076443	0.27474511601789253	0.3081557002468308	
-4.4230000000000205	0.21431129700855409	0.28060875078341796	0.31253470464386973	
-4.392000000000021	0.21594905219939056	0.28664545441559286	0.3169883744736567	
-4.361000000000021	0.21761328052630033	0.29285592677222977	0.32151655417657476	
-4.330000000000021	0.21930427887904602	0.29924050742952857	0.3261190139097329	
-4.299000000000022	0.22102234260010428	0.3057991536429182	0.3307954474288074	
-4.268000000000022	0.22276776526409148	0.31253141909416454	0.3355454700738659	
-4.237000000000022	0.2245408384506269	0.3194364336653581	0.3403686168709053	
-4.206000000000023	0.22634185151063466	0.3265128844899755	0.3452643407608988	
-4.175000000000023	0.22817109132609653	0.3337589985380459	0.35023201096815526	
-4.144000000000023	0.23002884206327712	0.34117252699612133	0.35527091151972034	
-4.1130000000000235	0.231915384919459	0.348750731702852	0.3603802399274057	
-4.082000000000024	0.23383099786323353	0.3564903738971342	0.3655591060438124	
-4.051000000000024	0.23577595536840973	0.36438770552772504	0.370806531103405	
-4.020000000000024	0.23775052814161607	0.37243846336064323	0.37612144695930894	
-3.9890000000000247	0.23975498284368374	0.3806378661034536	0.3815026955260279	
-3.958000000000025	0.2417895818049164	0.38694902843771606	0.38898061474357165	
-3.9270000000000254	0.24385458273436583	0.3924591069309927	0.3974608962710739	
-3.8960000000000257	0.24595023842324953	0.39803150196055365	0.4060723909253053	
-3.865000000000026	0.2480767964426626	0.40366469455501125	0.4148082830691069	
-3.8340000000000263	0.2502344988357536	0.40935707641949476	0.4236612757551556	
-3.8030000000000266	0.2524235818045516	0.4151069507905604	0.4326236090062244	
-3.772000000000027	0.25464427539165	0.4209125335479014	0.44168708178579735	
-3.741000000000027	0.2568968031569707	0.42677195458622386	0.45084307758814995	
-3.7100000000000275	0.2591813818498522	0.4326832594494589	0.4600825935285908	
-3.679000000000028	0.26149822107672366	0.4386444112282355	0.46939627276598567	
-3.648000000000028	0.26384752296464764	0.4446532927202389	0.47877444004191605	
-3.6170000000000284	0.2662294818210331	0.45070770885174005	0.48820714007489036	
-3.5860000000000287	0.2686442837898426	0.45680538935721254	0.49768417850491437	
-3.555000000000029	0.27109210650463644	0.4629439917125613	0.5071951650444207	
-3.5240000000000293	0.273573118738818	0.4691211043160865	0.5167295584569704	
-3.4930000000000296	0.2760874800534666	0.47533424990990447	0.5262767129560816	
-3.46200000000003	0.27863534044316357	0.481580889233159	0.5358259255937229	
-3.4310000000000302	0.281216839980239	0.48785842489699327	0.5453664841919807	
-3.4000000000000306	0.2838321084578891	0.494164205469921	0.5548877153625709	
-3.369000000000031	0.28648126503263277	0.5004955297609597	0.564379032157432	
-3.338000000000031	0.28916441786659836	0.5068496512866618	0.5738299808996508	
-3.3070000000000315	0.29188166377015223	0.5132237829070341	0.5832302867572672	
-3.2760000000000318	0.29463308784540015	0.5196151016142649	0.5925698976427831	
-3.245000000000032	0.2974187631311135	0.526020753457199	0.6018390260479265	
-3.2140000000000324	0.30023875024964997	0.5324378585836292	0.6110281884557828	
-3.1830000000000327	0.30309309705646037	0.538863516381706	0.6201282420099983	
-3.152000000000033	0.30598183829278713	0.5452948107011135	0.6291304181625279	
-3.1210000000000333	0.30890499524218185	0.5517288151341431	0.6380263530663597	
-3.0900000000000336	0.3118625753914823	0.5581625983363945	0.6468081145268425	
-3.059000000000034	0.3148545720969077	0.5645932293665741	0.6554682253736163	
-3.028000000000034	0.31788096425594364	0.5710177830247336	0.6639996831637421	
-2.9970000000000345	0.32094171598570287	0.5774333451683009	0.6723959761744717	
-2.966000000000035	0.32403677630846034	0.5838370179854053	0.6806510956903171	
-2.935000000000035	0.32716607884507076	0.5902259252052791	0.6838047174726817	
-2.9040000000000354	0.33032954151698896	0.5965972172259322	0.6868768442175357	
-2.8730000000000357	0.33352706625761797	0.6029480761398479	0.6899151926324776	
-2.842000000000036	0.3367585387337196	0.6092757206390995	0.6929195981392597	
-2.8110000000000364	0.340023828077625	0.6155774107820887	0.6958899159576366	
-2.7800000000000367	0.3433227866309864	0.6218504526049833	0.6988260207814809	
-2.749000000000037	0.3466552497008121	0.6280922025619317	0.7017278064389108	
-2.7180000000000373	0.35002103532852613	0.6345859539903124	0.7045951855375302	
-2.6870000000000376	0.35341994407279165	0.6426682575384637	0.707428089095882	
-2.656000000000038	0.3568517588068303	0.6506747391635145	0.7102264661622057	
-2.625000000000038	0.3603162445309657	0.6585999875296947	0.7129902834215793	
-2.5940000000000385	0.36381314820110644	0.6664388323796644	0.7157195247925127	
-2.563000000000039	0.3901234858696633	0.6741863556929403	0.718414191014044	
-2.532000000000039	0.4821054496772075	0.6818379013529458	0.7210742992243695	
-2.5010000000000394	0.5688510519635782	0.6893890833055548	0.7236998825320193	
-2.4700000000000397	0.6392152379669285	0.6968357922059083	0.7262909895805681	
-2.43900000000004	0.6882509964559258	0.7041742005636215	0.7288476841078428	
-2.4080000000000403	0.6939923070599116	0.72265404869374	0.7313700445005661	
-2.3770000000000406	0.6996758634794259	0.7338581633453456	0.743009546746776	
-2.346000000000041	0.7052999822365537	0.7363121469768876	0.7550987086444612	
-2.3150000000000412	0.7108630684673172	0.7387321150242863	0.7621193623249055	
-2.2840000000000416	0.716363616738198	0.7411181999562082	0.766143566306464	
-2.253000000000042	0.7218002116111183	0.7457521399917162	0.7684329480519256	
-2.222000000000042	0.7271715279625882	0.7522493671914582	0.7697298179810486	
-2.1910000000000425	0.7324763310636891	0.758617970666086	0.7704626762554823	
-2.1600000000000428	0.7377134764284562	0.7648566630097964	0.7708762445984391	
-2.129000000000043	0.742881909439029	0.7709644175305194	0.7711094496659259	
-2.0980000000000434	0.7479806647566631	0.7712408930842451	0.7769404604358957	
-2.0670000000000437	0.7530088655283248	0.7713149614390733	0.7827842623260721	
-2.036000000000044	0.7579657223991471	0.7713566931557045	0.7884955290838537	
-2.0050000000000443	0.7610958532441309	0.7713802038700299	0.7940741922514502	
-1.9740000000000446	0.7631528938193369	0.7713934486960289	0.7995203989809556	
-1.943000000000045	0.765178226857195	0.7724016227457663	0.8048345016429114	
-1.9120000000000452	0.7671721039964737	0.7770669159064321	0.8100170471738984	
-1.8810000000000455	0.7691347840144885	0.7816581840916544	0.8150687662401974	
-1.8500000000000458	0.7710665324241508	0.7861751327182371	0.8199905622902267	
-1.8190000000000461	0.7714095661791398	0.7906175432911504	0.8247835005638138	
-1.7880000000000464	0.7714099894433231	0.7949852712706906	0.8294487971214517	
-1.7570000000000467	0.7714102278770578	0.7992782438489918	0.8339878079516343	
-1.726000000000047	0.7714103621918019	0.8034964576472606	0.8384020182092103	
-1.6950000000000474	0.7714104378541067	0.8076399763448652	0.8426930316325192	
-1.6640000000000477	0.7714104804762598	0.8117089282511054	0.846862560181939	
-1.633000000000048	0.7714105044862047	0.8157035038301621	0.8509124139374314	
-1.6020000000000483	0.7714105180115054	0.8196239531893401	0.8548444912877576	
-1.5710000000000486	0.7714105256305879	0.8234705835403212	0.858660769439313	
-1.5400000000000489	0.7714105299225751	0.8272437566427085	0.8623632952680029	
-1.5090000000000492	0.7714105323403405	0.8309438862386869	0.8659541765332984	
-1.4780000000000495	0.771410533702318	0.834571435487155	0.869435573469574	
-1.4470000000000498	0.7714105344695481	0.8381269144051996	0.8728096907660721	
-1.41600000000005	0.7714105349017448	0.841610877324285	0.8760787699433484	
-1.3850000000000504	0.7714105351452101	0.8450239203680371	0.879245082130858	
-1.3540000000000507	0.7714105352823591	0.8483666789579939	0.882310921247419	
-1.323000000000051	0.7714105353596181	0.8516398253532015	0.8852785975836583	
-1.2920000000000513	0.7714105354031396	0.8548440662290361	0.8881504317831832	
-1.2610000000000516	0.7714105354276561	0.8579801403001465	0.890928749217127	
-1.230000000000052	0.771410535441467	0.8610488159919348	0.8936158747448826	
-1.1990000000000522	0.7714105354492468	0.864050889164528	0.8962141278522477	
-1.1680000000000526	0.7714105354536293	0.8669871808927407	0.8987258181568377	
-1.1370000000000529	0.7714105354560982	0.8698585353050952	0.9011532412694855	
-1.1060000000000532	0.7714105354574888	0.872665817484545	0.9034986749994052	
-1.0750000000000535	0.7714105354582722	0.8754099114331471	0.9057643758901381	
-1.0440000000000538	0.7714105354587136	0.8780917181025477	0.9079525760727222	
-1.013000000000054	0.7714105354589622	0.8807121534917823	0.9100654804220956	
-0.9820000000000544	0.7714105354591021	0.8832721468135494	0.912105264002465	
-0.9510000000000547	0.771410535459181	0.8857726387297943	0.9140740697872118	
-0.920000000000055	0.7714105354592256	0.8882145796571422	0.9155924679903877	
-0.8890000000000553	0.7714105354592505	0.8905989281424309	0.9163023666716291	
-0.8580000000000556	0.7714105354592646	0.8929266493083418	0.9169806019182064	
-0.8270000000000559	0.7714105354592726	0.8951987133688806	0.9176285343333427	
-0.7960000000000562	0.7714105354592771	0.8974160942142423	0.9182474706601531	
-0.7650000000000565	0.7714105354592795	0.8995797680643899	0.9188386654973848	
-0.7340000000000568	0.771410535459281	0.9016907121904983	0.9194033230000633	
-0.7030000000000571	0.7714105354592818	0.9037499037032417	0.9199425985606777	
-0.6720000000000574	0.7714105354592823	0.9057583184067637	0.920457600467098	
-0.6410000000000577	0.7714105354592825	0.9077169297170314	0.9209493915339491	
-0.610000000000058	0.7714105354592827	0.9096267076431634	0.9214189907046291	
-0.5790000000000584	0.7714105354592827	0.9114886178302154	0.9218673746216011	
-0.5480000000000587	0.7714105354592828	0.9133036206618301	0.922295479162971	
-0.517000000000059	0.7714105354592828	0.9150726704210743	0.9227042009437312	
-0.4860000000000593	0.7714105354592828	0.916796714507733	0.923094398780356	
-0.4550000000000596	0.7714105354592828	0.9184766927102791	0.9234668951177416	
-0.4240000000000599	0.7714105354592828	0.9201135365306982	0.9238224774177242	
-0.3930000000000602	0.7714105354592828	0.9217081685603221	0.9241618995086625	
-0.3620000000000605	0.7714105354592828	0.9232615019048068	0.9244858828957575	
-0.3310000000000608	0.7714105354592828	0.924774439656376	0.9247951180319883	
-0.3000000000000611	0.7714105354592828	0.9250902655496859	0.9262478744114562	
-0.2690000000000614	0.7714105354592828	0.9253719574529263	0.9276826878318314	
-0.23800000000006172	0.7714105354592828	0.9256407982710424	0.9290797502474523	
-0.20700000000006202	0.7714105354592828	0.9258973661736666	0.9304399202990637	
-0.17600000000006233	0.7714105354592828	0.9261422140478094	0.931764044618825	
-0.14500000000006263	0.7714105354592828	0.9263758705375668	0.9330529575471329	
-0.11400000000006294	0.7714105354592828	0.926598841047111	0.9343074808838858	
-0.08300000000006325	0.7714105354592828	0.9268116087076852	0.9355284236724638	
-0.05200000000006355	0.7714105354592828	0.9270146353093685	0.9367165820147351	
-0.021000000000063856	0.7714105354592828	0.9272083621984185	0.9378727389154451	
0.009999999999935838	0.7714105354592828	0.92739321114103	0.9389976641543826	
0.04099999999993553	0.7714105354592828	0.927569585154375	0.9400921141847655	
0.07199999999993523	0.7714105354592828	0.9277378693058076	0.9411568320563352	
0.10299999999993492	0.7714105354592828	0.9278984314811276	0.9421925473616956	
0.13399999999993462	0.7714105354592828	0.9280516231228105	0.9431999762044792	
0.1649999999999343	0.7714105354592828	0.9281977799391075	0.9441798211879795	
0.195999999999934	0.7714105354592828	0.9283372225849243	0.9451327714229278	
0.2269999999999337	0.7714105354592828	0.9284702573153839	0.9460595025531511	
0.2579999999999334	0.7714105354592828	0.9285971766129624	0.9469606767978933	
0.2889999999999331	0.7714105354592828	0.9287182597890934	0.9478369430096317	
0.3199999999999328	0.7714105354592828	0.9288337735611094	0.9486889367462709	
0.3509999999999325	0.7714105354592828	0.928943972605382	0.9495172803566408	
0.38199999999993217	0.7714105354592828	0.9290491000875085	0.95032258307828	
0.41299999999993187	0.7714105354592828	0.9291493881703716	0.9511054411465237	
0.44399999999993156	0.7714105354592828	0.9292450585008835	0.9518664379139684	
0.47499999999993125	0.7714105354592828	0.9293363226762063	0.9526061439794274	
0.505999999999931	0.7714105354592828	0.9294233826902214	0.9533251173255332	
0.5369999999999306	0.7740356661096152	0.9295064313610002	0.9540239034641883	
0.5679999999999303	0.7773686610812937	0.9295856527400052	0.9547030355891066	
0.59899999999993	0.7806681542971117	0.929661222503736	0.9553630347347256	
0.6299999999999297	0.7839339807910162	0.9297333083285081	0.9560044099408107	
0.6609999999999294	0.7871659926353779	0.9298020702490326	0.9566276584221098	
0.6919999999999291	0.7903640586972284	0.9298676610014445	0.957233265742452	
0.7229999999999288	0.793528064382201	0.9299302263514079	0.9578217059927188	
0.7539999999999285	0.7966579113669199	0.9299899054079019	0.9583934419721534	
0.7849999999999282	0.7997535173205761	0.9300468309232738	0.9589489253724981	
0.8159999999999279	0.8028148156164301	0.9301011295801238	0.959488596964492	
0.8469999999999276	0.8058417550339759	0.9301529222655684	0.9597617732430688	
0.8779999999999273	0.8088342994524884	0.9302023243334048	0.9599642100603973	
0.908999999999927	0.8117924275366796	0.9302494458546864	0.9601587025581302	
0.9399999999999267	0.8147161324151669	0.9302943918571956	0.9603455589921244	
0.9709999999999264	0.8176054213524571	0.9303372625542827	0.9605250759288976	
1.001999999999926	0.8204603154151274	0.930378153563524	0.960697538667781	
1.0329999999999258	0.8232808491328792	0.930417156115635	0.9608632216494889	
1.0639999999999254	0.8260670701551213	0.9304543572540509	0.9610223888514061	
1.0949999999999251	0.8288190389037244	0.9304898400255834	0.9611752941698987	
1.1259999999999248	0.8315368282225741	0.9305236836625328	0.9613221817899626	
1.1569999999999245	0.8342205230245278	0.9305559637566292	0.9614632865425221	
1.1879999999999242	0.8368702199363682	0.9305867524251558	0.9615988342496924	
1.218999999999924	0.8394860269423229	0.9306161184695974	0.9617290420583259	
1.2499999999999236	0.842068063026703	0.930644127527139	0.961854118762153	
1.2809999999999233	0.844616457816191	0.9306708422153288	0.9619742651128352	
1.311999999999923	0.8471313512222904	0.9306963222702073	0.9620896741202387	
1.3429999999999227	0.8496128930844299	0.9307206246781873	0.9622005313422414	
1.3739999999999224	0.852061242814187	0.9307438038019655	0.9623070151643741	
1.404999999999922	0.8544765690410873	0.9307659115007263	0.9624092970696028	
1.4359999999999218	0.8568590492604007	0.9307869972448918	0.9625075418985445	
1.4669999999999215	0.8592088694833458	0.9308071082256625	0.9626019081004136	
1.4979999999999212	0.8613320594840461	0.9308262894595782	0.9626925479749816	
1.5289999999999218	0.8615626187800246	0.9308445838883239	0.9627796079058372	
1.5599999999999206	0.8617883163649426	0.9308620324739904	0.9628632285852197	
1.5909999999999194	0.8620092518279524	0.9308786742899959	0.9629435452306978	
1.62199999999992	0.8622255228422689	0.9308945466078624	0.9630206877939594	
1.6529999999999205	0.8624372251967194	0.9309096849800317	0.9630947811619689	
1.6839999999999193	0.8626444528270102	0.930924123318901	0.9631659453507482	
1.7149999999999181	0.8628472978467003	0.9309378939722481	0.9632342956920246	
1.7459999999999187	0.8630458505778715	0.9309510277952088	0.963299943012986	
1.7769999999999193	0.8632401995814905	0.9309635542189605	0.9633629938093808	
1.8079999999999181	0.8634304316874525	0.9309755013162648	0.9634235504121853	
1.838999999999917	0.8636166320243038	0.930986895864008	0.9634817111480627	
1.8699999999999175	0.8637988840486334	0.9309977634028753	0.9635375704938294	
1.900999999999918	0.8639772695741316	0.9310081282942936	0.9635912192251362	
1.931999999999917	0.8641518688003105	0.9310180137747586	0.9636427445595674	
1.9629999999999157	0.8643227603408796	0.9310274420076741	0.9636922302943549	
1.9939999999999163	0.8644900212517781	0.9310364341328091	0.9637397569388996	
2.024999999999917	0.8646537270588542	0.931045010313486	0.9637854018422839	
2.0559999999999157	0.8648139517851963	0.9310531897816016	0.9638292393159533	
2.0869999999999145	0.8649707679781058	0.9310609908805788	0.9638713407517456	
2.117999999999915	0.8651242467357185	0.9310684311063449	0.9639117747354295	
2.1489999999999156	0.8652744577332642	0.9310755271464262	0.9639506071559213	
2.1799999999999145	0.8654214692489712	0.9310822949172447	0.9639879013103344	
2.2109999999999133	0.8655653481896105	0.9310887495996979	0.9640237180050123	
2.241999999999914	0.8657061601156808	0.9310949056731037	0.9640581156526983	
2.2729999999999144	0.8658439692662346	0.9311007769475808	0.964091150365976	
2.3039999999999132	0.8659788385833455	0.9311063765949391	0.9641228760471272	
2.334999999999912	0.8661108297362157	0.9311117171781491	0.9641533444745316	
2.3659999999999126	0.8662400031449288	0.9311168106794513	0.9641826053857442	
2.396999999999913	0.8663664180038431	0.9311216685271726	0.9642107065573676	
2.427999999999912	0.8664901323046325	0.9311263016213062	0.9642376938818462	
2.458999999999911	0.8666112028589722	0.9311307203579133	0.9642636114412889	
2.4899999999999114	0.8667296853208732	0.9311349346523986	0.9642885015784409	
2.520999999999912	0.8668456342086674	0.9311389539617142	0.9643124049649057	
2.551999999999911	0.8669591029266447	0.9311427873055388	0.9643353606667224	
2.5829999999999096	0.8670701437863445	0.9311464432864798	0.9643574062074015	
2.61399999999991	0.8671788080275051	0.9311499301093439	0.9643785776285105	
2.6449999999999108	0.8672851458386722	0.9311532555995199	0.9643989095479059	
2.6759999999999096	0.8673892063774701	0.9311564272205101	0.9644184352157	
2.7069999999999084	0.867491037790538	0.9311594520906562	0.9644371865680492	
2.737999999999909	0.8675906872331356	0.9311623369990908	0.9644551942788454	
2.7689999999999095	0.8676882008884177	0.9317090421119284	0.9644724878093933	
2.7999999999999083	0.8677836239863871	0.9329012062529021	0.9644890954561485	
2.830999999999907	0.8678770008225211	0.9340728722413322	0.9645050443965917	
2.8619999999999077	0.8679683747760825	0.9352243297086912	0.9645203607333103	
2.8929999999999083	0.8680577883281139	0.9363558665413223	0.964535069536357	
2.923999999999907	0.8681452830791195	0.9374677687936427	0.9645491948839509	
2.954999999999906	0.86823089976644	0.9385603206059703	0.9645627599015846	
2.9859999999999065	0.8683146782813208	0.9396338041268524	0.9645757867996013	
3.016999999999907	0.8683966576856815	0.9406884994397839	0.9645882969092977	
3.047999999999906	0.8684768762285853	0.9417246844941926	0.9646003107176118	
3.0789999999999047	0.868555371362417	0.942742635040575	0.9646118479004501	
3.1099999999999053	0.8686321797587689	0.9437426245696667	0.964622927354707	
3.140999999999906	0.868707337324043	0.9447249242555287	0.9646335672290265	
3.1719999999999047	0.8687808792147677	0.9456898029024341	0.9646437849533552	
3.2029999999999035	0.8688528398526386	0.94663752689544	0.964653597267335	
3.233999999999904	0.8689232529392836	0.9475683601545319	0.964663020247578	
3.2649999999999046	0.8689921514707559	0.948482564092223	0.9646720693338701	
3.2959999999999035	0.8690595677517616	0.9493803975745018	0.9646807593543426	
3.3269999999999023	0.8691255334096228	0.9502621168850154	0.9646891045496533	
3.357999999999903	0.8691900794079827	0.9511279756923774	0.9646971185962158	
3.3889999999999034	0.8692532360602518	0.9519782250204969	0.9647048146285133	
3.4199999999999022	0.8693150330428072	0.9528131132218197	0.9647122052605346	
3.450999999999901	0.8693754994079393	0.9536328859533801	0.964719302606363	
3.4819999999999016	0.8694346635965569	0.9544377861555574	0.964726118299955	
3.512999999999902	0.8694925534506504	0.9552280540334414	0.9647326635141401	
3.543999999999901	0.8695491962255193	0.9560039270407051	0.9647389489788687	
3.5749999999999	0.869604618601767	0.9567656398658887	0.9647449849987414	
3.6059999999999004	0.8696588466970641	0.9575134244210013	0.9647507814698472	
3.636999999999901	0.8697119060776892	0.9582475098323454	0.9647563478959351	
3.6679999999999	0.8697638217698447	0.9589681224334776	0.9647616934039495	
3.6989999999998986	0.8698146182707573	0.9596754857602127	0.9647668267589499	
3.729999999999899	0.869864319559561	0.9603698205475877	0.964771756378443	
3.7609999999998998	0.8699129491079706	0.9610513447287002	0.9647764903461474	
3.7919999999998986	0.8699605298907472	0.9617202734353403	0.9647810364252154	
3.8229999999998974	0.87000708439596	0.9623768190003323	0.9647854020709309	
3.853999999999898	0.8700526346350458	0.9630211909615144	0.9647895944429066	
3.8849999999998985	0.8700972021526736	0.9636535960672732	0.9647936204167991	
3.9159999999998973	0.8701408080364141	0.9642742382835656	0.964797486595559	
3.946999999999896	0.8701834729262182	0.9648011993202376	0.964883318802352	
3.9779999999998967	0.8702252170237096	0.9648047646803668	0.9654810360513733	
4.008999999999897	0.8702660601012925	0.9648081885239256	0.9660675857052017	
4.039999999999896	0.8703060215110802	0.9648114764669155	0.9666431606975046	
4.070999999999895	0.870345120193644	0.9648146339025543	0.9672079512344505	
4.1019999999998955	0.8703833746865894	0.9648176660101082	0.9677621448092023	
4.132999999999896	0.8704208031329617	0.9648205777633727	0.9683059262174336	
4.163999999999895	0.8704574232894814	0.9648233739388183	0.9688394775738123	
4.194999999999894	0.8704932525346168	0.9648260591234145	0.9693629783293942	
4.225999999999894	0.8705283078764936	0.9648286377221423	0.9698766052898746	
4.256999999999895	0.8705626059606453	0.9648311139652115	0.9703805326346429	
4.287999999999894	0.8705961630776077	0.9648334919149891	0.9708749319365914	
4.3189999999998925	0.8706289951703606	0.9648357754726571	0.9713599721826299	
4.349999999999893	0.8706611178416189	0.9648379683846027	0.971835819794857	
4.380999999999894	0.8706925463609752	0.9648400742485583	0.9723026386523457	
4.4119999999998925	0.8707232956718983	0.9648420965194973	0.9727605901134964	
4.442999999999891	0.8707533803985906	0.9648440385152947	0.9732098330389183	
4.473999999999892	0.8707828148527041	0.9648459034221665	0.9736505238147961	
4.504999999999892	0.8708116130399202	0.9648476942998909	0.9740828163767052	
4.535999999999891	0.8708397886663963	0.9648494140868243	0.974506862233836	
4.56699999999989	0.8708673551450794	0.9648510656047168	0.9749228104935928	
4.597999999999891	0.8708943256018918	0.9648526515633384	0.9753308078865328	
4.628999999999891	0.8709207128817884	0.9648541745649217	0.9757309987916092	
4.65999999999989	0.8709465295546909	0.9648556371084267	0.9761235252616923	
4.690999999999889	0.8709717879213011	0.9648570415936394	0.9765085270493307	
4.721999999999889	0.8709965000187917	0.9648583903251051	0.9768861416327311	
4.75299999999989	0.871020677626383	0.9648596855159075	0.9770893767353724	
4.783999999999889	0.8710443322708031	0.964860929291298	0.9771011861535781	
4.814999999999888	0.8710674752316355	0.9648621236921796	0.9771126446730211	
4.845999999999888	0.8710901175465565	0.964863270678454	0.9771237627110947	
4.876999999999889	0.8711122700164641	0.9648643721322359	0.9771345503764531	
4.907999999999888	0.8711339432105006	0.9648654298609394	0.9771450174781288	
4.938999999999886	0.8711551474709721	0.9648664456002416	0.9771551735343844	
4.969999999999887	0.8711758929181638	0.9648674210169298	0.9771650277813055	
5.0009999999998875	0.8711961894550574	0.9648683577116346	0.9771745891811389	
5.031999999999886	0.8712160467719492	0.964869257221456	0.9771838664303882	
5.062999999999885	0.8712354743509729	0.9648701210224835	0.9771928679676705	
5.093999999999886	0.8712544814705275	0.9648709505322179	0.9772016019813414	
5.124999999999886	0.8712730772096126	0.9648717471118957	0.9772100764168978	
5.155999999999885	0.8712912704520744	0.9648725120687227	0.9772182989841608	
5.186999999999884	0.8713090698907627	0.964873246658018	0.9772262771642484	
5.2179999999998845	0.8713264840315995	0.9648739520852725	0.9772340182163431	
5.248999999999885	0.871343521197565	0.9648746295081274	0.9772415291842601	
5.279999999999884	0.8713601895325971	0.9648752800382727	0.977248816902821	
5.310999999999883	0.8713764970054129	0.9648759047432709	0.9772558880040411	
5.341999999999883	0.8713924514132464	0.9648765046483085	0.9772627489231341	
5.372999999999884	0.87140806038551	0.9648770807378778	0.9772694059043392	
5.403999999999883	0.8714233313873785	0.9648776339573918	0.9772758650065771	
5.4349999999998815	0.8714382717232976	0.9648781652147354	0.9772821321089384	
5.465999999999882	0.8714528885404187	0.9648786753817552	0.9772882129160104	
5.496999999999883	0.8714671888319613	0.9648791652956895	0.9772941129630479	
5.5279999999998815	0.8714811794405056	0.9648796357605416	0.9772998376209895	
5.55899999999988	0.8714948670612134	0.9648800875484	0.977305392101326	
5.589999999999881	0.8715082582449838	0.964880521400704	0.9773107814608278	
5.620999999999881	0.87152135940154	0.9648809380294606	0.9773160106061285	
5.65199999999988	0.8715341768024526	0.9648813381184137	0.977321084298176	
5.682999999999879	0.8715467165840981	0.9648817223241639	0.9773260071565517	
5.71399999999988	0.8715589847505549	0.9648820912772479	0.9773307836636611	
5.74499999999988	0.8715709871764389	0.9648824455831717	0.9773354181688012	
5.775999999999879	0.8715827296096771	0.9648827858234053	0.9773399148921075	
5.806999999999878	0.8715942176742256	0.9648831125563354	0.9773442779283842	
5.837999999999878	0.8716054568727265	0.9648834263181831	0.9773485112508223	
5.868999999999879	0.8716164525891111	0.9648837276238824	0.9773526187146049	
5.899999999999878	0.8716272100911467	0.9648840169679263	0.9773566040604091	
5.930999999999877	0.87163773453293	0.9648842948251778	0.9773604709178023	
5.961999999999877	0.8716480309573261	0.9648845616516484	0.9773642228085387	
5.992999999999878	0.8716581042983581	0.9648848178852476	0.9773678631497572	
6.023999999999877	0.8716679593835436	0.9648850639465009	0.9773713952570873	
6.054999999999875	0.8716776009361831	0.9648853002392397	0.9773748223476589	
6.085999999999876	0.8716870335775987	0.9648855271512642	0.9773781475430279	
6.1169999999998765	0.8716962618293257	0.9648857450549795	0.9773813738720101	
6.147999999999875	0.8717052901152579	0.9648859543080075	0.9773845042734355	
6.178999999999874	0.8717141227637462	0.9648861552537729	0.9773875415988184	
6.209999999999875	0.8717227640096529	0.9648863482220666	0.9773904886149489	
6.240999999999875	0.8717312179963629	0.9648865335295881	0.977393348006409	
6.271999999999874	0.8717394887777514	0.964886711480464	0.9773961223780119	
6.302999999999873	0.8717475803201093	0.9648868823667479	0.9773988142571705	
6.3339999999998735	0.8717554965040283	0.9648870464688988	0.9774014260961958	
6.364999999999874	0.8717632411262446	0.9648872040562424	0.9774039602745261	
6.395999999999873	0.8717708179014454	0.9648873553874122	0.9774064191008911	
6.426999999999872	0.8717782304640339	0.9648875007107747	0.9774088048154119	
6.457999999999872	0.871785482369859	0.9648876402648359	0.9774111195916375	
6.488999999999873	0.871792577097907	0.9648877742786343	0.977413365538522	
6.519999999999872	0.8717995180519573	0.9648879029721149	0.9774155447023438	
6.5509999999998705	0.8718063085622018	0.964888026556492	0.9774176590685657	
6.581999999999871	0.8718129518868317	0.964888145234594	0.977419710563642	
6.612999999999872	0.8718194512135883	0.9648882592011983	0.9774217010567704	
6.6439999999998705	0.8718258096612816	0.9648883686433486	0.9774236323615941	
6.674999999999869	0.8718320302812764	0.9648884737406643	0.97742550623785	
6.70599999999987	0.8718381160589463	0.9648885746656336	0.9774273243929716	
6.73699999999987	0.8718440699150963	0.9648886715838967	0.9774290884836421	
6.767999999999869	0.8718498947073555	0.9648887646545187	0.9774308001173017	
6.798999999999868	0.8718555932315396	0.9648888540302493	0.9774324608536111	
6.829999999999869	0.8718611682229841	0.9648889398577747	0.9774340722058705	
6.860999999999869	0.8718666223578492	0.9648890222779573	0.9774356356423975	
6.891999999999868	0.8718719582543969	0.9648891014260678	0.977437152587863	
6.922999999999867	0.8718771784742394	0.9648891774320063	0.9774386244245881	
6.953999999999867	0.8718822855235626	0.9648892504205163	0.9774400524938026	
6.984999999999868	0.8718872818543213	0.964889320511389	0.9774414380968661	
7.015999999999867	0.8718921698654116	0.9648893878196596	0.9774427824964527	
7.046999999999866	0.8718969519038139	0.9648894524557972	0.9774440869176991	
7.077999999999866	0.871901630265716	0.9648895145258846	0.9774453525493231	
7.108999999999867	0.8719062071976085	0.9648895741317934	0.9774465805447025	
7.139999999999866	0.8719106848973583	0.9648896313713511	0.9774477720229274	
7.170999999999864	0.8719150655152592	0.9648896863385015	0.9774489280698185	
7.201999999999865	0.8719193511550584	0.9648897391234587	0.9774500497389159	
7.2329999999998655	0.871923543874963	0.9648897898128552	0.9774511380524379	
7.263999999999864	0.8719276456886231	0.9648898384898849	0.9774521940022132	
7.294999999999863	0.8719316585660947	0.964889885234438	0.9774532185505826	
7.325999999999864	0.8719355844347817	0.9648899301232337	0.9774542126312763	
7.356999999999864	0.8719394251803576	0.9648899732299454	0.9774551771502636	
7.387999999999863	0.8719431826476666	0.9648900146253215	0.977456112986579	
7.418999999999862	0.8719468586416073	0.9648900543773019	0.9774570209931216	
7.4499999999998625	0.8719504549279946	0.9648900925511293	0.9774579019974329	
7.480999999999863	0.8719539732344059	0.9648901292094563	0.97745875680245	
7.511999999999862	0.871957415251007	0.9648901644124478	0.9774595861872365	
7.542999999999861	0.8719607826313605	0.9648901982178808	0.9774603909076935	
7.573999999999861	0.8719640769932177	0.9648902306812379	0.9774611716972468	
7.604999999999862	0.8719672999192932	0.9648902618558	0.9774619292675154	
7.635999999999861	0.8719704529580223	0.9648902917927313	0.9774626643089598	
7.6669999999998595	0.8719735376243015	0.9648903205411666	0.977463377491511	
7.69799999999986	0.8719765554002152	0.9648903481482887	0.9774640694651807	
7.728999999999861	0.8719795077357444	0.9648903746594075	0.9774647408606533	
7.7599999999998595	0.8719823960494608	0.9648904001180346	0.977465392289861	
7.790999999999858	0.8719852217292078	0.9648904245659538	0.9774660243465401	
7.821999999999859	0.8719879861327633	0.96489044804329	0.9774666376067733	
7.852999999999859	0.8719906905884915	0.9648904705885756	0.9774672326295137	
7.883999999999858	0.8719933363959784	0.9648904922388125	0.9774678099570945	
7.914999999999857	0.8719959248266549	0.9648905130295347	0.977468370115722	
7.945999999999858	0.8719984571244062	0.9648905329948644	0.9774689136159568	
7.976999999999858	0.872000934506167	0.9648905521675701	0.9774694409531777	
8.007999999999857	0.8720033581625058	0.9648905705791186	0.977469952608033	
8.038999999999856	0.8720057292581945	0.9648905882597282	0.9774704490468794	
8.069999999999856	0.8720080489327673	0.9648906052384169	0.9774709307222059	
8.100999999999857	0.8720103183010669	0.9648906215430509	0.9774713980730467	
8.131999999999856	0.8720125384537782	0.9648906372003904	0.977471851525381	
8.162999999999855	0.8720147104579524	0.9648906522361328	0.977472291492521	
8.193999999999855	0.8720168353575176	0.9648906666749557	0.9774727183754889	
8.224999999999856	0.87201891417378	0.9648906805405569	0.9774731325633824	
8.255999999999855	0.8720209479059128	0.9648906938556929	0.9774735344337281	
8.286999999999853	0.8720229375314364	0.9648907066422174	0.977473924352827	
8.317999999999854	0.8720248840066863	0.9648907189211163	0.9774743026760877	
8.348999999999855	0.8720267882672724	0.9648907307125423	0.9774746697483497	
8.379999999999853	0.8720286512285272	0.9648907420358482	0.9774750259041989	
8.410999999999852	0.8720304737859456	0.9648907529096183	0.9774753714682709	
8.441999999999853	0.8720322568156135	0.9648907633516992	0.9774757067555482	
8.472999999999853	0.8720340011746289	0.9648907733792288	0.9774760320716467	
8.503999999999852	0.872035707701513	0.964890783008665	0.977476347713094	
8.534999999999851	0.8720373772166116	0.9648907922558122	0.9774766539676001	
8.565999999999852	0.8720390105224902	0.964890801135847	0.9774769511143191	
8.596999999999852	0.872040608404318	0.9648908096633438	0.9774772394241037	
8.627999999999851	0.8720421716302446	0.9648908178522989	0.9774775191597528	
8.65899999999985	0.8720437009517696	0.9648908257161517	0.9774777905762496	
8.68999999999985	0.8720451971041024	0.9648908332678093	0.9774780539209954	
8.72099999999985	0.8720466608065156	0.9648908405196654	0.9774783094340339	
8.75199999999985	0.8720480927626895	0.9648908474836226	0.9774785573482706	
8.782999999999848	0.8720494936610501	0.9648908541711102	0.9774787978896851	
8.813999999999849	0.8720508641751002	0.9648908605931042	0.9774790312775367	
8.84499999999985	0.8720522049637428	0.9648908667601446	0.9774792577245648	
8.875999999999848	0.8720535166715953	0.9648908726823531	0.9774794774371816	
8.906999999999847	0.8720547999293017	0.9648908783694495	0.9774796906156618	
8.937999999999848	0.8720560553538337	0.9648908838307679	0.9774798974543238	
8.968999999999848	0.8720572835487874	0.9648908890752717	0.977480098141708	
8.999999999999847	0.8720584851046734	0.9648908941115683	0.9774802928607473	
9.030999999999846	0.8720596605991995	0.9648908989479236	0.9774804817889347	
9.061999999999847	0.8720608105975488	0.9648909035922753	0.9774806650984849	
9.092999999999847	0.8720619356526512	0.9648909080522459	0.9774808429564913	
9.123999999999846	0.8720630363054479	0.9648909123351552	0.9774810155250785	
9.154999999999845	0.8720641130851525	0.9648909164480329	0.977481182961549	
9.185999999999845	0.8720651665095044	0.9648909203976292	0.9774813454185279	
9.216999999999846	0.8720661970850174	0.9648909241904261	0.9774815030441019	
9.247999999999845	0.872067205307223	0.9648909278326487	0.9774816559819529	
9.278999999999844	0.8720681916609092	0.964890931330275	0.9774818043714903	
9.309999999999844	0.8720691566203518	0.9648909346890452	0.977481948347978	
9.340999999999845	0.8720701006495435	0.9648909379144719	0.977482088042657	
9.371999999999844	0.8720710242024167	0.9648909410118491	0.9774822235828651	
9.402999999999842	0.8720719277230604	0.9648909439862601	0.9774823550921538	
9.433999999999843	0.872072811645935	0.9648909468425868	0.9774824826904	
9.464999999999844	0.87207367639608	0.9648909495855172	0.9774826064939155	
9.495999999999842	0.8720745223893185	0.964890952219553	0.9774827266155536	
9.526999999999841	0.8720753500324571	0.9648909547490173	0.9774828431648112	
9.557999999999844	0.8720761597234807	0.964890957178062	0.9774829562479287	
9.588999999999842	0.8720769518517453	0.9648909595106732	0.9774830659679871	
9.619999999999841	0.8720777267981629	0.9648909617506796	0.9774831724250023	
9.65099999999984	0.8720784849353858	0.9648909639017578	0.9774832757160151	
9.681999999999839	0.872079226627986	0.9648909659674376	0.9774833759351812	
9.712999999999841	0.8720799522326288	0.9648909679511102	0.9774834731738554	
9.74399999999984	0.8720806620982463	0.9648909698560307	0.9774835675206766	
9.774999999999839	0.872081356566203	0.9648909716853257	0.9774836590616467	
9.805999999999841	0.8720820359704612	0.9648909734419976	0.9774837478802105	
9.83699999999984	0.8720827006377411	0.9648909751289295	0.9774838340573313	
9.867999999999839	0.8720833508876773	0.9648909767488901	0.9774839176715644	
9.898999999999837	0.8720839870329732	0.9648909783045381	0.9774839987991293	
9.929999999999836	0.8720846093795508	0.9648909797984266	0.977484077513978	
9.960999999999839	0.8720852182266979	0.9648909812330079	0.9774841538878639	
9.991999999999837	0.8720858138672116	0.9648909826106361	0.9774842279904066	
10.022999999999836	0.8720863965875396	0.9648909839335723	0.9774842998891548	
10.053999999999839	0.8720869666679173	0.9648909852039881	0.9774843696496486	
10.084999999999837	0.8720875243825027	0.964890986423968	0.9774844373354786	
10.115999999999836	0.8720880699995083	0.9648909875955147	0.977484503008345	
10.146999999999835	0.8720886037813297	0.9648909887205509	0.9774845667281123	
10.177999999999834	0.8720891259846718	0.9648909898009231	0.9774846285528657	
10.208999999999836	0.8720896368606728	0.9648909908384046	0.9774846885389614	
10.239999999999835	0.8720901366550236	0.9648909918346977	0.9774847467410811	
10.270999999999834	0.8720906256080875	0.9648909927914381	0.9774848032122796	
10.301999999999836	0.8720911039550144	0.9648909937101958	0.977484858004034	
10.332999999999835	0.8720915719258545	0.9648909945924787	0.9774849111662902	
10.363999999999834	0.8720920297456685	0.964890995439735	0.9774849627475093	
10.394999999999833	0.872092477634636	0.9648909962533552	0.9774850127947109	
10.425999999999831	0.8720929158081617	0.9648909970346744	0.9774850613535163	
10.456999999999834	0.8720933444769783	0.9648909977849754	0.9774851084681899	
10.487999999999833	0.872093763847248	0.9648909985054893	0.9774851541816799	
10.518999999999831	0.8720941741206619	0.9648909991973987	0.9774851985356571	
10.549999999999834	0.8720945754945367	0.9648909998618393	0.977485241570553	
10.580999999999833	0.8720949681619095	0.9648910004999016	0.977485283325597	
10.611999999999831	0.8720953523116306	0.9648910011126327	0.9774853238388514	
10.64299999999983	0.8720957281284547	0.9648910017010383	0.9774853631472471	
10.673999999999829	0.8720960957931289	0.9648910022660842	0.9774854012866157	
10.704999999999831	0.8720964554824806	0.9648910028086979	0.9774854382917244	
10.73599999999983	0.8720968073695016	0.9648910033297696	0.9774854741963056	
10.766999999999829	0.8720971516234322	0.9648910038301547	0.9774855090330887	
10.797999999999831	0.872097488409841	0.9648910043106745	0.97748554283383	
10.82899999999983	0.872097817890707	0.9648910047721176	0.977485575629341	
10.859999999999829	0.8720981402244945	0.9648910052152414	0.9774856074495172	
10.890999999999828	0.872098455566232	0.9648910056407733	0.9774856383233648	
10.921999999999827	0.8720987640675849	0.9648910060494115	0.9774856682790277	
10.952999999999829	0.8720990658769291	0.9648910064418267	0.9774856973438122	
10.983999999999828	0.8720993611394222	0.964891006818663	0.9774857255442129	
11.014999999999826	0.8720996499970739	0.9648910071805388	0.9774857529059366	
11.045999999999829	0.8720999325888132	0.9648910075280481	0.9774857794539252	
11.076999999999828	0.872100209050556	0.9648910078617612	0.9774858052123794	
11.107999999999826	0.8721004795152701	0.9648910081822261	0.9774858302047796	
11.138999999999825	0.8721007441130394	0.9648910084899682	0.977485854453908	
11.169999999999824	0.8721010029711259	0.9648910087854932	0.9774858779818697	
11.200999999999826	0.872101256214032	0.9648910090692857	0.9774859008101121	
11.231999999999825	0.8721015039635587	0.9648910093418117	0.9774859229594444	
11.262999999999824	0.872101746338866	0.9648910096035183	0.9774859444500574	
11.293999999999826	0.8721019834565285	0.9648910098548352	0.9774859653015416	
11.324999999999825	0.872102215430593	0.9648910100961747	0.9774859855329044	
11.355999999999824	0.8721024423726322	0.964891010327933	0.9774860051625882	
11.386999999999823	0.8721026643917985	0.9648910105504905	0.9774860242084867	
11.417999999999822	0.8721028815948774	0.9648910107642126	0.9774860426879618	
11.448999999999824	0.8721030940863375	0.96489101096945	0.9774860606178587	
11.479999999999823	0.8721033019683819	0.9648910111665392	0.9774860780145217	
11.510999999999822	0.8721035053409967	0.9648910113558039	0.9774860948938097	
11.541999999999824	0.8721037043019989	0.9648910115375551	0.9774861112711086	
11.572999999999823	0.8721038989470845	0.9648910117120904	0.9774861271613481	
11.603999999999822	0.872104089369873	0.964891011879697	0.9774861425790128	
11.63499999999982	0.8721042756619539	0.9648910120406493	0.9774861575381575	
11.66599999999982	0.8721044579129297	0.9648910121952118	0.977486172052418	
11.696999999999822	0.8721046362104591	0.9648910123436383	0.9774861861350256	
11.72799999999982	0.8721048106403001	0.9648910124861723	0.9774861997988176	
11.75899999999982	0.8721049812863497	0.9648910126230476	0.977486213056249	
11.789999999999822	0.8721051482306859	0.9648910127544889	0.9774862259194056	
11.82099999999982	0.8721053115536058	0.964891012880712	0.9774862384000125	
11.85199999999982	0.8721054713336648	0.964891013001924	0.9774862505094472	
11.882999999999818	0.8721056276477146	0.9648910131183238	0.977486262258748	
11.913999999999817	0.8721057805709398	0.9648910132301026	0.9774862736586253	
11.944999999999819	0.8721059301768942	0.9648910133374439	0.9774862847194712	
11.975999999999818	0.8721060765375358	0.9648910134405236	0.977486295451368	
12.006999999999817	0.8721062197232621	0.964891013539511	0.9774863058640989	
12.037999999999819	0.8721063598029437	0.9648910136345688	0.9774863159671558	
12.068999999999818	0.8721064968439568	0.9648910137258527	0.9774863257697484	
12.099999999999817	0.8721066309122167	0.9648910138135125	0.9774863352808126	
12.130999999999815	0.8721067620722084	0.9648910138976923	0.9774863445090182	
12.161999999999814	0.8721068903870185	0.9648910139785302	0.9774863534627775	
12.192999999999817	0.8721070159183649	0.9648910140561587	0.9774863621502525	
12.223999999999815	0.8721071387266269	0.9648910141307055	0.9774863705793626	
12.254999999999814	0.8721072588708743	0.9648910142022926	0.9774863787577913	
12.285999999999817	0.8721073764088948	0.9648910142710377	0.9774863866929943	
12.316999999999815	0.8721074913972237	0.9648910143370538	0.9774863943922044	
12.347999999999814	0.8721076038911687	0.964891014400449	0.9774864018624407	
12.378999999999813	0.8721077139448393	0.9648910144613273	0.9774864091105124	
12.409999999999812	0.87210782161117	0.9648910145197889	0.9774864161430269	
12.440999999999814	0.8721079269419475	0.9648910145759295	0.9774864229663949	
12.471999999999813	0.8721080299878351	0.9648910146298412	0.9774864295868363	
12.502999999999812	0.8721081307983977	0.9648910146816126	0.977486436010386	
12.533999999999814	0.8721082294221238	0.9648910147313288	0.9774864422428996	
12.564999999999813	0.8721083259064515	0.9648910147790712	0.9774864482900587	
12.595999999999812	0.872108420297789	0.9648910148249183	0.9774864541573756	
12.62699999999981	0.8721085126415381	0.9648910148689451	0.9774864598501987	
12.65799999999981	0.8721086029821157	0.9648910149112242	0.9774864653737176	
12.688999999999812	0.8721086913629752	0.9648910149518247	0.9774864707329672	
12.71999999999981	0.8721087778266272	0.9648910149908134	0.9774864759328332	
12.75099999999981	0.872108862414661	0.9648910150282544	0.9774864809780555	
12.781999999999812	0.8721089451677627	0.9648910150642087	0.977486485873233	
12.81299999999981	0.8721090261257366	0.9648910150987358	0.9774864906228281	
12.84399999999981	0.8721091053275228	0.9648910151318922	0.9774864952311704	
12.874999999999808	0.8721091828112179	0.9648910151637322	0.9774864997024609	
12.905999999999807	0.8721092586140906	0.9648910151943082	0.9774865040407754	
12.93699999999981	0.8721093327726026	0.9648910152236702	0.9774865082500688	
12.967999999999808	0.8721094053224238	0.9648910152518667	0.9774865123341779	
12.998999999999807	0.8721094762984503	0.9648910152789436	0.9774865162968258	
13.02999999999981	0.8721095457348218	0.9648910153049457	0.9774865201416247	
13.060999999999808	0.8721096136649374	0.9648910153299154	0.9774865238720796	
13.091999999999807	0.8721096801214709	0.964891015353894	0.9774865274915908	
13.122999999999806	0.8721097451363885	0.9648910153769205	0.9774865310034581	
13.153999999999805	0.8721098087409618	0.9648910153990328	0.9774865344108823	
13.184999999999807	0.8721098709657851	0.9648910154202673	0.9774865377169701	
13.215999999999806	0.8721099318407882	0.9648910154406588	0.9774865409247349	
13.246999999999804	0.8721099913952521	0.9648910154602408	0.9774865440371009	
13.277999999999807	0.8721100496578229	0.9648910154790453	0.9774865470569053	
13.308999999999806	0.8721101066565248	0.9648910154971033	0.9774865499869009	
13.339999999999804	0.8721101624187741	0.9648910155144446	0.9774865528297585	
13.370999999999803	0.8721102169713927	0.9648910155310971	0.9774865555880696	
13.401999999999802	0.8721102703406205	0.9648910155470887	0.9774865582643488	
13.432999999999804	0.8721103225521281	0.9648910155624453	0.9774865608610355	
13.463999999999803	0.8721103736310295	0.9648910155771925	0.9774865633804968	
13.494999999999802	0.8721104236018937	0.964891015591354	0.9774865658250295	
13.525999999999804	0.8721104724887571	0.9648910156049533	0.9774865681968619	
13.556999999999803	0.8721105203151339	0.9648910156180128	0.9774865704981561	
13.587999999999802	0.8721105671040292	0.9648910156305538	0.9774865727310099	
13.6189999999998	0.8721106128779484	0.9648910156425969	0.9774865748974587	
13.6499999999998	0.8721106576589092	0.9648910156541618	0.9774865769994774	
13.680999999999802	0.872110701468451	0.9648910156652678	0.9774865790389822	
13.7119999999998	0.8721107443276467	0.9648910156759326	0.9774865810178321	
13.7429999999998	0.8721107862571115	0.9648910156861743	0.9774865829378312	
13.773999999999802	0.8721108272770137	0.9648910156960092	0.9774865848007297	
13.8049999999998	0.8721108674070843	0.9648910157054538	0.9774865866082255	
13.8359999999998	0.8721109066666256	0.9648910157145233	0.9774865883619664	
13.866999999999798	0.8721109450745221	0.9648910157232329	0.9774865900635514	
13.897999999999797	0.8721109826492479	0.9648910157315965	0.9774865917145311	
13.9289999999998	0.8721110194088768	0.9648910157396283	0.9774865933164107	
13.959999999999798	0.8721110553710901	0.964891015747341	0.9774865948706506	
13.990999999999797	0.8721110905531861	0.9648910157547478	0.9774865963786675	
14.0219999999998	0.8721111249720874	0.9648910157618603	0.977486597841836	
14.052999999999798	0.8721111586443497	0.9648910157686906	0.97748659926149	
14.083999999999797	0.8721111915861698	0.9648910157752496	0.9774866006389232	
14.114999999999796	0.8721112238133925	0.9648910157815485	0.9774866019753919	
14.145999999999795	0.8721112553415197	0.964891015787597	0.9774866032721141	
14.176999999999797	0.8721112861857162	0.9648910157934054	0.9774866045302717	
14.207999999999796	0.8721113163608187	0.9648910157989833	0.9774866057510119	
14.238999999999795	0.8721113458813412	0.9648910158043398	0.9774866069354472	
14.269999999999797	0.8721113747614835	0.9648910158094837	0.9774866080846575	
14.300999999999796	0.8721114030151371	0.9648910158144233	0.9774866091996902	
14.331999999999795	0.8721114306558923	0.9648910158191667	0.9774866102815621	
14.362999999999793	0.8721114576970442	0.9648910158237218	0.9774866113312589	
14.393999999999792	0.8721114841516	0.9648910158280962	0.977486612349738	
14.424999999999795	0.8721115100322845	0.9648910158322968	0.9774866133379274	
14.455999999999793	0.8721115353515464	0.9648910158363306	0.9774866142967282	
14.486999999999792	0.8721115601215645	0.9648910158402044	0.9774866152270142	
14.517999999999795	0.8721115843542535	0.9648910158439244	0.9774866161296338	
14.548999999999793	0.8721116080612693	0.9648910158474967	0.9774866170054092	
14.579999999999792	0.8721116312540153	0.9648910158509271	0.9774866178551392	
14.610999999999791	0.8721116539436472	0.9648910158542214	0.9774866186795983	
14.64199999999979	0.8721116761410791	0.964891015857385	0.977486619479538	
14.672999999999792	0.8721116978569878	0.9648910158604228	0.9774866202556876	
14.703999999999791	0.8721117191018194	0.96489101586334	0.9774866210087544	
14.73499999999979	0.8721117398857923	0.9648910158661416	0.9774866217394249	
14.765999999999792	0.872111760218904	0.964891015868832	0.9774866224483656	
14.796999999999791	0.8721117801109348	0.9648910158714152	0.9774866231362224	
14.82799999999979	0.8721117995714529	0.9648910158738961	0.9774866238036222	
14.858999999999789	0.8721118186098192	0.9648910158762786	0.9774866244511736	
14.889999999999787	0.8721118372351911	0.9648910158785665	0.9774866250794668	
14.92099999999979	0.8721118554565276	0.9648910158807634	0.9774866256890746	
14.951999999999789	0.8721118732825933	0.9648910158828732	0.9774866262805529	
14.982999999999787	0.8721118907219627	0.9648910158848992	0.9774866268544404	
15.01399999999979	0.8721119077830244	0.9648910158868448	0.9774866274112608	
15.044999999999789	0.8721119244739846	0.9648910158887131	0.9774866279515211	
15.075999999999787	0.8721119408028722	0.9648910158905073	0.9774866284757141	
15.106999999999786	0.8721119567775414	0.9648910158922303	0.9774866289843177	
15.137999999999785	0.872111972405676	0.9648910158938847	0.9774866294777955	
15.168999999999787	0.8721119876947934	0.9648910158954737	0.9774866299565972	
15.199999999999786	0.8721120026522478	0.9648910158969993	0.9774866304211595	
15.230999999999785	0.8721120172852338	0.9648910158984646	0.9774866308719055	
15.261999999999787	0.87211203160079	0.9648910158998717	0.9774866313092465	
15.292999999999786	0.8721120456058027	0.9648910159012228	0.9774866317335809	
15.323999999999785	0.8721120593070076	0.9648910159025202	0.9774866321452956	
15.354999999999784	0.872112072710996	0.9648910159037664	0.9774866325447661	
15.385999999999783	0.8721120858242148	0.964891015904963	0.9774866329323563	
15.416999999999785	0.8721120986529719	0.9648910159061119	0.9774866333084193	
15.447999999999784	0.8721121112034377	0.9648910159072154	0.9774866336732985	
15.478999999999782	0.8721121234816493	0.9648910159082751	0.9774866340273262	
15.509999999999785	0.8721121354935127	0.9648910159092926	0.977486634370825	
15.540999999999784	0.8721121472448056	0.9648910159102698	0.9774866347041083	
15.571999999999782	0.8721121587411804	0.9648910159112081	0.9774866350274797	
15.602999999999781	0.8721121699881673	0.9648910159121091	0.977486635341234	
15.63399999999978	0.8721121809911759	0.9648910159129745	0.9774866356456573	
15.664999999999782	0.8721121917554989	0.9648910159138055	0.977486635941027	
15.695999999999781	0.872112202286314	0.9648910159146036	0.9774866362276126	
15.72699999999978	0.8721122125886867	0.9648910159153699	0.9774866365056749	
15.757999999999782	0.8721122226675723	0.9648910159161057	0.9774866367754678	
15.788999999999781	0.872112232527819	0.9648910159168124	0.9774866370372369	
15.81999999999978	0.8721122421741696	0.964891015917491	0.9774866372912213	
15.850999999999779	0.8721122516112645	0.9648910159181427	0.977486637537652	
15.881999999999778	0.8721122608436426	0.9648910159187685	0.9774866377767538	
15.91299999999978	0.8721122698757446	0.9648910159193695	0.9774866380087449	
15.943999999999779	0.8721122787119157	0.9648910159199465	0.9774866382338365	
15.974999999999778	0.8721122873564054	0.9648910159205009	0.9774866384522339	
16.00599999999978	0.8721122958133726	0.9648910159210331	0.9774866386641362	
16.03699999999978	0.8721123040868844	0.964891015921544	0.9774866388697366	
16.067999999999778	0.872112312180921	0.9648910159220349	0.9774866390692224	
16.098999999999776	0.8721123200993756	0.9648910159225061	0.9774866392627755	
16.129999999999775	0.8721123278460569	0.9648910159229586	0.9774866394505722	
16.160999999999778	0.8721123354246912	0.9648910159233933	0.9774866396327839	
16.191999999999776	0.8721123428389239	0.9648910159238107	0.9774866398095767	
16.222999999999775	0.8721123500923214	0.9648910159242114	0.9774866399811115	
16.253999999999778	0.8721123571883727	0.9648910159245964	0.9774866401475452	
16.284999999999776	0.8721123641304909	0.9648910159249661	0.9774866403090289	
16.315999999999775	0.8721123709220152	0.9648910159253209	0.9774866404657102	
16.346999999999774	0.8721123775662125	0.9648910159256616	0.9774866406177317	
16.377999999999773	0.8721123840662788	0.9648910159259889	0.9774866407652322	
16.408999999999775	0.8721123904253408	0.9648910159263033	0.977486640908346	
16.439999999999774	0.8721123966464569	0.9648910159266051	0.9774866410472035	
16.470999999999773	0.8721124027326198	0.964891015926895	0.9774866411819315	
16.501999999999775	0.8721124086867569	0.9648910159271734	0.9774866413126527	
16.532999999999774	0.8721124145117323	0.9648910159274406	0.9774866414394862	
16.563999999999773	0.8721124202103476	0.9648910159276974	0.9774866415625478	
16.59499999999977	0.8721124257853444	0.9648910159279438	0.9774866416819495	
16.62599999999977	0.872112431239404	0.9648910159281804	0.9774866417978002	
16.656999999999773	0.8721124365751499	0.9648910159284078	0.9774866419102053	
16.68799999999977	0.8721124417951486	0.9648910159286261	0.9774866420192676	
16.71899999999977	0.8721124469019109	0.9648910159288357	0.9774866421250864	
16.749999999999773	0.8721124518978935	0.964891015929037	0.9774866422277583	
16.78099999999977	0.8721124567854993	0.9648910159292304	0.9774866423273766	
16.81199999999977	0.8721124615670794	0.964891015929416	0.9774866424240323	
16.84299999999977	0.8721124662449339	0.9648910159295943	0.9774866425178136	
16.873999999999768	0.8721124708213125	0.9648910159297654	0.9774866426088055	
16.90499999999977	0.8721124752984168	0.9648910159299298	0.9774866426970915	
16.93599999999977	0.8721124796784002	0.9648910159300876	0.9774866427827519	
16.966999999999768	0.8721124839633698	0.9648910159302393	0.9774866428658647	
16.99799999999977	0.8721124881553864	0.9648910159303847	0.9774866429465058	
17.02899999999977	0.8721124922564665	0.9648910159305246	0.9774866430247486	
17.059999999999768	0.8721124962685827	0.964891015930659	0.9774866431006645	
17.090999999999767	0.872112500193665	0.9648910159307877	0.9774866431743225	
17.121999999999765	0.8721125040336012	0.9648910159309116	0.9774866432457902	
17.152999999999768	0.8721125077902389	0.9648910159310304	0.9774866433151322	
17.183999999999767	0.8721125114653842	0.9648910159311446	0.9774866433824122	
17.214999999999765	0.8721125150608057	0.9648910159312541	0.9774866434476911	
17.245999999999768	0.8721125185782324	0.9648910159313596	0.9774866435110287	
17.276999999999767	0.8721125220193564	0.9648910159314606	0.9774866435724825	
17.307999999999765	0.8721125253858328	0.9648910159315578	0.9774866436321088	
17.338999999999764	0.872112528679281	0.9648910159316508	0.9774866436899617	
17.369999999999763	0.872112531901285	0.9648910159317405	0.9774866437460942	
17.400999999999765	0.8721125350533948	0.9648910159318266	0.9774866438005573	
17.431999999999764	0.8721125381371267	0.964891015931909	0.9774866438534007	
17.462999999999763	0.8721125411539637	0.9648910159319882	0.9774866439046725	
17.493999999999765	0.8721125441053573	0.9648910159320645	0.9774866439544194	
17.524999999999764	0.872112546992727	0.9648910159321377	0.9774866440026869	
17.555999999999763	0.8721125498174616	0.9648910159322077	0.977486644049519	
17.58699999999976	0.8721125525809196	0.9648910159322752	0.9774866440949582	
17.61799999999976	0.8721125552844307	0.96489101593234	0.977486644139046	
17.648999999999763	0.872112557929295	0.9648910159324021	0.9774866441818227	
17.67999999999976	0.872112560516785	0.9648910159324617	0.9774866442233272	
17.71099999999976	0.872112563048145	0.9648910159325191	0.9774866442635975	
17.741999999999763	0.8721125655245927	0.9648910159325742	0.9774866443026701	
17.77299999999976	0.8721125679473196	0.9648910159326272	0.9774866443405804	
17.80399999999976	0.8721125703174906	0.9648910159326779	0.9774866443773635	
17.83499999999976	0.872112572636246	0.9648910159327265	0.9774866444130528	
17.865999999999758	0.8721125749047012	0.9648910159327736	0.9774866444476804	
17.89699999999976	0.8721125771239472	0.9648910159328186	0.9774866444812784	
17.92799999999976	0.8721125792950517	0.9648910159328616	0.9774866445138772	
17.958999999999758	0.8721125814190588	0.9648910159329032	0.9774866445455065	
17.98999999999976	0.8721125834969904	0.9648910159329429	0.9774866445761949	
18.02099999999976	0.8721125855298457	0.9648910159329811	0.9774866446059708	
18.051999999999758	0.8721125875186029	0.9648910159330178	0.9774866446348612	
18.082999999999757	0.8721125894642183	0.9648910159330532	0.9774866446628924	
18.113999999999756	0.872112591367628	0.964891015933087	0.97748664469009	
18.144999999999758	0.8721125932297473	0.9648910159331195	0.9774866447164785	
18.175999999999757	0.8721125950514721	0.9648910159331509	0.9774866447420825	
18.206999999999756	0.8721125968336785	0.9648910159331807	0.9774866447669249	
18.237999999999758	0.872112598577224	0.9648910159332096	0.9774866447910285	
18.268999999999757	0.8721126002829471	0.9648910159332372	0.9774866448144153	
18.299999999999756	0.8721126019516684	0.9648910159332637	0.9774866448371065	
18.330999999999754	0.8721126035841904	0.9648910159332892	0.977486644859123	
18.361999999999753	0.8721126051812985	0.9648910159333138	0.9774866448804845	
18.392999999999756	0.8721126067437608	0.9648910159333374	0.9774866449012108	
18.423999999999754	0.8721126082723291	0.9648910159333599	0.9774866449213209	
18.454999999999753	0.8721126097677382	0.9648910159333816	0.9774866449408327	
18.485999999999756	0.8721126112307079	0.9648910159334024	0.9774866449597643	
18.516999999999754	0.8721126126619417	0.9648910159334224	0.9774866449781329	
18.547999999999753	0.872112614062128	0.9648910159334416	0.9774866449959553	
18.578999999999752	0.8721126154319405	0.96489101593346	0.9774866450132474	
18.60999999999975	0.8721126167720379	0.9648910159334778	0.9774866450300254	
18.640999999999753	0.8721126180830647	0.9648910159334947	0.9774866450463043	
18.671999999999752	0.8721126193656519	0.9648910159335111	0.9774866450620993	
18.70299999999975	0.8721126206204161	0.9648910159335268	0.9774866450774244	
18.733999999999753	0.8721126218479608	0.9648910159335418	0.9774866450922939	
18.764999999999752	0.8721126230488768	0.9648910159335563	0.977486645106721	
18.79599999999975	0.8721126242237416	0.9648910159335701	0.977486645120719	
18.82699999999975	0.8721126253731203	0.9648910159335835	0.9774866451343007	
18.85799999999975	0.8721126264975657	0.9648910159335964	0.9774866451474787	
18.88899999999975	0.8721126275976189	0.9648910159336087	0.9774866451602645	
18.91999999999975	0.8721126286738087	0.9648910159336205	0.9774866451726703	
18.95099999999975	0.872112629726653	0.9648910159336318	0.977486645184707	
18.98199999999975	0.8721126307566582	0.9648910159336426	0.9774866451963858	
19.01299999999975	0.8721126317643196	0.9648910159336531	0.9774866452077173	
19.04399999999975	0.8721126327501224	0.9648910159336631	0.9774866452187119	
19.074999999999747	0.87211263371454	0.9648910159336729	0.9774866452293792	
19.105999999999746	0.8721126346580368	0.9648910159336822	0.9774866452397295	
19.136999999999748	0.8721126355810666	0.964891015933691	0.9774866452497719	
19.167999999999747	0.8721126364840731	0.9648910159336995	0.9774866452595156	
19.198999999999746	0.8721126373674911	0.9648910159337077	0.9774866452689697	
19.229999999999748	0.8721126382317452	0.9648910159337155	0.9774866452781424	
19.260999999999747	0.8721126390772511	0.9648910159337232	0.9774866452870425	
19.291999999999746	0.8721126399044158	0.9648910159337305	0.9774866452956777	
19.322999999999745	0.872112640713637	0.9648910159337374	0.9774866453040563	
19.353999999999743	0.872112641505304	0.964891015933744	0.9774866453121858	
19.384999999999746	0.8721126422797973	0.9648910159337506	0.9774866453200732	
19.415999999999745	0.8721126430374898	0.9648910159337567	0.9774866453277262	
19.446999999999743	0.8721126437787458	0.9648910159337627	0.9774866453351515	
19.477999999999746	0.872112644503922	0.9648910159337684	0.9774866453423561	
19.508999999999745	0.872112645213367	0.9648910159337737	0.9774866453493464	
19.539999999999743	0.8721126459074222	0.9648910159337791	0.9774866453561288	
19.570999999999742	0.8721126465864213	0.9648910159337841	0.9774866453627095	
19.60199999999974	0.8721126472506912	0.964891015933789	0.9774866453690947	
19.632999999999743	0.8721126479005511	0.9648910159337937	0.9774866453752897	
19.663999999999742	0.8721126485363138	0.9648910159337981	0.9774866453813006	
19.69499999999974	0.872112649158285	0.9648910159338024	0.9774866453871327	
19.725999999999743	0.872112649766764	0.9648910159338066	0.9774866453927913	
19.756999999999742	0.8721126503620432	0.9648910159338104	0.9774866453982817	
19.78799999999974	0.8721126509444093	0.9648910159338142	0.9774866454036086	
19.81899999999974	0.8721126515141422	0.9648910159338179	0.9774866454087774	
19.84999999999974	0.8721126520715159	0.9648910159338214	0.9774866454137923	
19.88099999999974	0.8721126526167988	0.9648910159338249	0.9774866454186582	
19.91199999999974	0.8721126531502528	0.964891015933828	0.9774866454233793	
19.94299999999974	0.8721126536721348	0.9648910159338312	0.9774866454279598	
19.97399999999974	0.8721126541826958	0.9648910159338342	0.9774866454324044	
20.00499999999974	0.8721126546821812	0.964891015933837	0.9774866454367166	
20.03599999999974	0.8721126551708314	0.9648910159338397	0.9774866454409007	
20.066999999999737	0.8721126556488814	0.9648910159338424	0.9774866454449602	
20.097999999999736	0.8721126561165613	0.9648910159338447	0.9774866454488992	
20.12899999999974	0.8721126565740956	0.9648910159338472	0.9774866454527209	
20.159999999999737	0.872112657021705	0.9648910159338496	0.9774866454564289	
20.190999999999736	0.8721126574596043	0.9648910159338518	0.9774866454600267	
20.22199999999974	0.8721126578880045	0.9648910159338541	0.9774866454635175	
20.252999999999737	0.8721126583071114	0.9648910159338562	0.9774866454669044	
20.283999999999736	0.8721126587171267	0.9648910159338581	0.9774866454701907	
20.314999999999735	0.8721126591182478	0.9648910159338598	0.977486645473379	
20.345999999999734	0.8721126595106673	0.9648910159338617	0.9774866454764728	
20.376999999999736	0.8721126598945741	0.9648910159338636	0.9774866454794746	
20.407999999999735	0.872112660270153	0.9648910159338653	0.977486645482387	
20.438999999999734	0.8721126606375845	0.964891015933867	0.9774866454852127	
20.469999999999736	0.8721126609970454	0.9648910159338685	0.9774866454879544	
20.500999999999735	0.8721126613487087	0.9648910159338699	0.9774866454906147	
20.531999999999734	0.8721126616927432	0.9648910159338715	0.9774866454931959	
20.562999999999732	0.8721126620293148	0.9648910159338727	0.9774866454957002	
20.59399999999973	0.8721126623585852	0.964891015933874	0.97748664549813	
20.624999999999734	0.8721126626807127	0.9648910159338754	0.9774866455004875	
20.655999999999732	0.8721126629958524	0.9648910159338765	0.9774866455027751	
20.68699999999973	0.8721126633041559	0.9648910159338778	0.9774866455049945	
20.717999999999734	0.8721126636057714	0.9648910159338789	0.977486645507148	
20.748999999999732	0.8721126639008441	0.96489101593388	0.9774866455092375	
20.77999999999973	0.8721126641895158	0.9648910159338809	0.9774866455112645	
20.81099999999973	0.8721126644719253	0.964891015933882	0.9774866455132316	
20.84199999999973	0.8721126647482087	0.964891015933883	0.9774866455151401	
20.87299999999973	0.8721126650184987	0.9648910159338839	0.9774866455169917	
20.90399999999973	0.8721126652829253	0.9648910159338847	0.9774866455187884	
20.93499999999973	0.8721126655416158	0.9648910159338856	0.9774866455205315	
20.96599999999973	0.8721126657946945	0.9648910159338864	0.9774866455222231	
20.99699999999973	0.8721126660422833	0.9648910159338872	0.9774866455238641	
21.02799999999973	0.8721126662845012	0.964891015933888	0.9774866455254564	
21.058999999999727	0.8721126665214647	0.9648910159338886	0.9774866455270012	
21.089999999999726	0.8721126667532879	0.9648910159338894	0.9774866455285002	
21.12099999999973	0.872112666980082	0.9648910159338902	0.9774866455299547	
21.151999999999727	0.8721126672019566	0.9648910159338907	0.9774866455313658	
21.182999999999726	0.8721126674190178	0.9648910159338913	0.9774866455327349	
21.21399999999973	0.8721126676313705	0.9648910159338919	0.9774866455340634	
21.244999999999727	0.8721126678391167	0.9648910159338925	0.9774866455353522	
21.275999999999726	0.8721126680423563	0.9648910159338929	0.9774866455366029	
21.306999999999725	0.8721126682411869	0.9648910159338935	0.9774866455378163	
21.337999999999724	0.8721126684357045	0.964891015933894	0.9774866455389937	
21.368999999999726	0.8721126686260025	0.9648910159338946	0.977486645540136	
21.399999999999725	0.8721126688121722	0.9648910159338949	0.9774866455412443	
21.430999999999724	0.8721126689943035	0.9648910159338954	0.9774866455423197	
21.461999999999726	0.872112669172484	0.9648910159338959	0.9774866455433631	
21.492999999999725	0.872112669346799	0.9648910159338963	0.9774866455443754	
21.523999999999724	0.8721126695173328	0.9648910159338966	0.9774866455453578	
21.554999999999723	0.8721126696841671	0.964891015933897	0.9774866455463106	
21.58599999999972	0.8721126698473824	0.9648910159338974	0.9774866455472355	
21.616999999999724	0.8721126700070571	0.9648910159338977	0.9774866455481326	
21.647999999999723	0.872112670163268	0.9648910159338981	0.9774866455490031	
21.67899999999972	0.8721126703160901	0.9648910159338983	0.9774866455498478	
21.709999999999724	0.8721126704655973	0.9648910159338987	0.9774866455506673	
21.740999999999723	0.872112670611861	0.964891015933899	0.9774866455514624	
21.77199999999972	0.8721126707549521	0.9648910159338993	0.9774866455522339	
21.80299999999972	0.872112670894939	0.9648910159338996	0.9774866455529824	
21.83399999999972	0.8721126710318894	0.9648910159338998	0.9774866455537087	
21.86499999999972	0.8721126711658688	0.9648910159339	0.9774866455544133	
21.89599999999972	0.8721126712969418	0.9648910159339004	0.9774866455550971	
21.92699999999972	0.8721126714251715	0.9648910159339006	0.9774866455557606	
21.95799999999972	0.8721126715506196	0.9648910159339007	0.9774866455564042	
21.98899999999972	0.8721126716733463	0.9648910159339009	0.9774866455570288	
22.01999999999972	0.8721126717934107	0.9648910159339011	0.9774866455576348	
22.050999999999718	0.8721126719108706	0.9648910159339013	0.9774866455582226	
22.081999999999717	0.8721126720257824	0.9648910159339015	0.9774866455587929	
22.11299999999972	0.8721126721382014	0.9648910159339017	0.9774866455593465	
22.143999999999718	0.8721126722481819	0.9648910159339018	0.9774866455598835	
22.174999999999716	0.8721126723557765	0.964891015933902	0.9774866455604047	
22.20599999999972	0.8721126724610372	0.9648910159339023	0.9774866455609103	
22.236999999999718	0.8721126725640144	0.9648910159339024	0.9774866455614006	
22.267999999999716	0.8721126726647577	0.9648910159339026	0.9774866455618765	
22.298999999999715	0.8721126727633156	0.9648910159339026	0.9774866455623384	
22.329999999999714	0.8721126728597356	0.9648910159339028	0.9774866455627864	
22.360999999999716	0.8721126729540639	0.9648910159339029	0.9774866455632211	
22.391999999999715	0.872112673046346	0.9648910159339031	0.977486645563643	
22.422999999999714	0.8721126731366263	0.9648910159339031	0.9774866455640522	
22.453999999999716	0.872112673224948	0.9648910159339034	0.9774866455644492	
22.484999999999715	0.8721126733113539	0.9648910159339034	0.9774866455648346	
22.515999999999714	0.8721126733958854	0.9648910159339035	0.9774866455652083	
22.546999999999713	0.8721126734785831	0.9648910159339037	0.9774866455655709	
22.57799999999971	0.8721126735594871	0.9648910159339037	0.9774866455659228	
22.608999999999714	0.8721126736386358	0.9648910159339039	0.9774866455662643	
22.639999999999713	0.8721126737160675	0.9648910159339039	0.9774866455665955	
22.67099999999971	0.8721126737918196	0.9648910159339041	0.9774866455669169	
22.701999999999714	0.8721126738659285	0.9648910159339041	0.9774866455672289	
22.732999999999713	0.8721126739384296	0.9648910159339041	0.9774866455675316	
22.76399999999971	0.8721126740093582	0.9648910159339043	0.9774866455678252	
22.79499999999971	0.8721126740787479	0.9648910159339043	0.97748664556811	
22.82599999999971	0.8721126741466324	0.9648910159339045	0.9774866455683864	
22.85699999999971	0.8721126742130445	0.9648910159339045	0.9774866455686544	
22.88799999999971	0.8721126742780156	0.9648910159339045	0.9774866455689147	
22.91899999999971	0.8721126743415777	0.9648910159339047	0.9774866455691672	
22.94999999999971	0.8721126744037606	0.9648910159339047	0.9774866455694121	
22.98099999999971	0.8721126744645948	0.9648910159339047	0.9774866455696497	
23.01199999999971	0.8721126745241092	0.9648910159339048	0.9774866455698805	
23.042999999999708	0.8721126745823325	0.9648910159339048	0.9774866455701042	
23.073999999999707	0.872112674639293	0.9648910159339048	0.9774866455703212	
23.10499999999971	0.8721126746950177	0.964891015933905	0.9774866455705318	
23.135999999999708	0.8721126747495338	0.964891015933905	0.9774866455707363	
23.166999999999707	0.872112674802867	0.964891015933905	0.9774866455709345	
23.19799999999971	0.8721126748550435	0.964891015933905	0.977486645571127	
23.228999999999708	0.872112674906088	0.9648910159339052	0.9774866455713136	
23.259999999999707	0.8721126749560253	0.9648910159339052	0.9774866455714948	
23.290999999999705	0.8721126750048793	0.9648910159339052	0.9774866455716704	
23.321999999999704	0.8721126750526733	0.9648910159339052	0.977486645571841	
23.352999999999707	0.8721126750994308	0.9648910159339052	0.9774866455720064	
23.383999999999705	0.8721126751451739	0.9648910159339054	0.9774866455721669	
23.414999999999704	0.8721126751899247	0.9648910159339054	0.9774866455723227	
23.445999999999707	0.8721126752337047	0.9648910159339054	0.9774866455724738	
23.476999999999705	0.8721126752765349	0.9648910159339054	0.9774866455726202	
23.507999999999704	0.8721126753184362	0.9648910159339054	0.9774866455727625	
23.538999999999703	0.8721126753594285	0.9648910159339054	0.9774866455729005	
23.569999999999702	0.8721126753995315	0.9648910159339054	0.9774866455730347	
23.600999999999704	0.8721126754387646	0.9648910159339056	0.9774866455731644	
23.631999999999703	0.8721126754771465	0.9648910159339056	0.9774866455732906	
23.662999999999702	0.872112675514696	0.9648910159339056	0.9774866455734128	
23.693999999999704	0.8721126755514308	0.9648910159339056	0.9774866455735315	
23.724999999999703	0.8721126755873687	0.9648910159339056	0.9774866455736467	
23.755999999999702	0.8721126756225271	0.9648910159339056	0.9774866455737584	
23.7869999999997	0.8721126756569227	0.9648910159339056	0.9774866455738669	
23.8179999999997	0.8721126756905724	0.9648910159339056	0.977486645573972	
23.8489999999997	0.8721126757234918	0.9648910159339058	0.977486645574074	
23.8799999999997	0.8721126757556974	0.9648910159339058	0.9774866455741732	
23.9109999999997	0.8721126757872042	0.9648910159339058	0.9774866455742691	
23.9419999999997	0.8721126758180276	0.9648910159339058	0.9774866455743625	
23.9729999999997	0.8721126758481823	0.9648910159339058	0.9774866455744528	
24.0039999999997	0.8721126758776828	0.9648910159339058	0.9774866455745406	
24.034999999999698	0.8721126759065434	0.9648910159339058	0.9774866455746258	
24.065999999999697	0.8721126759347781	0.9648910159339058	0.9774866455747083	
24.0969999999997	0.8721126759624003	0.9648910159339058	0.9774866455747886	
24.127999999999698	0.8721126759894231	0.9648910159339058	0.9774866455748664	
24.158999999999697	0.8721126760158597	0.9648910159339058	0.9774866455749417	
24.1899999999997	0.8721126760417229	0.9648910159339058	0.977486645575015	
24.220999999999698	0.872112676067025	0.9648910159339058	0.9774866455750859	
24.251999999999697	0.8721126760917783	0.9648910159339059	0.9774866455751549	
24.282999999999696	0.8721126761159946	0.9648910159339059	0.9774866455752218	
24.313999999999695	0.8721126761396856	0.9648910159339059	0.9774866455752866	
24.344999999999697	0.8721126761628627	0.9648910159339059	0.9774866455753496	
24.375999999999696	0.872112676185537	0.9648910159339059	0.9774866455754108	
24.406999999999694	0.8721126762077194	0.9648910159339059	0.97748664557547	
24.437999999999697	0.8721126762294206	0.9648910159339059	0.9774866455755276	
24.468999999999696	0.8721126762506511	0.9648910159339059	0.9774866455755832	
