x	lowy	mediany	highy
0.0	0.19997420405972371	0.27428176361409384	0.28477017840143587	
0.0007199999999999999	0.20111890331466994	0.27506813589078905	0.28614194883727506	
0.0014399999999999999	0.2022793282277915	0.2758577677104024	0.28752251087384995	
0.0021599999999999996	0.20345564114758047	0.2766506632844271	0.28891186963470894	
0.0028799999999999997	0.20464800444013231	0.2774468267264538	0.2903100292969593	
0.0036	0.20585658042884272	0.2782462620510962	0.2917169930784109	
0.004319999999999999	0.20708153133226015	0.27904897317291555	0.2931327632248093	
0.005039999999999999	0.2083230192000769	0.2798549639053458	0.2945573409971646	
0.0057599999999999995	0.20958120584724224	0.28066423795961765	0.29599072665918247	
0.00648	0.21085625278618367	0.2814767989436826	0.2974329194648061	
0.0072	0.2121483211571222	0.2822926503611375	0.2988839176458732	
0.00792	0.21345757165647125	0.2831117956101486	0.3003437183998984	
0.008639999999999998	0.21478416446330728	0.2839342379823769	0.30181231787798624	
0.009359999999999999	0.21612825916390555	0.2847599806619027	0.3032897111728827	
0.010079999999999999	0.21749001467433296	0.2855890267241521	0.3047758923071727	
0.010799999999999999	0.21886958916109378	0.28642137913482335	0.30627085422163036	
0.011519999999999999	0.22026713995982528	0.28725704074881464	0.30777458876373043	
0.01224	0.2216828234920422	0.2880960143091532	0.3092870866763282	
0.01296	0.22311679517993221	0.28893830244592533	0.31080833758651444	
0.01368	0.2245692093592039	0.2897839076752076	0.3123383299946543	
0.0144	0.22604021918999595	0.290632832398001	0.3138770512636172	
0.015119999999999998	0.22752997656585308	0.2914850788991652	0.3154244876082053	
0.01584	0.22903863202078112	0.292340649346356	0.31698062408478833	
0.01656	0.23056633463439397	0.2931995457889646	0.3185454445811533	
0.017279999999999997	0.2321132319351688	0.29406177015705903	0.3201189318065746	
0.018	0.23367946980182805	0.2949273242603282	0.32170106728211556	
0.018719999999999997	0.2352651923628699	0.2957962097870288	0.32329183133116607	
0.01944	0.2368705418942726	0.29666842830293483	0.3248912030702259	
0.020159999999999997	0.23849565871539957	0.29754398125029036	0.3264991603999411	
0.02088	0.24014068108313702	0.2984228699467655	0.32811567999640046	
0.021599999999999998	0.24180574508429764	0.2993050955844153	0.32974073730270115	
0.02232	0.2434909845263286	0.30019065922864363	0.33137430652078975	
0.023039999999999998	0.24519653082636458	0.3010795618171691	0.3330163606035872	
0.023759999999999996	0.24692251289866995	0.30262236756775884	0.3346668712474056	
0.02448	0.24866905704051917	0.3047906849834903	0.33632580888466335	
0.025199999999999997	0.2504362868165662	0.3069784864793823	0.33799314267690694	
0.02592	0.2522243229417594	0.30918577691284715	0.33966884050814733	
0.026639999999999997	0.25403328316286056	0.3114125566358842	0.34135286897851663	
0.02736	0.2558632821386318	0.3136588214146787	0.34304519339825457	
0.028079999999999997	0.25771443131875726	0.3159245623503041	0.3447457777820306	
0.0288	0.2595868388215711	0.31820976580062216	0.346454584843609	
0.029519999999999998	0.26148060931066675	0.3205144133034781	0.348171575990865	
0.030239999999999996	0.2633958438704672	0.32283848150128747	0.3498967113211571	
0.030959999999999998	0.2653326398808393	0.3251819420671139	0.3516299496170649	
0.03168	0.2672910908908408	0.3275447616323367	0.35337124834249706	
0.0324	0.2692712864916901	0.3299269017160086	0.3551205636391774	
0.03312	0.2712733121890574	0.33232831865600565	0.3568778503235148	
0.033839999999999995	0.2732972492747759	0.3347489635420692	0.3586430618838645	
0.034559999999999994	0.2753431746980772	0.33718878215084336	0.3604161504781852	
0.03528	0.2774111609364618	0.33964771488300943	0.36219706693210024	
0.036	0.27950127586631596	0.34212569670262005	0.3639857607373672	
0.036719999999999996	0.28161358263339237	0.3446226570787354	0.36578218005076246	
0.037439999999999994	0.28374813952327693	0.347138519929464	0.3675862716933862	
0.03816	0.28590499983196627	0.34967320356850895	0.36939798115039335	
0.03888	0.2880842117366859	0.3522266206543224	0.37121725257115534	
0.039599999999999996	0.2902858181670826	0.3547986781419685	0.37304402876985887	
0.040319999999999995	0.2925098566769283	0.35738927723779434	0.37487825122654517	
0.04103999999999999	0.29475635931647726	0.3599983133570076	0.37671986008859537	
0.04176	0.2970253525056208	0.36262567608426016	0.3785687941726659	
0.04248	0.2993168569079888	0.36527124913733194	0.3804249909670792	
0.043199999999999995	0.3016308873061506	0.36793491033401104	0.3822883866346722	
0.043919999999999994	0.30396745247806967	0.3706165315622627	0.38415891601610747	
0.04464	0.3063265550749711	0.3733159787537782	0.3860365126336509	
0.04536	0.3087081915007851	0.37603311186099253	0.3879211086954179	
0.046079999999999996	0.3111123517933291	0.3787677848376576	0.3898126351000925	
0.046799999999999994	0.3135390195073973	0.3815198456230548	0.3917110214421213	
0.04751999999999999	0.3159881715999266	0.38428913612992793	0.3936161960173858	
0.04824	0.3184597783174119	0.3870754922362162	0.39552808582935395	
0.04896	0.32095380308574434	0.3898787437806606	0.3974466165957147	
0.049679999999999995	0.3234702024026488	0.3926987145623579	0.39937171275549554	
0.05039999999999999	0.32600892573289764	0.39553522234432814	0.4013032974766662	
0.05112	0.3285699154064806	0.3983880788611636	0.40324129266422815	
0.05184	0.3311531065199094	0.4012570898308173	0.4051856189687917	
0.052559999999999996	0.3337584268408392	0.4041420549705897	0.40713619579564153	
0.053279999999999994	0.3363857967161859	0.4070427680173661	0.40909294131428975	
0.05399999999999999	0.33903512898392274	0.4099590167521525	0.4110557724685177	
0.05472	0.34348659427439915	0.412890583028954	0.41302460498690624	
0.055439999999999996	0.34452445884016925	0.4149993533938515	0.415837242808035	
0.056159999999999995	0.3471139141442746	0.41697993102106984	0.4187987661935954	
0.05687999999999999	0.3498500713164562	0.4189662500195852	0.42177491747589113	
0.0576	0.3526076396298168	0.42095822137220235	0.4247654551778243	
0.05832	0.35538648524506045	0.4229557549064599	0.4277701321060204	
0.059039999999999995	0.3581864663145908	0.42495875930806465	0.43078869540640663	
0.059759999999999994	0.36100743293015447	0.42696714213480114	0.43382088662429874	
0.06047999999999999	0.3638492270757403	0.42898080983091674	0.436866441768998	
0.0612	0.36671168258589815	0.43099966774197707	0.4399250913828959	
0.061919999999999996	0.3695946251096354	0.4330236201301884	0.4429965606150747	
0.06264	0.3724978720800468	0.4350525701901847	0.44608056929939116	
0.06336	0.3754212326898258	0.43708642006527293	0.449176832037019	
0.06408	0.37836450787280396	0.43912507086413444	0.45228505828342574	
0.0648	0.38132749029165575	0.4411684226779755	0.455404952439746	
0.06552	0.3843099643319028	0.4432163745981232	0.4585362139485169	
0.06624	0.3873117061023445	0.4452688247340609	0.4616785373937239	
0.06695999999999999	0.39033248344203386	0.4473256702318976	0.46483161260510947	
0.06767999999999999	0.3933720559339127	0.45209968208926227	0.46799512476668415	
0.06839999999999999	0.3964301749252109	0.45813838144925334	0.47116875452937496	
0.06911999999999999	0.3995065835547062	0.46414908189251686	0.47435217812774333	
0.06984	0.4026010167869361	0.4701270075695553	0.47754506750069264	
0.07056	0.40571320145343887	0.47606748883360006	0.48074709041608504	
0.07128	0.40884285630109835	0.48196597629715426	0.4839579105991784	
0.072	0.4119896920476525	0.4871771878647886	0.4878180540793662	
0.07271999999999999	0.41515341144441903	0.4904045782530769	0.49361945216767855	
0.07343999999999999	0.4183337093462808	0.49363973416885715	0.49936605782708254	
0.07415999999999999	0.4215302727889629	0.4968823045243116	0.5050539260007134	
0.07487999999999999	0.4247427810736236	0.5001319348849971	0.5106792886562855	
0.07559999999999999	0.42797090585876996	0.5033882676190218	0.5162385630438053	
0.07632	0.4312143112594986	0.506650942049263	0.5217283588409587	
0.07704	0.4344726539540502	0.5099195946084962	0.5271454841733876	
0.07776	0.43774558329765656	0.5131938589972977	0.5324869505075946	
0.07848	0.44103274144364407	0.5164733663445789	0.5377499764243097	
0.07919999999999999	0.4443337634717509	0.5197577453706074	0.5429319902897047	
0.07991999999999999	0.447648277523599	0.5230466225523667	0.5480306318507273	
0.08063999999999999	0.4509759049452518	0.5263396222910969	0.5530437527889738	
0.08135999999999999	0.4543162604367787	0.5296363670818646	0.5553162939525573	
0.08207999999999999	0.45766895220873094	0.5329364776849967	0.5572208311299307	
0.0828	0.46103358214542706	0.5362395732992169	0.5591254334316407	
0.08352	0.4644097459749291	0.5395452717363189	0.5610300274681441	
0.08424	0.4677970334455839	0.5428531895972051	0.5629345398511725	
0.08496	0.471195028508987	0.5461629424491208	0.5648388972050409	
0.08567999999999999	0.47460330950922114	0.5494741450039105	0.5667430261779565	
0.08639999999999999	0.47802144937820357	0.552786411297121	0.5686468534533163	
0.08711999999999999	0.48144901583697053	0.5560993548677737	0.5705503057609951	
0.08783999999999999	0.48488557160271334	0.5594125889386302	0.5724533098886171	
0.08855999999999999	0.4883306746013706	0.562725726596771	0.5743557926928091	
0.08928	0.4917838781855713	0.5660383809743091	0.5762576811104321	
0.09	0.49524473135771185	0.5693501654290588	0.5781589021697837	
0.09072	0.49871277899794275	0.5726606937249809	0.5800593830017753	
0.09144	0.5021875620968286	0.5759695802122242	0.5819590508510706	
0.09215999999999999	0.5056686179924379	0.5792764400065875	0.5838578330871915	
0.09287999999999999	0.5091554806116092	0.5825808891682216	0.5857556572155804	
0.09359999999999999	0.5126476807151354	0.5858825448793982	0.5876524508886188	
0.09431999999999999	0.5161447461465936	0.5891810256211707	0.5895481419165998	
0.09503999999999999	0.5196462020845483	0.5914426582786467	0.5924759513487527	
0.09576	0.5231515712978445	0.5933359281335788	0.5957669436654471	
0.09648	0.526660374403702	0.595227879830718	0.5990536259949539	
0.0972	0.5301721301283167	0.5971184419206335	0.6023356237518962	
0.09792	0.5336863555696715	0.599007543165823	0.6056125645103985	
0.09863999999999999	0.5372025664622511	0.6008951125513232	0.6088840781705591	
0.09935999999999999	0.5407202774433556	0.6027810792952502	0.6121497971226648	
0.10007999999999999	0.5442390023207013	0.6046653728592646	0.6154093564089897	
0.10079999999999999	0.5468895442222987	0.6065479229589574	0.6186623938830368	
0.10151999999999999	0.5490230864663161	0.6084286595741565	0.6219085503660753	
0.10224	0.5511552820749739	0.610307512959146	0.6251474698008361	
0.10296	0.5532860105773081	0.6121844136527999	0.6283787994022297	
0.10368	0.5554151518356614	0.6140592924886241	0.631602189804959	
0.10439999999999999	0.5575425860725891	0.6159320806047055	0.6348172952079004	
0.10511999999999999	0.5596681938975905	0.6178027094535622	0.638023773515135	
0.10583999999999999	0.5617918563336552	0.6196711108118976	0.6412212864735154	
0.10655999999999999	0.5639134548436118	0.6215372167902491	0.6444094998066596	
0.10727999999999999	0.5660328713562642	0.6234009598425324	0.6475880833452687	
0.10799999999999998	0.5681499882923084	0.6252622727754789	0.6507567111536716	
0.10872	0.5702646885900116	0.6271210887579611	0.6539150616525039	
0.10944	0.5723768557306468	0.6289773413302052	0.657062817737438	
0.11016	0.5744863737636705	0.630830964412888	0.6601996668938811	
0.11087999999999999	0.5765931273316298	0.6326818923161157	0.6633253013075714	
0.11159999999999999	0.5786970016947902	0.6345300597482811	0.6664394179710015	
0.11231999999999999	0.5807978827554728	0.6363754018247989	0.6695417187856099	
0.11303999999999999	0.5828956570820898	0.638217854076714	0.6726319106596853	
0.11375999999999999	0.5849902119328676	0.6400573524591837	0.6757097056019327	
0.11447999999999998	0.5870814352792488	0.6418938333598292	0.678774820810661	
0.1152	0.5891692158289623	0.6437272336069552	0.6818269787585534	
0.11592	0.59125344304875	0.6455574904776352	0.6848659072729907	
0.11664	0.5933340071867459	0.6473845417056618	0.6878913396119039	
0.11735999999999999	0.5954107992944921	0.6492083254893584	0.6909030145351348	
0.11807999999999999	0.5974837112485885	0.6510287804992505	0.6939006763712962	
0.11879999999999999	0.5995526357719636	0.652845845885597	0.69688407508012	
0.11951999999999999	0.6016174664547613	0.6546594612857777	0.6980440598209624	
0.12023999999999999	0.6036780977748325	0.6564695668315352	0.6990084835800313	
0.12095999999999998	0.6057344251178279	0.6582761031560717	0.6999373892004854	
0.12167999999999998	0.6077863447968811	0.6600790114009968	0.7008319713042798	
0.1224	0.6098337540718766	0.6618782332231274	0.7016933929517448	
0.12312	0.611876551168296	0.6636737108011356	0.702522785794318	
0.12383999999999999	0.6139146352956357	0.6654653868420455	0.703321250291061	
0.12455999999999999	0.615947906665391	0.6672532045875773	0.7040898559826814	
0.12528	0.6179762665085982	0.6690371078203363	0.704829641817148	
0.126	0.6199996170929325	0.6708170408698475	0.7055416165213569	
0.12672	0.6220178617393555	0.6725929486184341	0.7062267590136552	
0.12744	0.6240309048383059	0.6743647765069379	0.7068860188523732	
0.12816	0.626038651865431	0.6772370532455649	0.7075203167158478	
0.12888	0.6280410093968541	0.680420050812817	0.7081305449097337	
0.1296	0.6300378851239745	0.6835865208654578	0.7087175678977048	
0.13032	0.632029187867795	0.6867361569655255	0.7092822228519404	
0.13104	0.634014827592776	0.6898686605592729	0.7098253202200614	
0.13176	0.6359947154202121	0.6929837410483504	0.7103476443054519	
0.13248	0.6379687636411284	0.6960811158537252	0.7108499538581442	
0.13319999999999999	0.6399368857286956	0.699160510472374	0.7113329826736834	
0.13391999999999998	0.64189899635016	0.7022216585268036	0.7117974401976108	
0.13463999999999998	0.6438550113782906	0.7052643018074568	0.7122440121334104	
0.13535999999999998	0.6458048479023369	0.708288190308076	0.712673361051963	
0.13607999999999998	0.6477484242385009	0.7112930822541017	0.7130861270007339	
0.13679999999999998	0.6496856599399207	0.7134829281110942	0.7142787441241952	
0.13751999999999998	0.6516164758061656	0.7138643612023331	0.71724495066498	
0.13823999999999997	0.6535407938922434	0.7142310023810732	0.7201914848991064	
0.13896	0.6554585375171192	0.7145834076349358	0.7231181381267524	
0.13968	0.6573696312717473	0.7149221134194339	0.7260247099206761	
0.1404	0.6592740010266167	0.7152476372371934	0.7289110081149501	
0.14112	0.6611715739388112	0.7155604782087079	0.7317768487875053	
0.14184	0.6630622784585859	0.7158611176339411	0.7346220562366258	
0.14256	0.664946044335462	0.7161500195441817	0.7374464629515363	
0.14328	0.666822802623842	0.7164276312436431	0.7402499095772326	
0.144	0.6686924856881463	0.7166943838403811	0.7430322448737073	
0.14472	0.6705550272074772	0.7169506927661738	0.7457933256697308	
0.14543999999999999	0.6724103621798073	0.717196958285078	0.7485330168113479	
0.14615999999999998	0.674258426925703	0.7188354979528471	0.7512511911052573	
0.14687999999999998	0.6760991590915796	0.7204787166850252	0.7539477292572432	
0.14759999999999998	0.6779324976524949	0.7221165728447816	0.7566225198058275	
0.14831999999999998	0.679758382914486	0.7237490298375102	0.7592754590513229	
0.14903999999999998	0.6815767565164502	0.7253760517241875	0.7619064509804563	
0.14975999999999998	0.683387561431578	0.7269976032221633	0.7645154071867472	
0.15047999999999997	0.6851907419683384	0.7286136497058009	0.7671022467868139	
0.15119999999999997	0.6869862437710265	0.7302241572069681	0.7696668963327936	
0.15192	0.6887740138198726	0.7318290924153823	0.7722092897210533	
0.15264	0.6905540004307227	0.7334284226788085	0.7747293680973727	
0.15336	0.6923261532542935	0.7350221160031136	0.7772270797587848	
0.15408	0.6940904232750066	0.736610141052176	0.7797023800522476	
0.1548	0.6958467628094092	0.7381924671476555	0.7821552312703332	
0.15552	0.697595125504187	0.7397690642686205	0.7845856025441097	
0.15624	0.6993354663337742	0.7413399030510387	0.7869934697333959	
0.15696	0.7010677415975668	0.7429049547871285	0.7893788153145623	
0.15768	0.7027919089167476	0.7444641914245762	0.7917416282660563	
0.15839999999999999	0.7045079272307262	0.7460175855656185	0.7940819039518221	
0.15911999999999998	0.7062157567932028	0.7475651104659923	0.7963996440027843	
0.15983999999999998	0.7079153591678619	0.7491067400337547	0.7986948561965673	
0.16055999999999998	0.7096066972237021	0.7506424488279732	0.8009675543356102	
0.16127999999999998	0.7112897351300099	0.7521722120572897	0.8032177581238436	
0.16199999999999998	0.7129644383509836	0.7536960055783573	0.8054454930420859	
0.16271999999999998	0.714630773640015	0.7552138058941557	0.8076507902223153	
0.16343999999999997	0.7162887090336362	0.7567255901521829	0.8098336863209701	
0.16415999999999997	0.7179382138451377	0.7582313361425287	0.8119942233914275	
0.16488	0.7195792586578672	0.7597310222958289	0.8141324487558042	
0.1656	0.7212118153182141	0.761224627681104	0.8162484148762242	
0.16632	0.7213284767203589	0.7627121320034832	0.8183421792256899	
0.16704	0.7214018961545653	0.7641935156018176	0.8204138041586884	
0.16776	0.7214723958087067	0.7656687594461817	0.8224633567816696	
0.16848	0.7215400911464475	0.7671378451352671	0.824490908823515	
0.1692	0.7216050931163666	0.7686007548936702	0.8264965365061245	
0.16992	0.7216675083245215	0.7700574715690761	0.8284803204152372	
0.17064	0.7217274392007321	0.7715079786293395	0.8304423453715988	
0.17135999999999998	0.7217849841587881	0.7729522601594659	0.8323827003025875	
0.17207999999999998	0.7218402377507761	0.7743903008584951	0.8343014781144025	
0.17279999999999998	0.7218932908157247	0.7758220860362879	0.8361987755649151	
0.17351999999999998	0.721944230622754	0.7772476016102202	0.8380746931372821	
0.17423999999999998	0.7219931410089169	0.7786668341017842	0.8399293349144101	
0.17495999999999998	0.7220401025119095	0.7800797706331002	0.8417628084543637	
0.17567999999999998	0.7220851924978298	0.7814863989233416	0.8435752246667968	
0.17639999999999997	0.7221284852841525	0.7828867072850731	0.8453666976904923	
0.17711999999999997	0.7221700522580867	0.7842806846205067	0.8471373447720817	
0.17784	0.7222099619904788	0.7856683204176759	0.848887286146019	
0.17856	0.7222482803454159	0.7870496047465307	0.8506166449158762	
0.17928	0.7222850705856824	0.7884245282549565	0.8523255469370236	
0.18	0.7223203934742171	0.7897930821647164	0.8540141207007567	
0.18072	0.7223543073717146	0.7911552582673227	0.8556824972199235	
0.18144	0.7223868683305087	0.7925110489198363	0.8573308099161063	
0.18216	0.7224181301848709	0.7938604470405979	0.8589591945084067	
0.18288	0.7224481446378576	0.7952034461048932	0.8605677889038775	
0.18359999999999999	0.722476961344828	0.7965400401405536	0.8621567330896452	
0.18431999999999998	0.7225046279937573	0.7978702237234934	0.8637261690267596	
0.18503999999999998	0.7225311903824603	0.799193991973189	0.8652762405458053	
0.18575999999999998	0.7225566924928425	0.8005113405480984	0.8668070932443085	
0.18647999999999998	0.7225811765622846	0.8018222656410248	0.8683188743859639	
0.18719999999999998	0.7226046831522722	0.8031267639744266	0.8698117328017115	
0.18791999999999998	0.7226272512143675	0.8044248327956759	0.8712858187926816	
0.18863999999999997	0.7226489181536261	0.8057164698722653	0.8727412840350289	
0.18935999999999997	0.7226697198895543	0.807001673486969	0.8741782814866725	
0.19007999999999997	0.7226896909146979	0.8082804424329565	0.875596965295955	
0.19079999999999997	0.7227088643509526	0.8095527760088627	0.8769974907122327	
0.19152	0.7227272720036816	0.8108186740138164	0.8783800139984034	
0.19224	0.7227449444137247	0.8120781367424285	0.879744692345382	
0.19296	0.7227619109073773	0.8133311649797427	0.8810916837885232	
0.19368	0.7227781996444179	0.8145777599961488	0.8824211471259955	
0.1944	0.7227938376642563	0.8158179235422631	0.8837332418391073	
0.19512	0.7228088509302785	0.8170516578437763	0.885028128014578	
0.19584	0.7228232643724517	0.8182789655962704	0.8863059662687551	
0.19655999999999998	0.7228371019282613	0.819499849960007	0.8875669176737674	
0.19727999999999998	0.7228503865820409	0.8207143145546898	0.8888111436856055	
0.19799999999999998	0.7228631404027577	0.821922363454201	0.8900388060741236	
0.19871999999999998	0.7228753845803132	0.8231240011813155	0.8912500668549471	
0.19943999999999998	0.7228871394604173	0.8243192327023929	0.8924450882232763	
0.20015999999999998	0.7228984245780888	0.8255080634220507	0.8936240324895677	
0.20087999999999998	0.7229092586898376	0.8266904991778191	0.8947870620170828	
0.20159999999999997	0.7229196598045784	0.8278665462347793	0.8959343391612815	
0.20231999999999997	0.7229296452133257	0.8290362112801883	0.8970660262110464	
0.20303999999999997	0.7229392315177176	0.8301995014180903	0.8981822853317157	
0.20375999999999997	0.722948434657413	0.8313564241639164	0.8992832785099064	
0.20448	0.722957269936408	0.8325069874390757	0.9003691675001048	
0.2052	0.7229657520483109	0.8336511995655377	0.9014401137730021	
0.20592	0.7229738951006195	0.8347890692604086	0.9024962784655558	
0.20664	0.7229817126380371	0.8359206056305029	0.9035378223327453	
0.20736	0.7229892176648662	0.8370458181669107	0.9045649057010051	
0.20808	0.722996422666516	0.8381647167395645	0.9055776884233065	
0.20879999999999999	0.7230033396301583	0.8392773115918045	0.9065763298358616	
0.20951999999999998	0.7230099800645633	0.8403836133349454	0.9075609887164241	
0.21023999999999998	0.723016355019152	0.8414836329428457	0.9085318232441628	
0.21095999999999998	0.7230224751022908	0.8425773817464804	0.909488990961075	
0.21167999999999998	0.7230283504988616	0.84366487142852	0.9104326487349178	
0.21239999999999998	0.7230339909871345	0.8447461140179143	0.911362952723625	
0.21311999999999998	0.7230394059549707	0.8458211218844859	0.9122800583411861	
0.21383999999999997	0.7230446044153827	0.8468899077335313	0.9131841202249544	
0.21455999999999997	0.723049595021475	0.8479524846004335	0.9140752922043588	
0.21527999999999997	0.7230543860807939	0.8490088658452862	0.9149537272709899	
0.21599999999999997	0.7230589855691038	0.8500590651475302	0.9158195775500311	
0.21671999999999997	0.7230634011436189	0.8511030965006033	0.9166729942730066	
0.21744	0.7230676401557069	0.8521409742066082	0.9175141277518174	
0.21816	0.7230717096630884	0.8531727128709927	0.918343127354036	
0.21888	0.7230756164415506	0.8541983273972512	0.9191601414794319	
0.2196	0.7230793669961956	0.8552178329816416	0.9199653175376984	
0.22032	0.7230829675722399	0.856231245107924	0.9207588019273534	
0.22104	0.7230864241653856	0.8572385795421186	0.9215407400157839	
0.22175999999999998	0.7230897425317772	0.858239852327286	0.9223112761204078	
0.22247999999999998	0.7230929281975631	0.8592350797783295	0.9230705534909236	
0.22319999999999998	0.723095986468076	0.8602242784768213	0.9238187142926225	
0.22391999999999998	0.7230989224366468	0.8612074652658531	0.9245558995907303	
0.22463999999999998	0.7231017409930681	0.862184657244912	0.9252822493357578	
0.22535999999999998	0.7231044468317217	0.8631558717647823	0.9259979023498288	
0.22607999999999998	0.7231070444593792	0.864121126422475	0.9267029963139601	
0.22679999999999997	0.7231095382026941	0.8650804390561848	0.9273976677562655	
0.22751999999999997	0.7231119322153947	0.8660338277402759	0.9280820520410606	
0.22823999999999997	0.7231142304851899	0.8669813107802968	0.9287562833588401	
0.22895999999999997	0.7231164368403993	0.8679229067080262	0.9294204947171014	
0.22967999999999997	0.7231185549563205	0.8688586342765491	0.9300748179319936	
0.2304	0.7231205883613402	0.8697885124553651	0.9307193836207615	
0.23112	0.7231225404428032	0.8707125604255287	0.9313543211949632	
0.23184	0.7231244144526465	0.8716307975748218	0.9319797588544388	
0.23256	0.7231262135128094	0.8725432434929621	0.9325958235820027	
0.23328	0.7231279406204262	0.8734499179668431	0.9332026411388376	
0.23399999999999999	0.7231295986528135	0.8743508409758108	0.9338003360605707	
0.23471999999999998	0.723131190372257	0.8752460326869743	0.9343890316540041	
0.23543999999999998	0.7231327184306088	0.8761355134505536	0.9349688499944813	
0.23615999999999998	0.7231341853736988	0.8770193037952632	0.9355399119238655	
0.23687999999999998	0.7231355936455724	0.8778974244237325	0.9361023370491133	
0.23759999999999998	0.7231369455925586	0.878769896207964	0.9366562437414145	
0.23831999999999998	0.7231382434671734	0.879636740184829	0.9372017491358877	
0.23903999999999997	0.7231394894318707	0.8804979775516021	0.9377389691318031	
0.23975999999999997	0.7231406855626411	0.8813536296615335	0.9382680183933181	
0.24047999999999997	0.7231418338524678	0.8822037180194617	0.938789010350705	
0.24119999999999997	0.723142936214644	0.8830482642774644	0.9393020572020522	
0.24191999999999997	0.7231439944859591	0.8838872902305496	0.9398072699154192	
0.24263999999999997	0.7231450104297555	0.8847208178123872	0.9403047582314311	
0.24335999999999997	0.7231459857388655	0.8855488690910819	0.9407946306662911	
0.24408	0.7231469220384289	0.8863714662649839	0.9412769945151959	
0.2448	0.7231478208886004	0.8871886316585441	0.9417519558561379	
0.24552	0.7231486837871459	0.8880003877182084	0.9422196195540774	
0.24624	0.7231495121719378	0.8888067570083548	0.9426800892654676	
0.24695999999999999	0.7231503074233486	0.8896077622072708	0.9431334674431189	
0.24767999999999998	0.7231510708665504	0.8904034261031745	0.9435798553413869	
0.24839999999999998	0.7231518037737211	0.8911937715902768	0.9440193530216688	
0.24911999999999998	0.7231525073661638	0.8919788216648855	0.9444520593581952	
0.24983999999999998	0.7231531828163403	0.8927585994215534	0.9448780720441013	
0.25056	0.7231538312498244	0.8935331280492679	0.945297487597766	
0.25128	0.7231544537471758	0.8943024308276827	0.9457104013694058	
0.252	0.7231550513457408	0.895066531123395	0.9461169075479079	
0.25272	0.72315562504138	0.8958254523862614	0.946517099167895	
0.25344	0.7231561757901264	0.896579218145762	0.9469110681170035	
0.25416	0.7231567045097786	0.8973278520074026	0.9472989051433698	
0.25488	0.7231572120814297	0.8980713776491634	0.9476806998633083	
0.2556	0.7231576993509345	0.8988098188179899	0.9480565407691727	
0.25632	0.723158167130319	0.8995431993263258	0.94842651523739	
0.25704	0.7231586161991328	0.9002715430486905	0.9487907095366535	
0.25776	0.7231590473057482	0.9009948739183005	0.9491492088362703	
0.25848	0.7231594611686066	0.9017132159237311	0.949502097214649	
0.2592	0.7231598584774155	0.9024265931056241	0.9498494576679197	
0.25992	0.7231602398942976	0.9031350295534369	0.9501913721186764	
0.26064	0.723160606054894	0.903838549402236	0.9505279214248357	
0.26136	0.7231609575694228	0.9045371768295307	0.9508591853885994	
0.26208	0.7231612950236962	0.9052309360521543	0.951185242765515	
0.2628	0.7231616189800967	0.9059198513231833	0.9515061712736257	
0.26352	0.7231619299785135	0.9066039469289028	0.9518220476027025	
0.26424	0.7231622285372422	0.9072832471858115	0.9521329474235489	
0.26496	0.7231625151538489	0.907957776437673	0.9524389453973756	
0.26567999999999997	0.7231627903059985	0.9086275590526046	0.9527401151852314	
0.26639999999999997	0.7231630544522512	0.9092926194202133	0.9530365294574911	
0.26711999999999997	0.723163308032826	0.90995298194877	0.9533282599033871	
0.26783999999999997	0.7231635514703347	0.9106086710624269	0.9536153772405841	
0.26855999999999997	0.7231637851704861	0.9112597111984779	0.953897951224787	
0.26927999999999996	0.7231640095227615	0.9119061268046581	0.9541760506593782	
0.26999999999999996	0.7231642249010639	0.9125479423364871	0.9544497434050767	
0.27071999999999996	0.723164431664342	0.9131851822546507	0.9547190963896188	
0.27143999999999996	0.7242828849984858	0.9138178710224274	0.9549841756174462	
0.27215999999999996	0.7254289784080322	0.9144460331031509	0.9552450461794069	
0.27287999999999996	0.7265721499094097	0.915069692957718	0.955501772262456	
0.27359999999999995	0.7277123875911025	0.915688875042133	0.9557544171593566	
0.27431999999999995	0.7288496797212232	0.9163036038050938	0.9560030432783732	
0.27503999999999995	0.7299840147474593	0.9169139036856183	0.9562477121529571	
0.27575999999999995	0.7311153812969996	0.91751979911071	0.9564884844514167	
0.27647999999999995	0.7322437681764408	0.9181213144930619	0.9567254199865685	
0.2772	0.7333691643716745	0.9187184742288013	0.9569585777253691	
0.27792	0.7344915590477541	0.9193113026952723	0.9571880157985203	
0.27864	0.7356109415487428	0.9198998242488571	0.957413791510046	
0.27936	0.7367273013975416	0.9204840632228365	0.957635961346838	
0.28008	0.7378406282956989	0.9210640439252865	0.9578545809881658	
0.2808	0.7389509121232004	0.921639790637015	0.9580697053151502	
0.28152	0.7400581429382413	0.9222113276095342	0.958281388420195	
0.28224	0.7411623109769786	0.9227786790630715	0.9584896836163765	
0.28296	0.7422634066532657	0.9233418691846161	0.9586946434467877	
0.28368	0.7433614205583692	0.9239009221260036	0.9588963196938328	
0.2844	0.7444563434606665	0.9244558620020353	0.9590947633884734	
0.28512	0.7455481663053265	0.9250067128886353	0.9592900248194206	
0.28584	0.7466368802139725	0.9255534988210419	0.9594821535422738	
0.28656	0.7477224764843268	0.9260962437920351	0.9596711983886026	
0.28728	0.7488049465898396	0.9266349717501992	0.9598572074749703	
0.288	0.7498842821792989	0.9271697065982197	0.9600402282118974	
0.28872	0.7509604750764252	0.9277004721912159	0.9602203073127648	
0.28944	0.7520335172794486	0.9282272923351054	0.9603974908026522	
0.29016	0.7531034009606694	0.9287501907850053	0.9605718240271128	
0.29087999999999997	0.7541701184660028	0.9292691912436647	0.9607433516608829	
0.29159999999999997	0.7552336623145074	0.9297843173599305	0.9609121177165229	
0.29231999999999997	0.7562940251978979	0.9302955927272484	0.9610781655529912	
0.29303999999999997	0.7573511999800415	0.930803040882193	0.9612415378841493	
0.29375999999999997	0.7584051796964401	0.9313066853030332	0.9614022767871951	
0.29447999999999996	0.7594559575536955	0.9318065494083269	0.9615604237110263	
0.29519999999999996	0.7605035269289618	0.9323026565555496	0.961716019484531	
0.29591999999999996	0.7615478813693806	0.932795030039752	0.9618691043248062	
0.29663999999999996	0.7625890145915034	0.9332836930922507	0.9620197178453019	
0.29735999999999996	0.7636269204806989	0.9337686688793473	0.9621678990638922	
0.29807999999999996	0.7646615930905458	0.9342499805010792	0.9623136864108702	
0.29879999999999995	0.7656930266422118	0.9347276509899997	0.9624571177368696	
0.29951999999999995	0.7667212155238202	0.9352017033099875	0.9625982303207078	
0.30023999999999995	0.7677461542898	0.9356721603550859	0.9627370608771563	
0.30095999999999995	0.7687678376602259	0.9361390449483704	0.9628736455646314	
0.30167999999999995	0.7697862605201433	0.9366023798408454	0.9630080199928104	
0.30239999999999995	0.7708014179188803	0.9370621877103676	0.9631402192301702	
0.30312	0.7718133050693488	0.9375184911606002	0.9632702778114476	
0.30384	0.7728219173473303	0.9379713127199903	0.9633982297450239	
0.30456	0.7738272502907532	0.9384206748407785	0.9635241085202305	
0.30528	0.7748292995989539	0.9388665998980313	0.9636479471145785	
0.306	0.7758280611319299	0.9393091101887016	0.9637697780009092	
0.30672	0.776823530909579	0.9397482279307158	0.9638896331544686	
0.30744	0.7778157051109277	0.940183975262086	0.9640075440599026	
0.30816	0.7788045800733484	0.9406163742400477	0.9641235417181758	
0.30888	0.779790152291767	0.9410454468402238	0.9642376566534139	
0.3096	0.7807724184178576	0.9414712149558119	0.9643499189196664	
0.31032	0.7817513752592282	0.9418937003967965	0.9644603581075951	
0.31104	0.7827270197785956	0.942312924889187	0.9645690033510842	
0.31176	0.7836993490929516	0.9427289100742771	0.9646758833337736	
0.31248	0.784668360472716	0.9431416775079298	0.9647810262955171	
0.3132	0.785634051340885	0.9435512486598838	0.9648844600387642	
0.31392	0.7865964192721655	0.9439576449130856	0.9649862119348651	
0.31464	0.7875554619921029	0.9443608875630403	0.9650863089303029	
0.31536	0.7885111773761996	0.9447609978171877	0.965184777552847	
0.31607999999999997	0.7894635634490241	0.9451579967942999	0.9652816439176366	
0.31679999999999997	0.7904126183833122	0.9455519055238997	0.9653769337331851	
0.31751999999999997	0.79135834049906	0.9459427449456995	0.9654706723073153	
0.31823999999999997	0.7923007282626076	0.9463305359090644	0.9655628845530171	
0.31895999999999997	0.7932397802857172	0.9467152991724919	0.9656535949942353	
0.31967999999999996	0.7941754953246412	0.9470970554031161	0.9657428277715842	
0.32039999999999996	0.7951078722791843	0.9474758251762279	0.9658306066479883	
0.32111999999999996	0.7960369101917584	0.9478516289748186	0.965916955014255	
0.32183999999999996	0.796962608246429	0.9482244871891401	0.9660018958945734	
0.32255999999999996	0.797884965767957	0.9485944201162867	0.9660854519519436	
0.32327999999999996	0.7988039822208323	0.9489614479597939	0.9661676454935367	
0.32399999999999995	0.7997196572083012	0.9493255908292566	0.9662484984759848	
0.32471999999999995	0.8006319904713887	0.9496868687399659	0.9663280325106018	
0.32543999999999995	0.8015409818879135	0.9500453016125623	0.9664062688685373	
0.32615999999999995	0.8024466314714974	0.9504009092727098	0.9664832284858602	
0.32687999999999995	0.8033489393705708	0.9507537114507836	0.9665589319685791	
0.32759999999999995	0.8042479058673702	0.9511037277815777	0.9666333995975922	
0.32831999999999995	0.8051435313769323	0.9514509778040278	0.9667066513335736	
0.32903999999999994	0.8060358164460832	0.951795480960952	0.9667787068217932	
0.32976	0.8069247617524222	0.9521372565988065	0.966849585396873	
0.33048	0.8078103681033	0.9524763239674594	0.9669193060874773	
0.3312	0.8086926364347955	0.9528127022199765	0.9669878876209416	
0.33192	0.8095715678106854	0.953146410412427	0.9670553484278366	
0.33264	0.8104471634214115	0.9534774675037014	0.9671217066464711	
0.33336	0.8113194245830435	0.9538058923553455	0.9671869801273332	
0.33408	0.8121883527362382	0.9541317037314088	0.967251186437469	
0.3348	0.8130539494451965	0.954454920298307	0.9673143428648026	
0.33552	0.8139162163966146	0.9547755606247005	0.967376466422396	
0.33624	0.8147751553986344	0.955093643181383	0.9674375738526484	
0.33696	0.8156307683797913	0.9554091863411881	0.967497681631438	
0.33768	0.8164830573879562	0.9557222083789071	0.9675568059722058	
0.3384	0.8173320245892792	0.9560327274712185	0.9676149628299826	
0.33912	0.8181776722671272	0.9563407616966347	0.9676721679053576	
0.33984	0.819020002821022	0.9566463290354563	0.9677284366483928	
0.34056	0.8198590187655751	0.9569494473697431	0.9677837842624802	
0.34128	0.8206947227294211	0.9572501344832947	0.9678382257081468	
0.34199999999999997	0.8215271174541491	0.9575484080616437	0.9678917757068018	
0.34271999999999997	0.822356205793233	0.9578442856920614	0.9679444487444332	
0.34343999999999997	0.8231819907109604	0.9581377848635739	0.96799625907525	
0.34415999999999997	0.8240044752813609	0.9584289229669906	0.9680472207252732	
0.34487999999999996	0.8248236626871313	0.958717717294942	0.9680973474958734	
0.34559999999999996	0.8256395562185631	0.959004185041931	0.9681466529672584	
0.34631999999999996	0.8264521592724671	0.9592883433043916	0.9681951505019106	
0.34703999999999996	0.8272614753510983	0.9595702090807608	0.9682428532479739	
0.34775999999999996	0.8280675080610799	0.9598497992715597	0.9682897741425912	
0.34847999999999996	0.8288702611123284	0.9601271306794831	0.9683359259151935	
0.34919999999999995	0.829669738316977	0.9604022200095013	0.9683813210907414	
0.34991999999999995	0.8304659435883003	0.9606750838689705	0.9684259719929184	
0.35063999999999995	0.8312588809396388	0.9609457387677512	0.9684698907472766	
0.35135999999999995	0.8320485544833237	0.961214201118338	0.9685130892843392	
0.35207999999999995	0.8328349684296026	0.9614804872359968	0.9685555793426529	
0.35279999999999995	0.8336181270855659	0.9617446133389114	0.9685973724717987	
0.35351999999999995	0.8343980348540735	0.9620065955483378	0.9686384800353564	
0.35423999999999994	0.8351746962326828	0.9622664498887692	0.9686789132138256	
0.35495999999999994	0.8359481158125783	0.9625241922881057	0.9687186830075032	
0.35568	0.8367182982775018	0.9627798385778349	0.9687578002393181	
0.3564	0.8374852484026832	0.9630334044932188	0.968796275557624	
0.35712	0.8382489710537758	0.9632849056734895	0.9688341194389488	
0.35784	0.839009471185789	0.9635343576620502	0.9688713421907057	
0.35856	0.8397667538420263	0.9637817759066866	0.9689079539538606	
0.35928	0.8405208241530236	0.9640271757597825	0.9689439647055617	
0.36	0.8412716873354896	0.9642705724785442	0.9689793842617278	
0.36072	0.8420193486912486	0.9645119812252305	0.9690142222795993	
0.36144	0.8427638136061852	0.9647514170673902	0.9690484882602486	
0.36216	0.843505087549192	0.9649888949781055	0.9690821915510555	
0.36288	0.844243176071119	0.9652244298362417	0.9691153413481407	
0.3636	0.8449780848037263	0.9654580364267032	0.9691479466987674	
0.36432	0.845709819458639	0.9656897294406955	0.9691800165037026	
0.36504	0.8464383858263052	0.9659195234759924	0.969211559519544	
0.36576	0.8471637897749568	0.9661474330372101	0.9692425843610115	
0.36648	0.8478860372495731	0.966373472536085	0.9692730995032035	
0.36719999999999997	0.8486051342708488	0.9665976562917586	0.9693031132838181	
0.36791999999999997	0.8493210869341624	0.9668199985310666	0.9693326339053416	
0.36863999999999997	0.8500339014085518	0.9670405133888332	0.9693616694372026	
0.36935999999999997	0.8507435839356894	0.9672592149081704	0.9693902278178927	
0.37007999999999996	0.8514501408288643	0.9674761170407823	0.9694183168570554	
0.37079999999999996	0.8521535784719653	0.9676912336472735	0.9694459442375432	
0.37151999999999996	0.8528539033184687	0.9679045784974629	0.969473117517441	
0.37223999999999996	0.8535511218904308	0.9681161652707001	0.9694998441320613	
0.37295999999999996	0.854245240777483	0.9683260075561889	0.9695261313959054	
0.37367999999999996	0.8549362666358307	0.9685341188533119	0.9695519865045968	
0.37439999999999996	0.8556242061872579	0.9687405125719604	0.9695774165367839	
0.37511999999999995	0.856309066218134	0.9689452020328692	0.9696024284560121	
0.37583999999999995	0.8569908535784262	0.9691482004679532	0.9696270291125683	
0.37655999999999995	0.857669575180716	0.969349521020649	0.969651225245297	
0.37727999999999995	0.8583452379992187	0.969549176746259	0.9696750234833861	
0.37799999999999995	0.8590178490688096	0.9696984303481269	0.9697471806122998	
0.37871999999999995	0.8596874154840533	0.9697214522546459	0.9699435454988532	
0.37943999999999994	0.8603539443982372	0.9697440955136101	0.970138284198921	
0.38015999999999994	0.8610174430224112	0.9697663663329049	0.9703314094187817	
0.38087999999999994	0.8616779186244309	0.9697882708192861	0.9705229337783511	
0.38159999999999994	0.8623353785280056	0.9698098149800064	0.9707128698115461	
0.38232	0.8629898301117525	0.9698310047244162	0.9709012299666501	
0.38304	0.8636412808082535	0.9698518458655391	0.9710880266066805	
0.38376	0.8642897381031199	0.9698723441216228	0.9712732720097615	
0.38448	0.8649352095340591	0.9698925051176666	0.9714569783694967	
0.3852	0.8655777026899494	0.9699123343869227	0.9716391577953438	
0.38592	0.866217225209917	0.9699318373723765	0.9718198223129946	
0.38664	0.8668537847824203	0.969951019428202	0.971998983864753	
0.38736	0.8674873891443394	0.9699698858211937	0.9721766543099182	
0.38808	0.8681180460800695	0.9699884417321786	0.9723528454251683	
0.3888	0.8687457634206209	0.9700066922574025	0.9725275689049462	
0.38952	0.8693705490427242	0.9700246424098978	0.9727008363618475	
0.39024	0.8699924108679401	0.9700422971208265	0.9728726593270091	
0.39096	0.8706113568617767	0.9700596612408039	0.9730430492505	
0.39168	0.8712273950328098	0.9700767395412018	0.9732120175017145	
0.39239999999999997	0.8718405334318102	0.9700935367154291	0.9733795753697652	
0.39311999999999997	0.8724507801508778	0.9701100573801938	0.9735457340638778	
0.39383999999999997	0.873058143322578	0.9701263060767442	0.9737105047137882	
0.39455999999999997	0.8736626311190877	0.9701422872720906	0.9738738983701395	
0.39527999999999996	0.8742642517513438	0.9701580053602077	0.9740359260048808	
0.39599999999999996	0.8748630134681998	0.9701734646632181	0.9741965985116661	
0.39671999999999996	0.8754589245555872	0.9701886694325557	0.9743559267062559	
0.39743999999999996	0.8760519933356817	0.9702036238501129	0.9745139213269182	
0.39815999999999996	0.8766422281660782	0.9702183320293674	0.9746705930348304	
0.39887999999999996	0.8772296374389682	0.9702327980164919	0.9748259524144829	
0.39959999999999996	0.8778142295803257	0.9702470257914463	0.9749800099740821	
0.40031999999999995	0.8783960130490985	0.9702610192690525	0.9751327761459554	
0.40103999999999995	0.8789749963364035	0.9702747823000512	0.975284261286955	
0.40175999999999995	0.8795511879647316	0.9702883186721427	0.9754344756788647	
0.40247999999999995	0.8801245964871555	0.970301632111012	0.975583429528804	
0.40319999999999995	0.8806952304865444	0.9703147262813335	0.9757311329696349	
0.40391999999999995	0.8812630985747861	0.9703276047877658	0.9758775960603685	
0.40463999999999994	0.8818282093920133	0.9703402711759253	0.976022828786571	
0.40535999999999994	0.882390571605837	0.9703527289333461	0.9761668410607709	
0.40607999999999994	0.8829501939105857	0.9703649814904256	0.9763096427228657	
0.40679999999999994	0.8835070850265511	0.9703770322213533	0.976451243540529	
0.40751999999999994	0.8840612536992392	0.9703888844450254	0.9765916532096168	
0.40824	0.8846127086986283	0.970400541425945	0.9767308813545756	
0.40896	0.885161458818433	0.9704120063751072	0.9768689375288484	
0.40968	0.8857075128753739	0.9704232824508702	0.9770058312152813	
0.4104	0.8862508797084535	0.9704343727598131	0.9771415718265307	
0.41112	0.8867915681782395	0.9704452803575789	0.977276168705469	
0.41184	0.8873295871661524	0.9704560082497047	0.9774096311255906	
0.41256	0.8878649455737605	0.9704665593924378	0.977541968291418	
0.41328	0.8883976523220812	0.9704769366935391	0.9776731893389066	
0.414	0.8889277163508881	0.9704871430130745	0.9778033033358495	
0.41472	0.8894551466180232	0.9704971811641917	0.9779323192822824	
0.41544	0.8899799520987179	0.9705070539138853	0.978060246110887	
0.41616	0.8905021417849183	0.9705167639837506	0.978187092687395	
0.41688	0.8910217246846164	0.9705263140507234	0.9783128678109898	
0.41759999999999997	0.8915387098211889	0.9705357067478094	0.9784375802147092	
0.41831999999999997	0.8920531062327414	0.9705449446648009	0.9785612385658476	
0.41903999999999997	0.8925649229714591	0.9705540303489822	0.9786838514663553	
0.41975999999999997	0.8930741691029624	0.9705629663058241	0.9788054274532394	
0.42047999999999996	0.8935808537056714	0.9705717549996659	0.9789259749989635	
0.42119999999999996	0.8940849858701737	0.9705803988543883	0.9790455025118449	
0.42191999999999996	0.8945865746986003	0.9705889002540737	0.9791640183364532	
0.42263999999999996	0.8950856293040057	0.9705972615436563	0.9792815307540068	
0.42335999999999996	0.8955821588097572	0.9706054850295622	0.9793980479827686	
0.42407999999999996	0.8960761723489277	0.9706135729803385	0.9795135781784411	
0.42479999999999996	0.8965676790636946	0.9706215276272732	0.9796281294345598	
0.42551999999999995	0.897056688104747	0.9706293511650033	0.979741709782887	
0.42623999999999995	0.8975432086306971	0.9706370457521144	0.9798543271938032	
0.42695999999999995	0.8980272498074979	0.9706446135117317	0.9799659895766981	
0.42767999999999995	0.898508820807868	0.9706520565320974	0.98007670478036	
0.42839999999999995	0.8989879308107216	0.9706593768671438	0.9801864805933651	
0.42911999999999995	0.8994645890006038	0.9706665765370535	0.9802953247444649	
0.42983999999999994	0.8999388045671348	0.9706736575288111	0.9804032449029719	
0.43055999999999994	0.9004105867044563	0.9706806217967483	0.9805102486791459	
0.43127999999999994	0.9008799446106863	0.9706874712630766	0.9806163436245775	
0.43199999999999994	0.9013468874873803	0.9706942078184141	0.9807215372325704	
0.43271999999999994	0.9018114245389961	0.9707008333223025	0.9808258369385239	
0.43343999999999994	0.9022735649723667	0.9707073496037159	0.9809292501203125	
0.43415999999999993	0.9027333179961783	0.9707137584615613	0.9810317840986651	
0.43488	0.9031906928204542	0.9707200616651714	0.9811334461375426	
0.4356	0.9036456986560446	0.9707262609547892	0.981234243444514	
0.43632	0.904098344714122	0.9707323580420435	0.9813341831711324	
0.43704	0.9045486402056833	0.9707383546104192	0.9814332724133071	
0.43776	0.9049965943410571	0.9707442523157173	0.9815315182116771	
0.43848	0.9054422163294159	0.970750052786509	0.9816289275519811	
0.4392	0.9058855153782961	0.9707557576245827	0.9817255073654276	
0.43992	0.9063265006931222	0.9707613684053816	0.9818212645290624	
0.44064	0.9067651814767366	0.970766886678437	0.981916205866135	
0.44136	0.9072015669289367	0.9707723139677923	0.9820103381464645	
0.44208	0.907635666246016	0.9707776517724211	0.9821036680868019	
0.44279999999999997	0.9080674886203111	0.9707829015666386	0.9821962023511936	
0.44351999999999997	0.9084970432397554	0.9707880648005054	0.9822879475513407	
0.44423999999999997	0.9089243392874368	0.9707931429002264	0.9823789102469594	
0.44495999999999997	0.9093493859411628	0.9707981372685413	0.9824690969461367	
0.44567999999999997	0.9097721923730292	0.9708030492851091	0.9825585141056882	
0.44639999999999996	0.9101927677489957	0.9708078803068882	0.9826471681315114	
0.44711999999999996	0.9106111212284662	0.9708126316685082	0.9827350653789395	
0.44783999999999996	0.9110272619638755	0.9708173046826357	0.9828222121530915	
0.44855999999999996	0.9114411991002799	0.9708219006403354	0.9829086147092231	
0.44927999999999996	0.9118529417749545	0.970826420811425	0.9829942792530735	
0.44999999999999996	0.9122624991169954	0.9708308664448232	0.9830792119412131	
0.45071999999999995	0.9126698802469274	0.9708352387688932	0.9831634188813879	
0.45143999999999995	0.9130750942763165	0.97083953899178	0.9832469061328628	
0.45215999999999995	0.9134781503073881	0.9708437683017427	0.9833296797067628	
0.45287999999999995	0.9138790574326503	0.9708479278674801	0.983411745566414	
0.45359999999999995	0.9142778247345229	0.9708520188384536	0.9834931096276806	
0.45431999999999995	0.9146744612849702	0.9708560423452015	0.9835737777593029	
0.45503999999999994	0.9150689761451408	0.9708599994996504	0.9836537557832312	
0.45575999999999994	0.915461378365011	0.970863891395421	0.9837330494749607	
0.45647999999999994	0.9158516769830343	0.970867719108129	0.9838116645638608	
0.45719999999999994	0.9162398810257945	0.97087148369568	0.9838896067335078	
0.45791999999999994	0.9166259995076664	0.9708751861985617	0.9839668816220111	
0.45863999999999994	0.9170100414304784	0.9708788276401293	0.9840434948223412	
0.45935999999999994	0.9173920157831823	0.9708824090268869	0.9841194518826543	
0.46007999999999993	0.9177719315415271	0.9708859313487651	0.9841947583066148	
0.4608	0.918149797667738	0.9708893955793922	0.9842694195537188	
0.46152	0.9185256231101993	0.9708928026763637	0.9843434410396115	
0.46224	0.9188994168031439	0.9708961535815046	0.9844168281364074	
0.46296	0.9192711876663463	0.9708994492211289	0.9844895861730055	
0.46368	0.9196409446048199	0.9709026905062946	0.984561720435405	
0.4644	0.9200086965085209	0.970905878333055	0.9846332361670178	
0.46512	0.9203744522520545	0.9709090135827045	0.9847041385689799	
0.46584	0.920738220694388	0.9709120971220221	0.9847744328004612	
0.46656	0.9211000106785667	0.9709151298035089	0.9848441239789731	
0.46728	0.9214598310314356	0.9709181124656246	0.9849132171806755	
0.46799999999999997	0.9218176905633648	0.9709210459330166	0.9849817174406796	
0.46871999999999997	0.9221735980679803	0.9709239310167486	0.9850496297533533	
0.46943999999999997	0.9225275623218979	0.9709267685145225	0.9851169590726194	
0.47015999999999997	0.9227857931979174	0.9709295592109	0.9851837103122569	
0.47087999999999997	0.9228172911293853	0.970932303877517	0.985249888346198	
0.47159999999999996	0.9228484565383002	0.9709350032732974	0.9853154980088239	
0.47231999999999996	0.922879292909428	0.9709376581446613	0.9853805440952589	
0.47303999999999996	0.9229098036915552	0.9709402692257317	0.9854450313616633	
0.47375999999999996	0.9229399922978501	0.9709428372385355	0.9855089645255237	
0.47447999999999996	0.9229698621062191	0.9709453628932042	0.9855723482659429	
0.47519999999999996	0.9229994164596603	0.9709478468881676	0.9856351872239252	
0.47591999999999995	0.9230286586666132	0.9709502899103483	0.985697486002665	
0.47663999999999995	0.9230575920013055	0.9709526926353494	0.9857592491678283	
0.47735999999999995	0.9230862197040969	0.970955055727642	0.9858204812478356	
0.47807999999999995	0.9231145449818187	0.9709573798407475	0.9858811867341429	
0.47879999999999995	0.923142571008112	0.9709596656174182	0.9859413700815205	
0.47951999999999995	0.9231703009237602	0.9709619136898149	0.9860010357083289	
0.48023999999999994	0.9231977378370206	0.9709641246796803	0.9860601879967958	
0.48095999999999994	0.9232248848239522	0.9709662991985114	0.9861188312932888	
0.48167999999999994	0.9232517449287393	0.970968437847727	0.9861769699085879	
0.48239999999999994	0.9232783211640135	0.9709705412188354	0.9862346081181557	
0.48311999999999994	0.9233046165111723	0.9709726098935956	0.9862917501624061	
0.48383999999999994	0.9233306339206936	0.9709746444441785	0.9863484002469712	
0.48455999999999994	0.9233563763124492	0.9709766454333254	0.9864045625429666	
0.48527999999999993	0.9233818465760129	0.9709786134145024	0.9864602411872551	
0.48599999999999993	0.9234070475709676	0.9709805489320535	0.9865154402827091	
0.48671999999999993	0.9234319821272091	0.9709824525213506	0.9865701638984699	
0.48744	0.9234566530452458	0.9709843247089412	0.9866244160702077	
0.48816	0.9234810630964972	0.9709861660126938	0.9866782008003768	
0.48888	0.923505215023588	0.9709879769419413	0.9867315220584729	
0.4896	0.9235291115406407	0.9709897579976201	0.9867843837812859	
0.49032	0.9235527553335646	0.9709915096724099	0.9868367898731515	
0.49104	0.9235761490603417	0.9709932324508691	0.9868887442062021	
0.49176	0.9235992953513114	0.9709949268095684	0.9869402506206159	
0.49248	0.9236221968094506	0.9709965932172222	0.9869913129248638	
0.49319999999999997	0.9236448560106517	0.9709982321348186	0.9870419348959544	
0.49391999999999997	0.9236672755039992	0.970999844015746	0.9870921202796792	
0.49463999999999997	0.9236894578120414	0.9710014293059189	0.9871418727908534	
0.49535999999999997	0.9237114054310607	0.9710029884439002	0.987191196113558	
0.49607999999999997	0.9237331208313422	0.9710045218610232	0.9872400939013779	
0.49679999999999996	0.9237546064574373	0.9710060299815096	0.9872885697776399	
0.49751999999999996	0.9237758647284272	0.9710075132225879	0.987336627335649	
0.49823999999999996	0.923796898038182	0.9710089719946078	0.9873842701389215	
0.49895999999999996	0.9238177087556182	0.971010406701153	0.9874315017214191	
0.49967999999999996	0.9238382992249535	0.9710118177391545	0.9874783255877799	
0.5004	0.9238586717659596	0.9710132054989982	0.9875247452135474	
0.50112	0.923878828674211	0.9710145703646333	0.9875707640453988	
0.50184	0.9238987722213332	0.9710159127136797	0.9876163855013721	
0.50256	0.9239185046552473	0.97101723291753	0.9876616129710902	
0.50328	0.9239380282004128	0.9710185313414538	0.9877064498159854	
0.504	0.9239573450580681	0.9710198083446981	0.9877508993695202	
0.50472	0.9239764574064668	0.9710210642805863	0.9877949649374087	
0.50544	0.9239953674011153	0.9710222994966159	0.9878386497978348	
0.5061599999999999	0.9240140771750045	0.9710235143345547	0.9878819572016696	
0.50688	0.9240325888388412	0.9710247091305352	0.9879248903726879	
0.5075999999999999	0.9240509044812764	0.9710258842151471	0.9879674525077818	
0.50832	0.9240690261691324	0.9710270399135288	0.9880096467771737	
0.5090399999999999	0.9240869559476257	0.9710281765454578	0.9880514763246283	
0.50976	0.9241046958405901	0.9710292944254378	0.9880929442676614	
0.5104799999999999	0.9241222478506953	0.9710303938627871	0.9881340536977493	
0.5112	0.9241396139596655	0.9710314751617225	0.9881748076805354	
0.5119199999999999	0.924156796128494	0.9710325386214451	0.9882152092560356	
0.51264	0.9241737962976563	0.9710335845362212	0.9882552614388423	
0.5133599999999999	0.9241906163873223	0.9710346131954649	0.9882949672183273	
0.51408	0.924207258297564	0.9710356248838178	0.9883343295588428	
0.5147999999999999	0.9242237239085631	0.9710366198812267	0.9883733513999209	
0.51552	0.9242400150808161	0.9710375984630228	0.9884120356564721	
0.5162399999999999	0.9242561336553367	0.971038560899996	0.9884503852189822	
0.51696	0.9242720814538564	0.9710395074584707	0.9884884029537083	
0.5176799999999999	0.9242878602790242	0.9710404384003795	0.9885260917028714	
0.5184	0.9243034719146027	0.9710413539833347	0.9885634542848505	
0.5191199999999999	0.9243189181256631	0.9710422544607005	0.9886004934943737	
0.51984	0.9243342006587786	0.9710431400816625	0.9886372121027069	
0.5205599999999999	0.9243493212422143	0.9710440110912968	0.988673612857844	
0.52128	0.9243642815861176	0.9710448677306377	0.988709698484693	
0.5219999999999999	0.9243790833827045	0.9710457102367439	0.9887454716852624	
0.52272	0.9243937283064452	0.9710465388427647	0.9887809351388445	
0.5234399999999999	0.9244082180142477	0.971047353778004	0.9888160915022002	
0.52416	0.9244225541456387	0.9710481552679842	0.9888509434097392	
0.5248799999999999	0.9244367383229448	0.9710489435345073	0.9888854934737019	
0.5256	0.924450772151469	0.9710497187957184	0.9889197442843375	
0.5263199999999999	0.9244646572196676	0.9710504812661636	0.9889536984100812	
0.52704	0.9244783950993251	0.9710512311568509	0.9889873583977329	
0.52776	0.9244919873457252	0.9710519686753079	0.9890207267726301	
0.52848	0.9245054354978239	0.9710526940256394	0.9890538060388228	
0.5292	0.9245187410784174	0.9710534074085839	0.9890865986792463	
0.52992	0.9245319055943093	0.971054109021569	0.9891191071558921	
0.53064	0.9245449305364777	0.9710547990587656	0.989151333909978	
0.5313599999999999	0.9245578173802385	0.9710554777111422	0.9891832813621171	
0.53208	0.924570567585407	0.9710561451665173	0.9892149519124851	
0.5327999999999999	0.9245831825964612	0.971056801609612	0.9892463479409868	
0.53352	0.9245956638426984	0.9710574472220997	0.989277471807421	
0.5342399999999999	0.9246080127383945	0.971058082182658	0.989308325851644	
0.53496	0.9246202306829593	0.9710587066670167	0.989338912393733	
0.5356799999999999	0.9246323190610908	0.9710593208480075	0.9893692337341466	
0.5364	0.9246442792429287	0.9710599248956112	0.9893992921538856	
0.5371199999999999	0.924656112584205	0.9710605189770044	0.9894290899146511	
0.53784	0.9246678204263943	0.9710611032566064	0.9894586292590031	
0.5385599999999999	0.9246794040968617	0.9710616778961249	0.9894879124105167	
0.53928	0.9246908649090099	0.9710622430545992	0.9895169415739373	
0.5399999999999999	0.9247022041624238	0.9710627988884462	0.9895457189353349	
0.54072	0.9247134231430152	0.9710633455515021	0.9895742466622574	
0.5414399999999999	0.9247245231231644	0.9710638831950656	0.9896025269038818	
0.54216	0.9247355053618613	0.9710644119679398	0.9896305617911655	
0.5428799999999999	0.9247463711048451	0.9710649320164734	0.9896583534369956	
0.5436	0.9247571215847418	0.9710654434846003	0.989685903936337	
0.5443199999999999	0.9247677580212009	0.9710659465138811	0.9897132153663803	
0.54504	0.924778281621031	0.9710664412435406	0.9897402897866879	
0.5457599999999999	0.9247886935783336	0.9710669278105067	0.9897671292393379	
0.54648	0.9247989950746349	0.9710674063494494	0.9897937357490693	
0.5471999999999999	0.9248091872790181	0.9710678769928167	0.9898201113234243	
0.54792	0.9248192713482513	0.9710683398708718	0.9898462579528902	
0.5486399999999999	0.9248292484269184	0.9710687951117289	0.9898721776110396	
0.54936	0.9248391196475442	0.971069242841389	0.9898978722546703	
0.5500799999999999	0.924848886130721	0.9710696831837747	0.9899233438239433	
0.5508	0.9248585489852335	0.971070116260764	0.9899485942425211	
0.5515199999999999	0.9248681093081813	0.9710705421922247	0.9899736254177032	
0.55224	0.9248775681851017	0.9710709610960467	0.9899984392405612	
0.5529599999999999	0.92488692669009	0.9710713730881757	0.9900230375860736	
0.55368	0.9248961858859187	0.9710717782826442	0.990047422313259	
0.5544	0.9249053468241568	0.9710721767916042	0.9900715952653079	
0.55512	0.9249144105452857	0.9710725687253567	0.9900955582697134	
0.55584	0.924923378078816	0.9710729541923838	0.9901193131384025	
0.5565599999999999	0.924932250443402	0.9710733332993777	0.990142861667864	
0.55728	0.9249410286469545	0.9710737061512703	0.990166205639277	
0.5579999999999999	0.9249497136867546	0.9710740728512631	0.9901893468186381	
0.55872	0.9249583065495629	0.9710744335008544	0.9902122869568875	
0.5594399999999999	0.9249668082117316	0.9710747881998685	0.9902350277900329	
0.56016	0.924975219639312	0.9710751370464824	0.9902575710392758	
0.5608799999999999	0.9249835417881631	0.9710754801372541	0.9902799184111328	
0.5616	0.9249917756040574	0.9710758175671483	0.9903020715975586	
0.5623199999999999	0.9249999220227877	0.971076149429563	0.9903240322760664	
0.56304	0.9250079819702703	0.9710764758163556	0.9903458021098492	
0.5637599999999999	0.9250159563626498	0.9710767968178677	0.9903673827478982	
0.56448	0.9250238461064002	0.9710771125229511	0.990388775825122	
0.5651999999999999	0.9250316520984267	0.9710774230189915	0.9904099829624627	
0.56592	0.9250393752261665	0.9710777283919323	0.9904310057670139	
0.5666399999999999	0.9250470163676869	0.9710780287263003	0.9904518458321353	
0.56736	0.9250545763917845	0.9710783241052267	0.9904725047375673	
0.5680799999999999	0.9250620561580818	0.9710786146104717	0.9904929840495454	
0.5688	0.9250694565171238	0.9710789003224469	0.9905132853209124	
0.5695199999999999	0.9250767783104725	0.9710791813202367	0.9905334100912305	
0.57024	0.9250840223708022	0.9710794576816213	0.990553359886893	
0.5709599999999999	0.9250911895219918	0.9710797294830972	0.9905731362212329	
0.57168	0.9250982805792171	0.9710799967998994	0.9905927405946339	
0.5723999999999999	0.9251052963490427	0.9710802597060212	0.9906121744946378	
0.57312	0.9251122376295119	0.9710805182742356	0.9906314393960525	
0.5738399999999999	0.9251191052102362	0.9710807725761146	0.9906505367610579	
0.57456	0.9251258998724843	0.9710810226820497	0.990669468039313	
0.5752799999999999	0.9251326223892686	0.9710812686612706	0.9906882346680599	
0.576	0.925139273525433	0.9710815105818656	0.990706838072228	
0.5767199999999999	0.9251458540377381	0.9710817485107993	0.9907252796645383	
0.57744	0.9251523646749462	0.9710819825139311	0.990743560845604	
0.5781599999999999	0.9251588061779052	0.9710822126560343	0.9907616830040343	
0.57888	0.925165179279632	0.9710824390008136	0.9907796475165338	
0.5796	0.9251714847053947	0.9710826616109224	0.990797455748003	
0.58032	0.925177723172794	0.9710828805479805	0.9908151090516373	
0.58104	0.9251838953918432	0.9710830958725912	0.9908326087690256	
0.5817599999999999	0.9251900020650494	0.9710833076443579	0.9908499562302484	
0.58248	0.9251960438874908	0.9710835159219003	0.9908671527539736	
0.5831999999999999	0.9252020215468957	0.9710837207628715	0.9908841996475535	
0.58392	0.9252079357237196	0.9710839222239734	0.9909010982071191	
0.5846399999999999	0.9252137870912217	0.9710841203609717	0.9909178497176764	
0.58536	0.9252195763155406	0.9710843152287127	0.9909344554531978	
0.5860799999999999	0.9252253040557689	0.9710845068811378	0.9909509166767168	
0.5868	0.9252309709640278	0.9710846953712982	0.9909672346404197	
0.5875199999999999	0.92523657768554	0.9710848807513695	0.9909834105857367	
0.58824	0.9252421248587029	0.9710850630726673	0.9909994457434338	
0.5889599999999999	0.9252476131151596	0.97108524238566	0.9910153413337012	
0.58968	0.9252530430798702	0.9710854187399832	0.991031098566244	
0.5903999999999999	0.925258415371183	0.9710855921844543	0.9910467186403698	
0.59112	0.9252637306009032	0.9710857627670845	0.9910622027450771	
0.5918399999999999	0.9252689893743619	0.9710859305350932	0.9910775520591422	
0.59256	0.9252741922904841	0.9710860955349208	0.9910927677512054	
0.5932799999999999	0.9252793399418574	0.9710862578122411	0.9911078509798574	
0.594	0.9252844329147969	0.9710864174119749	0.9911228028937232	
0.5947199999999999	0.9252894717894123	0.9710865743783015	0.9911376246315478	
0.59544	0.9252944571396738	0.9710867287546714	0.991152317322278	
0.5961599999999999	0.9252993895334752	0.9710868805838181	0.9911668820851475	
0.59688	0.9253042695326992	0.9710870299077701	0.991181320029757	
0.5975999999999999	0.9253090976932807	0.9710871767678623	0.9911956322561578	
0.59832	0.9253138745652685	0.9710873212047482	0.991209819854931	
0.5990399999999999	0.9253186006928885	0.9710874632584099	0.991223883907269	
0.59976	0.9253232766146045	0.97108760296817	0.991237825485054	
0.6004799999999999	0.9253279028631783	0.9710877403727025	0.9912516456509382	
0.6012	0.9253324799657315	0.9710878755100434	0.9912653454584208	
0.6019199999999999	0.9253370084438032	0.9710880084176006	0.9912789259519267	
0.60264	0.9253414888134099	0.9710881391321651	0.9912923881668828	
0.6033599999999999	0.9253459215851036	0.9710882676899213	0.9913057331297948	
0.60408	0.9253503072640288	0.9710883941264559	0.9913189618583229	
0.6047999999999999	0.9253546463499802	0.9710885184767687	0.9913320753613568	
0.60552	0.9253589393374595	0.9710886407752822	0.9913450746390898	
0.60624	0.9253631867157298	0.971088761055851	0.9913579606830937	
0.6069599999999999	0.9253673889688723	0.9710888793517705	0.9913707344763912	
0.60768	0.9253715465758401	0.9710889956957877	0.9913833969935291	
0.6083999999999999	0.9253756600105129	0.9710891101201083	0.9913959492006498	
0.60912	0.9253797297417499	0.9710892226564076	0.9914083920555637	
0.6098399999999999	0.9253837562334434	0.9710893333358376	0.9914207265078192	
0.61056	0.9253877399445708	0.9710894421890364	0.9914329534987731	
0.6112799999999999	0.9253916813292468	0.9710895492461366	0.9914450739616615	
0.612	0.9253955808367742	0.971089654536774	0.9914570888216666	
0.6127199999999999	0.9253994389116954	0.971089758090095	0.9914689989959883	
0.61344	0.9254032559938423	0.9710898599347654	0.9914808053939093	
0.6141599999999999	0.9254070325183859	0.9710899600989776	0.9914925089168646	
0.61488	0.9254107689158853	0.9710900586104595	0.9915041104585072	
0.6155999999999999	0.9254144656123375	0.9710901554964808	0.9915156109047752	
0.61632	0.9254181230292243	0.9710902507838617	0.9915270111339575	
0.6170399999999999	0.9254217415835608	0.9710903444989797	0.9915383120167576	
0.61776	0.925425321687942	0.9710904366677773	0.9915495144163607	
0.6184799999999999	0.9254288637505901	0.9710905273157686	0.9915606191884963	
0.6192	0.9254323681754	0.9710906164680472	0.9915716271815015	
0.6199199999999999	0.925435835361986	0.9710907041492921	0.9915825392363858	
0.62064	0.9254392657057258	0.9710907903837754	0.9915933561868915	
0.6213599999999999	0.925442659597806	0.9710908751953692	0.9916040788595577	
0.62208	0.9254460174252669	0.9710909586075507	0.9916147080737804	
0.6227999999999999	0.9254493395710446	0.9710910406434105	0.9916252446418743	
0.62352	0.9254526264140164	0.971091121325658	0.9916356893691332	
0.6242399999999999	0.9254558783290423	0.9710912006766279	0.9916460430538891	
0.62496	0.9254590956870079	0.9710912787182864	0.9916563064875737	
0.6256799999999999	0.9254622788548666	0.9710913554722369	0.9916664804547753	
0.6264	0.9254654281956812	0.9710914309597273	0.9916765657332985	
0.6271199999999999	0.925468544068664	0.9710915052016538	0.9916865630942219	
0.62784	0.9254716268292192	0.9710915782185686	0.991696473301955	
0.6285599999999999	0.9254746768289821	0.9710916500306842	0.991706297114297	
0.62928	0.9254776944158586	0.9710917206578803	0.9917160352824919	
0.6299999999999999	0.925480679934066	0.9710917901197081	0.9917256885512842	
0.63072	0.9254836337241705	0.9710918584353962	0.9917352576589761	
0.6314399999999999	0.9254865561231268	0.9710919256238562	0.9917447433374817	
0.6321599999999999	0.9254894474643163	0.9710919917036872	0.9917541463123817	
0.63288	0.9254923080775838	0.971092056693182	0.9917634673029782	
0.6335999999999999	0.9254951382892762	0.9710921206103313	0.9917727070223475	
0.63432	0.9254979384222793	0.9710921834728289	0.9917818661773947	
0.6350399999999999	0.9255007087960534	0.9710922452980765	0.9917909454689052	
0.63576	0.9255034497266705	0.9710923061031892	0.9917999455915989	
0.6364799999999999	0.9255061615268505	0.9710923659049993	0.9918088672341805	
0.6372	0.9255088445059952	0.9710924247200615	0.9918177110793913	
0.6379199999999999	0.9255114989702247	0.9710924825646571	0.9918264778040621	
0.63864	0.9255141252224115	0.971092539454799	0.9918351680791614	
0.6393599999999999	0.9255167235622154	0.9710925954062362	0.9918437825698477	
0.64008	0.9255192942861166	0.9710926504344571	0.9918523219355182	
0.6407999999999999	0.9255218376874507	0.9710927045546951	0.9918607868298586	
0.64152	0.9255243540564402	0.9710927577819322	0.9918691779008919	
0.6422399999999999	0.9255268436802295	0.9710928101309028	0.9918774957910277	
0.64296	0.9255293068429157	0.9710928616160986	0.9918857411371094	
0.6436799999999999	0.9255317438255819	0.9710929122517722	0.9918939145704629	
0.6444	0.9255341549063283	0.9710929620519407	0.9919020167169438	
0.6451199999999999	0.925536540360305	0.9710930110303903	0.9919100481969835	
0.64584	0.9255389004597422	0.9710930592006795	0.9919180096256367	
0.6465599999999999	0.9255412354739809	0.9710931065761427	0.9919259016126277	
0.64728	0.925543545669505	0.9710931531698954	0.9919337247623957	
0.6479999999999999	0.9255458313099696	0.9710931989948356	0.9919414796741406	
0.64872	0.9255480926562325	0.9710932440636487	0.9919491669418673	
0.6494399999999999	0.9255503299663831	0.9710932883888115	0.9919567871544314	
0.65016	0.9255525434957714	0.9710933319825938	0.9919643408955832	
0.6508799999999999	0.9255547334970383	0.9710933748570642	0.9919718287440106	
0.6516	0.9255569002201427	0.9710934170240909	0.9919792512733842	
0.6523199999999999	0.9255590439123912	0.9710934584953472	0.9919866090523992	
0.65304	0.9255611648184652	0.9710934992823136	0.9919939026448191	
0.6537599999999999	0.9255632631804491	0.971093539396281	0.9920011326095178	
0.65448	0.9255653392378588	0.9710935788483538	0.9920082995005212	
0.6551999999999999	0.9255673932276666	0.9710936176494535	0.9920154038670495	
0.65592	0.9255694253843305	0.9710936558103215	0.9920224462535585	
0.6566399999999999	0.9255714359398196	0.9710936933415217	0.9920294271997807	
0.6573599999999999	0.9255734251236406	0.9710937302534439	0.9920363472407654	
0.6580799999999999	0.9255753931628641	0.9710937665563062	0.9920432069069199	
0.6587999999999999	0.9255773402821502	0.9710938022601584	0.9920500067240489	
0.65952	0.9255792667037744	0.9710938373748842	0.9920567472133939	
0.6602399999999999	0.9255811726476525	0.9710938719102045	0.9920634288916734	
0.66096	0.9255830583313658	0.9710939058756792	0.9920700522711213	
0.6616799999999999	0.9255849239701854	0.9710939392807115	0.9920766178595252	
0.6624	0.9255867697770976	0.9710939721345487	0.9920831261602656	
0.6631199999999999	0.9255885959628274	0.9710940044462855	0.9920895776723528	
0.66384	0.9255904027358625	0.9710940362248668	0.992095972890466	
0.6645599999999999	0.9255921903024771	0.9710940674790899	0.9921023123049891	
0.66528	0.9255939588667554	0.9710940982176066	0.9921085964020493	
0.6659999999999999	0.9255957086306155	0.9710941284489266	0.9921148256635518	
0.66672	0.9255974397938307	0.9710941581814185	0.9921210005672184	
0.6674399999999999	0.9255991525540537	0.971144075494743	0.9921271215866222	
0.66816	0.9256008471068385	0.9712128757580655	0.9921331891912238	
0.6688799999999999	0.925602523645663	0.9712812505516507	0.9921392038464065	
0.6696	0.9256041823619501	0.9713492024376486	0.9921451660135122	
0.6703199999999999	0.9256058234450909	0.971416733963642	0.9921510761498754	
0.67104	0.925607447082465	0.9714838476627192	0.9921569347088585	
0.6717599999999999	0.9256090534594626	0.9715505460535452	0.9921627421398855	
0.67248	0.9256106427595049	0.971616831640434	0.9921684988884765	
0.6731999999999999	0.9256122151640659	0.9716827069134188	0.9921705310825388	
0.67392	0.9256137708526919	0.9717481743483242	0.9921705837071519	
0.6746399999999999	0.9256153100030232	0.9718132364068363	0.9921706355336223	
0.67536	0.9256168327908133	0.9718778955365733	0.9921706865740548	
0.6760799999999999	0.9256183393899491	0.9719421541711571	0.992170736840371	
0.6768	0.9256198299724716	0.9720060147302818	0.9921707863443118	
0.6775199999999999	0.9256213047085937	0.9720694796197851	0.9921708350974398	
0.67824	0.9256227637667216	0.9721325512317168	0.9921708831111421	
0.6789599999999999	0.9256242073134724	0.9721952319444097	0.9921709303966335	
0.67968	0.9256256355136941	0.9722575241225478	0.9921709769649584	
0.6803999999999999	0.9256270485304834	0.9723194301172359	0.9921710228269938	
0.68112	0.9256284465252055	0.9723809522660682	0.9921710679934517	
0.6818399999999999	0.9256298296575111	0.972442092893197	0.9921711124748815	
0.68256	0.9256311980853557	0.9725028543094013	0.9921711562816735	
0.6832799999999999	0.9256325519650168	0.9725632388121545	0.9921711994240588	
0.6839999999999999	0.9256338914511125	0.9726232486856923	0.9921712419121148	
0.68472	0.9256352166966184	0.9726828862010816	0.9921712837557651	
0.6854399999999999	0.9256365278528853	0.9727421536162858	0.9921713249647837	
0.68616	0.925637825069656	0.9728010531762341	0.9921713655487953	
0.6868799999999999	0.9256391084950835	0.9728595871128867	0.9921714055172793	
0.6876	0.9256403782757466	0.9729177576453032	0.9921714448795712	
0.6883199999999999	0.9256416345566675	0.9729755669797077	0.9921714836448653	
0.68904	0.9256428774813275	0.9730330173095557	0.9921715218222155	
0.6897599999999999	0.9256441071916842	0.9730901108156008	0.9921715594205391	
0.69048	0.9256453238281869	0.9731468496659584	0.9921715964486184	
0.6911999999999999	0.9256465275297935	0.9732032360161736	0.9921716329151015	
0.69192	0.9256477184339852	0.9732592720092853	0.9921716688285065	
0.6926399999999999	0.925648896676783	0.9733149597758911	0.9921717041972213	
0.69336	0.9256500623927632	0.9733703014342129	0.9921717390295075	
0.6940799999999999	0.9256512157150721	0.9734252990901605	0.9921717733335006	
0.6948	0.925652356775442	0.9734799548373968	0.9921718071172132	
0.6955199999999999	0.925653485704205	0.9735342707574017	0.992171840388536	
0.69624	0.9256546026303094	0.9735882489195354	0.9921718731552405	
0.6969599999999999	0.9256557076813333	0.9736418913811027	0.9921719054249801	
0.69768	0.9256568009834993	0.9736952001874156	0.992171937205292	
0.6983999999999999	0.9256578826616897	0.9737481773718573	0.9921719685035992	
0.69912	0.9256589528394588	0.9738008249559447	0.9921719993272122	
0.6998399999999999	0.9256600116390495	0.9738531449493907	0.9921720296833306	
0.70056	0.9256610591814056	0.9739051393501666	0.9921720595790446	
0.7012799999999999	0.9256620955861856	0.9739568101445653	0.9921720890213371	
0.702	0.9256631209717769	0.9740081593072613	0.9921721180170849	
0.7027199999999999	0.9256641354553095	0.9740591888013742	0.9921721465730609	
0.70344	0.9256651391526681	0.9741099005785289	0.9921721746959347	
0.7041599999999999	0.9256661321785069	0.9741602965789175	0.9921722023922749	
0.70488	0.925667114646262	0.9742103787313594	0.9921722296685512	
0.7055999999999999	0.9256680866681632	0.9742601489533625	0.992172256531134	
0.70632	0.9256690483552491	0.9743096091511841	0.9921722829862981	
0.7070399999999999	0.925669999817378	0.9743587612198898	0.9921723090402222	
0.70776	0.9256709411632407	0.9744076070434143	0.9921723346989925	
0.7084799999999999	0.9256718725003733	0.9744561484946209	0.9921723599686016	
0.7091999999999999	0.9256727939351697	0.9745043874353613	0.9921723848549521	
0.7099199999999999	0.9256737055728925	0.9745523257165337	0.9921724093638565	
0.7106399999999999	0.9256746075176864	0.9745999651781426	0.9921724335010396	
0.71136	0.9256754998725895	0.9746473076493578	0.9921724572721394	
0.7120799999999999	0.9256763827395448	0.9746943549485722	0.9921724806827078	
0.7128	0.925677256219412	0.9747411088834592	0.9921725037382132	
0.7135199999999999	0.9256781204119794	0.974787571251033	0.9921725264440405	
0.71424	0.9256789754159744	0.9748337438377042	0.9921725488054934	
0.7149599999999999	0.9256798213290761	0.9748796284193376	0.992172570827795	
0.71568	0.9256806582479251	0.9749252267613105	0.9921725925160887	
0.7163999999999999	0.9256814862681351	0.9749705406185684	0.9921726138754405	
0.71712	0.9256823054843035	0.9750155717356824	0.9921726349108396	
0.7178399999999999	0.9256831159900234	0.9750603218469058	0.9921726556271991	
0.71856	0.9256839178778923	0.9751047926762296	0.9921726760293579	
0.7192799999999999	0.925684711239524	0.975148985937439	0.9921726961220813	
