x	lowy	mediany	highy
-0.16939196	0.1250170692146402	0.2210448702286807	0.22569054203654504	
-0.16835056799	0.1250172783694087	0.22179574480418618	0.2261594328129829	
-0.16730917598	0.12501749008695406	0.22255176066283258	0.22663024043307956	
-0.16626778397	0.12501770439867635	0.22331294159146875	0.22710297024713824	
-0.16522639196	0.1250179213363604	0.22407931130547803	0.22757762759685896	
-0.16418499995	0.1250181409321804	0.22485089344525294	0.22805421781506624	
-0.16314360794	0.1250183632187047	0.2256277115726272	0.2285327462254344	
-0.16210221593	0.1250185882289007	0.2264097891672646	0.22901321814221093	
-0.16106082391999998	0.1250188159961396	0.22719714962300566	0.2294956388699379	
-0.16001943190999998	0.1250190465542015	0.2279898162441715	0.22998001370317142	
-0.15897803989999998	0.12501927993728032	0.2287878122418251	0.23046634792619883	
-0.15793664788999998	0.12501951617998888	0.22959116072999003	0.23095464681275396	
-0.15689525587999997	0.12501975531736398	0.23039988472182757	0.23144491562573055	
-0.15585386386999997	0.12501999738487174	0.23121400712577034	0.23193715961689337	
-0.15481247185999997	0.12502024241841272	0.23203355074161547	0.23243138402658767	
-0.15377107984999996	0.1250204904543273	0.23285853825657454	0.2329275940834461	
-0.15272968783999996	0.12502074152940107	0.23342579500409408	0.2336889922412828	
-0.15168829582999996	0.1250209956808702	0.23392599199285308	0.23452493514576622	
-0.15064690381999996	0.12502125294642707	0.23442819024144165	0.23536638929536774	
-0.14960551180999995	0.1250215133642259	0.23493239492867457	0.2362133768866322	
-0.14856411979999995	0.12502177697288816	0.23543861122016024	0.23706591998315074	
-0.14752272778999995	0.12502204381150855	0.23594684426799561	0.23792404051136412	
-0.14648133577999994	0.1250223139196607	0.2364570992104595	0.23878776025632675	
-0.14543994376999994	0.12502258733740299	0.23696938117170374	0.23965710085742953	
-0.14439855175999994	0.12502286410528457	0.23748369526144236	0.24053208380408442	
-0.14335715974999994	0.12502314426435132	0.23800004657463894	0.24141273043136846	
-0.14231576773999993	0.12502342785615195	0.23851844019119164	0.24229906191562994	
-0.14127437572999993	0.1250237149227441	0.23903888117561659	0.2431910992700553	
-0.14023298371999993	0.12502400550670073	0.2395613745767291	0.24408886334019825	
-0.13919159170999992	0.12502429965111622	0.2400859254273232	0.24499237479947106	
-0.13815019969999992	0.12502459739961297	0.24061253874384886	0.24590165414459872	
-0.13710880768999992	0.12502489879634762	0.2411412195260873	0.24681672169103588	
-0.13606741567999991	0.12502520388601787	0.24167197275682495	0.24773759756834823	
-0.1350260236699999	0.12502551271386889	0.24220480340152442	0.24866430171555715	
-0.1339846316599999	0.12502582532570014	0.24273971640799463	0.24959685387644964	
-0.1329432396499999	0.12502614176787205	0.24327671670605816	0.2505352735948534	
-0.1319018476399999	0.12502646208731308	0.24381580920721724	0.2514795802098778	
-0.1308604556299999	0.12502678633152645	0.24435699880431777	0.25242979285112077	
-0.1298190636199999	0.12502711454859733	0.24490029037121092	0.2533859304338436	
-0.1287776716099999	0.1250274467871999	0.24544568876241368	0.25434801165411236	
-0.1277362795999999	0.1250277830966046	0.24599319881276677	0.25531605498390875	
-0.1266948875899999	0.12502812352668544	0.24654282533709126	0.25629007866620884	
-0.12565349557999989	0.1250284681279273	0.24709457312984281	0.25727010071003265	
-0.12461210356999988	0.12502881695143356	0.24764844696476468	0.25825613888546306	
-0.12357071155999988	0.12502917004893352	0.24820445159453816	0.2592482107186369	
-0.12252931954999988	0.12502952747279017	0.24876259175043186	0.26024633348670745	
-0.12148792753999987	0.12502988927600792	0.24932287214194893	0.26125052421277994	
-0.12044653552999987	0.1250302555122404	0.249885297456472	0.26226079966082017	
-0.11940514351999987	0.12503062623579853	0.25044987235890726	0.26327717633053893	
-0.11836375150999986	0.12503100150165847	0.2510166014913261	0.2642996704522499	
-0.11732235949999986	0.12503138136546976	0.25158548947260495	0.26532829798170543	
-0.11628096748999986	0.12503176588356363	0.25215654089806383	0.2663630745949085	
-0.11523957547999986	0.12503215511296134	0.25272976033910277	0.26740401568290323	
-0.11419818346999985	0.12503254911138256	0.25330515234283657	0.2684511363465442	
-0.11315679145999985	0.12503294793725397	0.253882721431728	0.26950445139124657	
-0.11211539944999985	0.12503335164971793	0.25446247210321904	0.2705639753217161	
-0.11107400743999984	0.12503376030864125	0.25504440882936075	0.27162972233666277	
-0.11003261542999984	0.12503417397462396	0.2556285360564411	0.2727017063234964	
-0.10899122341999984	0.12503459270900844	0.25621485820461165	0.27377994085300766	
-0.10794983140999984	0.12503501657388838	0.2568033796675121	0.27486443917403386	
-0.10690843939999983	0.1250354456321181	0.2573941048118931	0.275955214208112	
-0.10586704738999983	0.1250358799473217	0.25798703797723854	0.2770522785441186	
-0.10482565537999983	0.12503631958390266	0.25858218347538464	0.2781556444329006	
-0.10378426336999982	0.12503676460705326	0.2591795455901388	0.2792653237818936	
-0.10274287135999982	0.12503721508276427	0.259779128576896	0.28038132814973493	
-0.10170147934999982	0.12503767107783476	0.2603809366622545	0.28150366874086663	
-0.10066008733999982	0.12503813265988198	0.2609849740436293	0.2826323564001345	
-0.09961869532999981	0.1250385998973513	0.26159124488886426	0.2837674016073817	
-0.09857730331999981	0.1250390728595265	0.262199753335843	0.28490881447203975	
-0.0975359113099998	0.12503955161653993	0.2628105034920982	0.2860566047277169	
-0.0964945192999998	0.12504003623938287	0.26342349943441945	0.28721078172678705	
-0.0954531272899998	0.12504052679991612	0.2640387452084594	0.2883713544349793	
-0.0944117352799998	0.12504102337088063	0.26465624482833905	0.28953833142596985	
-0.0933703432699998	0.12504152602590826	0.26527600227625125	0.29071172087597824	
-0.09232895125999979	0.1250420348395327	0.26589802150206315	0.29189153055836903	
-0.09128755924999979	0.12504254988720045	0.26652230642291685	0.29307776783826034	
-0.09024616723999979	0.12504307124528208	0.2671488609228292	0.2942704396671414	
-0.08920477522999978	0.1250435989910835	0.26777768885229003	0.2954695525774995	
-0.08816338321999978	0.12504546929317698	0.26840879402785944	0.29667511267746005	
-0.08712199120999978	0.12504809175048423	0.26904218023176324	0.2978871256454385	
-0.08608059919999977	0.12505086544668853	0.2696778512114878	0.29910559672480874	
-0.08503920718999977	0.12505379910238726	0.27031581067937327	0.3003305307185872	
-0.08399781517999977	0.12505690194084448	0.27095606231220615	0.30156193198413606	
-0.08295642316999977	0.12506018371694472	0.2715986097508099	0.3027998044278861	
-0.08191503115999976	0.12506365474781228	0.2722434565996351	0.30404415150008246	
-0.08087363914999976	0.12506732594519132	0.27289060642634844	0.30529497618955237	
-0.07983224713999976	0.12507120884968767	0.2735400627614202	0.30655228101849996	
-0.07879085512999975	0.12507531566697902	0.2741918290977112	0.3078160680373274	
-0.07774946311999975	0.1250796593061066	0.2748459088900587	0.30908633881948544	
-0.07670807110999975	0.1250842534199669	0.27550230555486066	0.3103630944563547	
-0.07566667909999975	0.12508911244812992	0.2761610224696598	0.3116463355521597	
-0.07462528708999974	0.12509425166211682	0.2768220629727266	0.312936062218918	
-0.07358389507999974	0.1250996872132774	0.27748543036264095	0.31423227407142484	
-0.07254250306999974	0.1251054361834165	0.27815112789787333	0.3155349702222775	
-0.07150111105999973	0.1251115166383257	0.2788191587963654	0.3168441492769389	
-0.07045971904999973	0.12511794768438697	0.2794895262351086	0.318159809328844	
-0.06941832703999973	0.1251247495284226	0.28016223334972357	0.3194819479545511	
-0.06837693502999972	0.12513194354097734	0.2808372832340378	0.32081056220893767	
-0.06733554301999972	0.12513955232322788	0.28151467893966264	0.32214564862044626	
-0.06629415100999972	0.12514759977772635	0.2821944234755699	0.3234872031863796	
-0.06525275899999972	0.12515611118319575	0.28287651980766776	0.3248352213682481	
-0.06421136698999971	0.12516511327360824	0.28356097085837584	0.32618969808717146	
-0.06316997497999971	0.12517463432178877	0.2842477795062	0.32755062771933713	
-0.06212858296999971	0.12518470422780156	0.28493694858530616	0.32891800409151617	
-0.061087190959999704	0.1251953546123902	0.28562848088509396	0.33029182047664096	
-0.0600457989499997	0.12520661891575793	0.28632237914977005	0.33167206958944284	
-0.0590044069399997	0.12521853250198972	0.2870186460779204	0.3330587435821576	
-0.057963014929999696	0.12523113276943568	0.28771728432208254	0.3344518340402941	
-0.05692162291999969	0.12524445926739178	0.2884182964883175	0.33585133197847444	
-0.05588023090999969	0.12525855381943304	0.2891216851357812	0.33725722783634265	
-0.05483883889999969	0.12527346065377398	0.2898274527762957	0.3386695114745478	
-0.053797446889999684	0.1252892265410508	0.29053560187392	0.3400881721708008	
-0.05275605487999968	0.12530590093994254	0.29124613484452083	0.34151319861600915	
-0.05171466286999968	0.12532353615107017	0.29195905405534295	0.3429445789104899	
-0.050673270859999675	0.12534218747963669	0.29267436182457973	0.34438230056026486	
-0.04963187884999967	0.12536191340729658	0.29339206042094323	0.34582635047343757	
-0.04859048683999967	0.1253827757737689	0.29411215206323404	0.34727671495665735	
-0.047549094829999666	0.12540483996873591	0.2948346389199119	0.3487333797116692	
-0.04650770281999966	0.1254281751345981	0.29555952310866573	0.35019632983195437	
-0.04546631080999966	0.12545285438068693	0.2962868066959832	0.35166554979946163	
-0.04442491879999966	0.1254789550095679	0.2970164916967215	0.3531410234814332	
-0.043383526789999655	0.1255065587561001	0.29774858007367777	0.35462273412732503	
-0.04234213477999965	0.1255357520399528	0.2984830737371592	0.3561106643658259	
-0.04130074276999965	0.12556662623231696	0.29921997454455396	0.35760479620197616	
-0.040259350759999646	0.12559927793758524	0.2999592842999024	0.35910511101438763	
-0.03921795874999964	0.12563380929081666	0.30070100475346784	0.3606115895525681	
-0.03817656673999964	0.1256703282718405	0.30144513760130887	0.3621242119343512	
-0.03713517472999964	0.12570894903689867	0.3021916844848507	0.3636429576434339	
-0.036093782719999634	0.12574979226877034	0.302940646990458	0.36516780552702466	
-0.03505239070999963	0.1257929855463678	0.30369202664900763	0.36669873379360185	
-0.03401099869999963	0.12583866373484262	0.30444582493546224	0.3682357200107873	
-0.032969606689999625	0.12588696939728908	0.30520204326844413	0.3697787411033344	
-0.03192821467999962	0.12593805322918536	0.3059606830098096	0.37132777335123424	
-0.03088682266999962	0.12599207451676464	0.30672174546422504	0.3728827923879403	
-0.029845430659999617	0.12604920162056457	0.30748523187874166	0.37444377319871514	
-0.028804038649999614	0.12610961248545902	0.3082511434423734	0.3760106901190997	
-0.02776264663999961	0.12617349517853507	0.3090194812856736	0.37758351683350716	
-0.026721254629999608	0.12624104845623635	0.3097902464803136	0.3791622263739433	
-0.025679862619999605	0.12631248236225578	0.31056344003866226	0.38074679111885584	
-0.024638470609999602	0.12638801885772125	0.3113390629133657	0.3823371827921123	
-0.0235970785999996	0.12646789248528065	0.3121171159969286	0.3839333724621111	
-0.022555686589999596	0.12655235106875595	0.31289760012129664	0.3855353305410248	
-0.021514294579999593	0.1266416564500985	0.3136805160574395	0.38714302678417817	
-0.02047290256999959	0.12673608526544153	0.3144658645149354	0.38875643028956364	
-0.019431510559999587	0.12683592976210803	0.3152536461415567	0.3903755094974935	
-0.018390118549999585	0.12694149865849386	0.3160438615228569	0.3920002321903924	
-0.01734872653999958	0.12705311804880545	0.31683651118175865	0.3936305654927302	
-0.01630733452999958	0.1271711323546897	0.317631595578143	0.3952664758710975	
-0.015265942519999576	0.12729590532584784	0.31842911510844074	0.39690792913442435	
-0.014224550509999573	0.12742782109177572	0.3192290701052246	0.3985548904343447	
-0.01318315849999957	0.127567285266819	0.3200314608368027	0.4002073242657062	
-0.012141766489999567	0.12771472611077136	0.3208362875068146	0.40186519446722807	
-0.011100374479999564	0.1278705957472765	0.3216435502538273	0.40352846422230765	
-0.010058982469999561	0.12803537144231855	0.322453249150935	0.40519709605997634	
-0.009017590459999558	0.1282095569450987	0.3232653842053586	0.40687105185600714	
-0.007976198449999555	0.12839368389359793	0.32407995535804807	0.40855029283417355	
-0.006934806439999552	0.1285883132871123	0.32489696248328626	0.41023477956766147	
-0.0058934144299995495	0.12879403702801834	0.325716405388295	0.4119244719806353	
-0.0048520224199995465	0.12901147953497802	0.32653828381284233	0.4136193293499586	
-0.0038106304099995436	0.12924129942972276	0.32736259742885265	0.41531931030707014	
-0.0027692383999995407	0.1294841912994608	0.3281893458400179	0.41702437284001664	
-0.0017278463899995378	0.12974088753682952	0.32901852858141195	0.4187344742956423	
-0.0006864543799995348	0.13001216025915818	0.32985014511910626	0.42044957138193645	
0.0003549376300004681	0.1302988233086149	0.33068419484978784	0.42216962017053855	
0.001396329640000471	0.1306017343345786	0.33152067710037986	0.4238945760994035	
0.002437721650000474	0.13092179695929704	0.3323595911276646	0.42562439397562474	
0.003479113660000477	0.13125996302756038	0.33320093611790824	0.42735902797841835	
0.00452050567000048	0.13161723494073205	0.33404471118648815	0.4290984316622663	
0.005561897680000483	0.1319946680750226	0.3348909153775236	0.43084255796022075	
0.006603289690000486	0.13239337328336878	0.3357395476635075	0.4325913591873683	
0.0076446817000004885	0.13281451947967324	0.33659060694494203	0.4343447870444555	
0.008686073710000491	0.13325933630346845	0.3374440920499764	0.4361027926216752	
0.009727465720000494	0.13372911686227762	0.33830000173404695	0.43786532640261305	
0.010768857730000497	0.1342252205480491	0.3391583346795211	0.439632338268356	
0.0118102497400005	0.13474907592302843	0.3400190894953426	0.4414037775017604	
0.012851641750000503	0.1353021836692906	0.3408822647166813	0.443179592791881	
0.013893033760000506	0.13588611959487829	0.3417478588045845	0.44495973223856083	
0.014934425770000509	0.1365025376880612	0.3426158701456322	0.4467441433571798	
0.015975817780000512	0.1371531732096422	0.34348629705159484	0.4485327730835644	
0.017017209790000515	0.13783984581147016	0.3443591377590945	0.45032556777905486	
0.018058601800000518	0.13856446266736794	0.3452343904292693	0.45212247323573257	
0.01909999381000052	0.1393290216005341	0.3461120531474408	0.45392343468180407	
0.020141385820000524	0.14013561418911552	0.3469921239227847	0.45572839678714305	
0.021182777830000526	0.14098642882906584	0.347874600688005	0.45753730366898937	
0.02222416984000053	0.14188375373059078	0.3487594812990119	0.45935009889780265	
0.023265561850000532	0.1428299798214264	0.3496467635346022	0.4611667255032716	
0.024306953860000535	0.14382760352689444	0.3505364450961446	0.4629871259804774	
0.025348345870000538	0.14487922939312675	0.35142852360726723	0.4648112422962091	
0.02638973788000054	0.14598757251604288	0.3523229966135497	0.4666390158954321	
0.027431129890000544	0.14715546073461305	0.35321986158221874	0.46847038770790567	
0.028472521900000547	0.14838583654263854	0.3541191159018472	0.4703052981549512	
0.02951391391000055	0.1496817586687597	0.35502075688205725	0.47214368715636795	
0.030555305920000553	0.15104640326966773	0.3559247817532274	0.4739854941374955	
0.031596697930000556	0.152483064676586	0.35683118766620314	0.4758306580364213	
0.03263808994000056	0.15399515563003635	0.35773997169201255	0.4776791173113319	
0.03367948195000056	0.1555862069327608	0.3586511308215842	0.4795308099480068	
0.034720873960000564	0.15725986644549844	0.3595646619654712	0.481385673467452	
0.03576226597000057	0.1590198973451885	0.360480561953578	0.48324364493367233	
0.03680365798000057	0.16087017556017785	0.36139882753489183	0.4851046609615812	
0.03784504999000057	0.16281468629226484	0.3623194553772188	0.4869686577250446	
0.038886442000000576	0.1648575195310297	0.3632424420669238	0.48883557096505875	
0.03992783401000058	0.16700286446203935	0.3641677841086749	0.49070533599805805	
0.04096922602000058	0.16925500266733018	0.36509547792519303	0.49257788772435296	
0.042010618030000585	0.17161830001425704	0.3660255198570046	0.4944531606366936	
0.04305201004000059	0.17409719712756014	0.3669579061622005	0.49633108882895877	
0.04409340205000059	0.1766961983395683	0.36789263301619807	0.4982116060049666	
0.045134794060000594	0.17941985901508378	0.3688296965115093	0.500094645487406	
0.0461761860700006	0.18227277115094076	0.3697690926575126	0.5019801402268846	
0.0472175780800006	0.18525954715577952	0.3707108173802299	0.503868022811093	
0.0482589700900006	0.18838480172352548	0.37165486652210855	0.5057582254740802	
0.049300362100000605	0.1916531317246905	0.37260123584180843	0.5076506801056406	
0.05034175411000061	0.19506909405322376	0.3735499210139933	0.5095453182608067	
0.05138314612000061	0.19863718138349246	0.374500917629128	0.5114420711694484	
0.052424538130000614	0.20236179581232827	0.37545422119328026	0.5133408697459718	
0.05346593014000062	0.2062472203851346	0.37640982712792775	0.5152416445991193	
0.05450732215000062	0.21029758853296943	0.3773677307697707	0.5171443260418653	
0.05554871416000062	0.21451685147938435	0.37832792737054893	0.5190488441014038	
0.056590106170000626	0.21890874371159852	0.3792904120968651	0.5209551285292289	
0.05763149818000063	0.2234767466502109	0.38025518003001296	0.5228631088113	
0.05867289019000063	0.22822405069485266	0.38122222616581086	0.5247727141782943	
0.059714282200000635	0.2331535158695739	0.382191545414441	0.5266838736159372	
0.06075567421000064	0.2382676313407856	0.383163132600294	0.5285965158754125	
0.06179706622000064	0.24356847413151972	0.3841369824618194	0.5305105694838488	
0.06283845823000064	0.2490576674077042	0.38511308965138125	0.5324259627548749	
0.06387985024000065	0.2547363387639827	0.3860914487351199	0.5343426237992442	
0.06492124225000065	0.2606050789870472	0.38707205419281937	0.5362604805355264	
0.06596263426000065	0.2666639018220329	0.3880549004177802	0.5381794607008576	
0.06700402627000066	0.2729122053106495	0.3890399817166987	0.5400994918617514	
0.06804541828000066	0.2793487353066405	0.3900272923095517	0.5420205014249629	
0.06908681029000066	0.2859715518031043	0.39101682632948714	0.5439424166484061	
0.07012820230000066	0.29227216655150984	0.39200857782272136	0.5458651646521184	
0.07116959431000067	0.29317461807853273	0.3930025407484413	0.5477886724292684	
0.07221098632000067	0.2940808559469126	0.393998708978714	0.5497128668572078	
0.07325237833000067	0.294990884365949	0.39499707629840114	0.551637674708557	
0.07429377034000068	0.29590470741602776	0.3959976364050807	0.5535630226623278	
0.07533516235000068	0.29682232904725914	0.3970003829089741	0.5554888373150753	
0.07637655436000068	0.29774375307811746	0.39800530933288025	0.5574150451920756	
0.07741794637000068	0.298668983194081	0.3990124091121154	0.5593415727585277	
0.07845933838000069	0.2995980229462729	0.4000216755944595	0.5612683464307748	
0.07950073039000069	0.30053087575010395	0.4010331020401095	0.5631952925875414	
0.08054212240000069	0.3014675448839159	0.4020466816216381	0.5651223375811818	
0.08158351441000067	0.302408033487627	0.4030624074239598	0.5670494077489386	
0.0826249064200007	0.3033523445613795	0.40408027244430356	0.5689764294242057	
0.08366629843000073	0.30430048096418905	0.40510026959219114	0.5709033289477908	
0.0847076904400007	0.30525244541259633	0.40612239168942305	0.5728300326791782	
0.08574908245000068	0.3062082404793216	0.4127673304284457	0.574756467007784	
0.08679047446000071	0.30716786859192224	0.42153505178951906	0.5766825583642016	
0.08783186647000074	0.3081313320314524	0.4303305682006213	0.578608233231434	
0.08887325848000072	0.30909863293112694	0.43914013470474655	0.580533418156109	
0.08991465049000069	0.31006977327498875	0.4479499182355741	0.5824580397596753	
0.09095604250000072	0.31104475489657957	0.4567460843641379	0.5843820247495708	
0.09199743451000075	0.3120235794776145	0.46551488406364516	0.5863052999303664	
0.09303882652000073	0.31300624854666187	0.4742427393386368	0.588227792214877	
0.0940802185300007	0.31399276347782645	0.4829163265905284	0.5901494286352374	
0.09512161054000073	0.31498312548943874	0.49152265664277467	0.59207013635394	
0.09616300255000076	0.31597733564274755	0.500049150423719	0.5939898426748293	
0.09720439456000074	0.31697539484061965	0.5084837094010544	0.5959084750540526	
0.09824578657000071	0.31797730382624406	0.51681477997555	0.5978259611109602	
0.09928717858000075	0.3189830631818422	0.5250314111695681	0.5997422286389529	
0.10032857059000078	0.3199926733273842	0.5331233050838742	0.6016572056162744	
0.10136996260000075	0.32100613451931154	0.5410808597400958	0.6035708202167438	
0.10241135461000073	0.32202344684926654	0.5488952040717195	0.6054830008204256	
0.10345274662000076	0.3230446102428287	0.5565582249697247	0.6073936760242327	
0.10449413863000079	0.32406962445825727	0.5640625864261279	0.609302774652461	
0.10553553064000076	0.32509848908524286	0.5714017409466131	0.611210225767251	
0.10657692265000074	0.3261312035436653	0.5785699335193373	0.6131159586789738	
0.10761831466000077	0.3271677670823607	0.5855621985288106	0.6150199029565373	
0.1086597066700008	0.3282081787778955	0.5923743500899836	0.6169219884376105	
0.10970109868000077	0.3292524375333497	0.5990029663474253	0.6188221452387632	
0.11074249069000075	0.33030054207710946	0.6054453683374927	0.6207203037655168	
0.11178388270000078	0.33135249096166786	0.611699594047902	0.6226163947223038	
0.11282527471000081	0.33240828256243526	0.6177643683298666	0.6245103491223325	
0.11386666672000079	0.3334679150765596	0.623639069324046	0.6264020982973562	
0.11490805873000076	0.33453138652175646	0.6282915739073407	0.6293236920543809	
0.11594945074000079	0.3355986947351499	0.6301787079500298	0.6348188098251016	
0.11699084275000082	0.3366698373721224	0.6320634327704053	0.6401255340275432	
0.1180322347600008	0.3377448119051772	0.6339456810700381	0.6452454729267019	
0.11907362677000077	0.3388236156228109	0.6358253859163299	0.650180689954509	
0.1201150187800008	0.33990624562839766	0.63770248075164	0.6549336619893329	
0.12115641079000083	0.3409926988390851	0.6395768994022971	0.6595072380508488	
0.12219780280000081	0.3420829719847019	0.6414485760874925	0.6639045987876062	
0.12323919481000079	0.34317706160667827	0.6433174454280526	0.6681292170826749	
0.12428058682000082	0.34427496405697844	0.6451834424550887	0.6721848200517606	
0.12532197883000085	0.34537667549704626	0.6470465026185206	0.676075352659085	
0.12636337084000082	0.34648219189676366	0.6489065617954736	0.6798049431298426	
0.1274047628500008	0.34759150903342323	0.6507635562985459	0.6833778702947365	
0.12844615486000083	0.34870462249071393	0.652617422883944	0.6867985329623563	
0.12948754687000086	0.3498215276577208	0.654468098759484	0.690071421379243	
0.13052893888000083	0.3509422197279396	0.6563155215924582	0.6932010908054956	
0.1315703308900008	0.35206669369830557	0.6581596295173642	0.6961921372057248	
0.13261172290000084	0.3531949443682375	0.6600003611434943	0.6990491750309943	
0.13365311491000087	0.3543269663386964	0.6618376555623833	0.7017768170469061	
0.13469450692000084	0.3554627540112606	0.6636714523551156	0.7043796561460409	
0.13573589893000082	0.35660230158721584	0.6655016915994868	0.7068622490692477	
0.13677729094000085	0.35774560306666214	0.6673283138770199	0.7092291019495612	
0.13781868295000088	0.35889265224763667	0.6691512602798337	0.7114846575845052	
0.13886007496000086	0.3600434427252534	0.6709704724173644	0.7136332843369085	
0.13990146697000083	0.3611979678908598	0.6727858924229357	0.7156792665608639	
0.14094285898000086	0.3623562209312112	0.6745974629601792	0.7176267964477686	
0.1419842509900009	0.3635181948276619	0.6764051272293012	0.719479967187283	
0.14302564300000087	0.36468388235537497	0.6782088289731982	0.7212427673392374	
0.14406703501000084	0.3658532760825498	0.6800085124834163	0.7229190763148059	
0.14510842702000087	0.3670263683696686	0.6818041226059568	0.7245126608684216	
0.1461498190300009	0.3682031513687608	0.6835956047469246	0.7260271725057544	
0.14719121104000088	0.3693836170226872	0.6853829048780207	0.7274661457174416	
0.14823260305000086	0.37056775706444345	0.6871659695418774	0.7288329969529938	
0.14927399506000089	0.371755563016483	0.688944745857234	0.7301310242542893	
0.15031538707000092	0.37294702619005937	0.6907191815239544	0.7313634074731948	
0.1513567790800009	0.3741421376845896	0.6924892248278864	0.7325332090030215	
0.15239817109000087	0.375340888387038	0.6942548246455597	0.7336433749586699	
0.1534395631000009	0.3765432689713196	0.6960159304487246	0.7346967367453754	
0.15448095511000093	0.37774926989772606	0.6977724923087307	0.7356960129608766	
0.1555223471200009	0.3789588814123717	0.699524460900744	0.7366438115805742	
0.15656373913000088	0.3801720935466622	0.7012717875078047	0.7375426323797719	
0.1576051311400009	0.381388896116784	0.7030144240247225	0.7383948695513997	
0.15864652315000094	0.38260927872321665	0.7047523229618118	0.7392028144816843	
0.15968791516000092	0.383833230750267	0.7064854374484667	0.7399686586500389	
0.1607293071700009	0.3850607413656266	0.7082137212365747	0.7406944966230111	
0.16177069918000092	0.3862917995199518	0.7099371287037698	0.7413823291154342	
0.16281209119000095	0.38752639394646604	0.7116556148565246	0.7420340660949933	
0.16385348320000093	0.38876451316058735	0.7133691353330848	0.742651529909232	
0.1648948752100009	0.39000614545957824	0.7150776464062408	0.7432364584166254	
0.16593626722000093	0.39125127892221956	0.7167811049859438	0.7437905081057008	
0.16697765923000096	0.39249990140850916	0.7184794686217597	0.744315257188355	
0.16801905124000094	0.3937520005593845	0.7201726955051666	0.7448122086554683	
0.1690604432500009	0.3950075637964698	0.7218607444716958	0.7452827932846873	
0.17010183526000094	0.39626657832184875	0.7235435750029136	0.7457283725918453	
0.17114322727000097	0.39752903111786114	0.725221147228249	0.7461502417189244	
0.17218461928000095	0.3987949089469262	0.7268934219266646	0.7465496322527418	
0.17322601129000093	0.4000641983513906	0.7285603605281741	0.7469277149696923	
0.17426740330000096	0.40133688565340253	0.730221925115206	0.7472856025028941	
0.175308795310001	0.4026129569548116	0.731878078423814	0.7476243519289815	
0.17635018732000096	0.40389239813709527	0.7335287838447366	0.7479449672725882	
0.17739157933000094	0.40517519486131165	0.7351740054243057	0.7482484019272547	
0.17843297134000097	0.40646133256807887	0.736813707865206	0.7485355609921032	
0.179474363350001	0.40775079647758095	0.7384478565270852	0.7488073035241529	
0.18051575536000097	0.40904357158960114	0.740076417427019	0.7490644447066015	
0.18155714737000095	0.41033964268358275	0.7416993572398279	0.7493077579337935	
0.18259853938000098	0.41163899431871664	0.7433166432982519	0.7495379768139252	
0.183639931390001	0.4129416108340565	0.7449282435929786	0.7497557970908204	
0.18468132340000099	0.4142474763486626	0.7465341267725336	0.7499618784863418	
0.18572271541000096	0.41555657476177266	0.7481342621430274	0.7501568464652015	
0.186764107420001	0.41686888975300107	0.7497286196677644	0.7503412939240834	
0.18780549943000102	0.4181844047825666	0.750515782807124	0.7513171699667143	
0.188846891440001	0.41950310309154837	0.7506808456498828	0.7528998843158476	
0.18988828345000097	0.42082496770217037	0.7508369870540134	0.7544767346463374	
0.190929675460001	0.42214998141811494	0.7509846850948908	0.7560476935436271	
0.19197106747000103	0.4234781268248648	0.7511243926644812	0.7576127342463683	
0.193012459480001	0.42480938629007403	0.7512565387517522	0.7591718306452281	
0.19405385149000098	0.4261437419639689	0.7513815296629242	0.7607249572815702	
0.19509524350000101	0.4274811757797772	0.7514997501838445	0.7622720893460093	
0.19613663551000105	0.4288216694541871	0.7516115646867513	0.7638132026768403	
0.19717802752000102	0.4301652044878355	0.7517173181836501	0.7653482737583466	
0.198219419530001	0.4315117621658267	0.7518173373284975	0.7668772797189877	
0.19926081154000103	0.4328613235582796	0.7519119313703357	0.7684001983294673	
0.20030220355000106	0.4342138695209052	0.7520013930594669	0.7699170080006845	
0.20134359556000103	0.4355693806956142	0.7520859995087128	0.7714276877815716	
0.202384987570001	0.4369278375111546	0.7521660130117375	0.7729322173568165	
0.20342637958000104	0.4382892201837787	0.7522416818203539	0.7744305770444766	
0.20446777159000107	0.4396535087179408	0.7523132408826778	0.7759227477934811	
0.20550916360000104	0.44102068290702456	0.752380912543924	0.7774087111810276	
0.20655055561000102	0.44239072233410176	0.7524449072115811	0.7788884494098736	
0.20759194762000105	0.44376360637271933	0.7525054239866343	0.7803619453055237	
0.20863333963000108	0.4451393141877185	0.7525626512624467	0.781829182313317	
0.20967473164000106	0.4465178247360835	0.7526167672928442	0.7832901444954141	
0.21071612365000103	0.4478991167678204	0.7526679407308872	0.7847448165276881	
0.21175751566000106	0.44928316882686725	0.7527163311397542	0.7861931836965199	
0.2127989076700011	0.45066995925203346	0.752762089477102	0.7876352318955002	
0.21384029968000107	0.4520594661779704	0.7528053585542056	0.7890709476220417	
0.21488169169000104	0.4534516675361723	0.752846273471132	0.7905003179739014	
0.21592308370000107	0.45484654105600714	0.7528849620291382	0.791923330645617	
0.2169644757100011	0.4562440642657787	0.7529215451214376	0.7933399739248573	
0.21800586772000108	0.4576442144938175	0.7529561371034229	0.7947502366886917	
0.21904725973000105	0.45904696886960433	0.7529888461433853	0.7961541083997778	
0.22008865174000108	0.4604523043249221	0.7530197745547228	0.7975515791024719	
0.22113004375000112	0.46186019759503855	0.7530490191105781	0.798942639418861	
0.2221714357600011	0.4632706252199192	0.7530766713418129	0.800327280544723	
0.22321282777000107	0.46468356354547113	0.75310281781917	0.8017054942454139	
0.2242542197800011	0.4660989887248158	0.7531275404204416	0.8030772728516842	
0.22529561179000113	0.467516876719592	0.7531509165834194	0.8044426092554277	
0.2263370038000011	0.46893720330128924	0.7531730195453656	0.8058014969053646	
0.22737839581000108	0.47035994405261095	0.7531939185697051	0.807153929802662	
0.2284197878200011	0.4717850743688669	0.7532136791606074	0.8084999024964893	
0.22946117983000114	0.47321256945939544	0.753232363266092	0.8098394100795169	
0.2305025718400011	0.47464240434901545	0.7532500294702573	0.8111724481833564	
0.2315439638500011	0.4760745538795076	0.7532667331752094	0.8124990129739452	
0.23258535586000112	0.47750899271112507	0.7532825267732277	0.8138191011468763	
0.23362674787000115	0.47894569532413256	0.7532974598096869	0.8151327099226781	
0.23466813988000113	0.4803846360203754	0.7533115791372234	0.8164398370420443	
0.2357095318900011	0.48182578892487676	0.7533249290616086	0.8177404807610155	
0.23675092390000113	0.4832691279874642	0.7533375514797714	0.8190346398461158	
0.23779231591000116	0.4847146269844235	0.7533494860103834	0.8203223135694454	
0.23883370792000114	0.4861622595201823	0.7533607701174078	0.8216035017037321	
0.2398750999300011	0.4876119990290212	0.7533714392269832	0.8228782045173421	
0.24091649194000114	0.4890638187768124	0.7533815268379987	0.824146422769254	
0.24195788395000117	0.49051769186278704	0.7533910646266979	0.8254081577039959	
0.24299927596000115	0.4919735912213291	0.7534000825456316	0.8266634110465494	
0.24404066797000112	0.4934314896237979	0.7534086089172611	0.8279121849972205	
0.24508205998000115	0.4948913596803765	0.7534166705224978	0.8291544822264814	
0.24612345199000119	0.4963531738419476	0.7534242926844543	0.8303903058697821	
0.24716484400000116	0.497816904401996	0.7534314993476594	0.831619659522337	
0.24820623601000114	0.49928252349853786	0.753438313152985	0.8328425472338854	
0.24924762802000117	0.5007500031160753	0.7534447555085132	0.8340589735034304	
0.2502890200300012	0.5022193150875779	0.7534508466565625	0.8352689432739541	
0.25133041204000117	0.503690431096489	0.7534566057370801	0.8364724619271154	
0.25237180405000115	0.5051633226787584	0.7534620508475982	0.8376695352779291	
0.2534131960600012	0.5066379612248985	0.7534671990999348	0.8388601695694284	
0.2544545880700012	0.5081143179820675	0.7534720666738199	0.8400443714673133	
0.2554959800800012	0.509592364056175	0.7534766688676113	0.8412221480545856	
0.25653737209000116	0.5110720704140136	0.7534810201462545	0.842393506826174	
0.2575787641000012	0.5125534078854128	0.7534851341866408	0.8435584556835473	
0.2586201561100012	0.5140363471654184	0.7534890239204999	0.8447170029293214	
0.2596615481200012	0.5155208588164923	0.7534927015749628	0.845869157261859	
0.26070294013000117	0.5170069132707392	0.7534961787109212	0.8470149277698635	
0.2617443321400012	0.5184944808321528	0.7534994662592998	0.8481543239269719	
0.26278572415000123	0.5199835316788844	0.7535025745553595	0.8492873555863414	
0.2638271161600012	0.5214740358655364	0.7535055133711338	0.8504140329752402	
0.2648685081700012	0.5229659633254734	0.7535082919461016	0.8515343666896353	
0.2659099001800012	0.5244592838731577	0.7535109190161919	0.8526483676887853	
0.26695129219000124	0.5259539672065034	0.7535134028412112	0.8537560472898336	
0.2679926842000012	0.527449982909253	0.7535157512307776	0.8548574171624106	
0.2690340762100012	0.5289473004533725	0.7535179715688454	0.8559524893232392	
0.2700754682200012	0.5304458892014668	0.7535200708368931	0.8570412761307485	
0.27111686023000126	0.5319457184092149	0.753522055635852	0.858123790279697	
0.27215825224000123	0.5334467572278231	0.7535239322068383	0.859200044795805	
0.2731996442500012	0.5349489747064973	0.7535257064507592	0.8602700530304	
0.27424103626000124	0.5364523397949342	0.7535273839468501	0.8613338286550727	
0.27528242827000127	0.5379568213458279	0.753528969970203	0.8623913856563472	
0.27632382028000124	0.5394623881173963	0.7535304695083404	0.863442738330367	
0.2773652122900012	0.5409690087759234	0.7535318872768866	0.8644879012775968	
0.27840660430000125	0.5424766518983171	0.7535332277343861	0.86552688939754	
0.2794479963100013	0.543985285974685	0.753534495096314	0.8665597178834754	
0.28048938832000125	0.5454948794109236	0.7535356933483237	0.8675864022172141	
0.28153078033000123	0.5470054005313245	0.7535368262587736	0.8686069581638738	
0.28257217234000126	0.5485168175811941	0.7535378973905699	0.8696214017666776	
0.2836135643500013	0.5500290987294877	0.7535389101123661	0.8706297493417726	
0.28465495636000127	0.5515422120714577	0.7535398676091509	0.8716320174730723	
0.28569634837000124	0.5530561256313151	0.75354077289226	0.8726282230071237	
0.28673774038000127	0.5545708073649037	0.7535416288088417	0.8736183830479989	
0.2877791323900013	0.5560862251623864	0.7535424380508076	0.8746025149522113	
0.2888205244000013	0.5576023468509432	0.7535432031632949	0.8755806363236607	
0.28986191641000125	0.5591191401974827	0.7535439265526678	0.8765527650086045	
0.2909033084200013	0.5606365729113607	0.7535446104940831	0.8775189190906572	
0.2919447004300013	0.5621546126471133	0.7535452571386425	0.8784791168858191	
0.2929860924400013	0.5636732270071971	0.7535458685201564	0.879433376937535	
0.29402748445000126	0.5651923835447401	0.7535464465615382	0.8803817180117831	
0.2950688764600013	0.5667120497663016	0.753546993080851	0.8813241590921957	
0.2961102684700013	0.5682321931346405	0.7535475097970229	0.8822607193752101	
0.2971516604800013	0.5697527810714902	0.7535479983352528	0.8831914182652548	
0.2981930524900013	0.5712737809603441	0.7535484602321203	0.8841162753699664	
0.2992344445000013	0.5727951601492454	0.7535488969404179	0.8850353104954416	
0.30027583651000134	0.5743168859535832	0.7535493098337188	0.8859485436415226	
0.3013172285200013	0.5758389256588977	0.7535497002106966	0.8868559949971191	
0.3023586205300013	0.5773612465236864	0.7535500692992088	0.8877576849355631	
0.3034000125400013	0.5788838157822194	0.7535504182601583	0.8886536340100032	
0.30444140455000135	0.5804066006473563	0.7535507481911445	0.8895438629488314	
0.3054827965600013	0.5819295683133683	0.7535510601299137	0.8904283926511504	
0.3065241885700013	0.5834526859587637	0.7535513550576244	0.8913072441822762	
0.30756558058000133	0.5849759207491154	0.753551633901931	0.8921804387692793	
0.30860697259000136	0.5864992398398923	0.7535518975399031	0.8930479977965639	
0.30964836460000134	0.5880226103792903	0.7535521468007824	0.8939099428014858	
0.3106897566100013	0.5895459995110675	0.7535523824685911	0.8947662954700097	
0.31173114862000134	0.5910693743773774	0.7535526052845977	0.8956170776324058	
0.31277254063000137	0.5925927021216049	0.7535528159496481	0.896462311258985	
0.31381393264000135	0.5941159498911996	0.7535530151263702	0.8973020184558759	
0.3148553246500013	0.5956390848405103	0.7535532034412573	0.8981362214608414	
0.31589671666000135	0.597162074133618	0.7535533814866391	0.8989649426391348	
0.3169381086700014	0.5986848849471653	0.7535535498225441	0.8997882044793989	
0.31797950068000136	0.6002074844731862	0.7535537089784616	0.9006060295896048	
0.31902089269000133	0.6017298399219312	0.7535538594550063	0.9014184406930317	
0.32006228470000136	0.6032519185246895	0.7535540017254935	0.9022254606242901	
0.3211036767100014	0.6047736875366075	0.7535541362374268	0.9030271123253841	
0.32214506872000137	0.6062951142395032	0.7535542634139075	0.9038234188418186	
0.32318646073000135	0.607816165944675	0.7535543836549626	0.9046144033187457	
0.3242278527400014	0.6093368099957057	0.7535544973388059	0.9054000889971558	
0.3252692447500014	0.6108570137712606	0.7535546048230248	0.9061804992101089	
0.3263106367600014	0.6123767446878782	0.7535547064457075	0.9069556573790104	
0.32735202877000136	0.6138959702027562	0.7535548025265046	0.9077255870099272	
0.3283934207800014	0.6154146578165272	0.7535548933676356	0.9084903116899491	
0.3294348127900014	0.6169327750760291	0.7535549792548389	0.9092498550835902	
0.3304762048000014	0.6184502895770648	0.7535550604582704	0.9100042409292352	
0.33151759681000137	0.6199671689671553	0.7535551372333539	0.9107534930356269	
0.33255898882000134	0.6214833809482814	0.7535552098215839	0.9114976352783983	
0.33360038083000143	0.6229988932796164	0.7535552784512853	0.9122366915966453	
0.3346417728400014	0.6245136737802486	0.7535553433383319	0.9129706859895436	
0.3356831648500014	0.6260276903318921	0.7535554046868251	0.9136996425130093	
0.33672455686000147	0.6275409108815879	0.753555462689736	0.9144235852764002	
0.33776594887000144	0.6290533034443903	0.7535555175295121	0.9151425384392609	
0.3388073408800014	0.6305648361060443	0.7535555693786516	0.9158565262081109	
0.3398487328900014	0.6320754770256478	0.7535556184002455	0.916565572833275	
0.34089012490000137	0.6335851944383021	0.7535556647484911	0.9172697026057562	
0.34193151691000145	0.6350939566577471	0.7535557085691766	0.9179689398541512	
0.34297290892000143	0.6366017320789837	0.7535557500001402	0.9186633089416082	
0.3440143009300014	0.6381084891808817	0.7535557891717025	0.9193528342628268	
0.3450556929400015	0.6396141965287713	0.7535558262070782	0.9200375402411013	
0.34609708495000147	0.6411188227770197	0.7535558612227616	0.9207174513254038	
0.34713847696000144	0.6426223366715927	0.753555894328895	0.9213925919875111	
0.3481798689700014	0.6441247070525987	0.7535559256296138	0.9220629867191729	
0.3492212609800014	0.6456259028568165	0.7535559552233747	0.9227286600293214	
0.3502626529900015	0.6471258931202053	0.7535559832032649	0.923389636441322	
0.35130404500000145	0.6486246469803973	0.7535560096572953	0.9240459404902662	
0.3523454370100014	0.6501221336791734	0.7535560346686774	0.9246975967203048	
0.3533868290200015	0.6516183225649183	0.7535560583160845	0.9253446296820226	
0.3544282210300015	0.6531131830950575	0.7535560806739	0.9259870639298536	
0.35546961304000146	0.6546066848384768	0.7535561018124505	0.9266249240195361	
0.35651100505000144	0.6560987974779195	0.7535561217982275	0.9272582345056096	
0.3575523970600014	0.657589490812365	0.7535561406940965	0.9278870199389505	
0.3585937890700015	0.6590787347593859	0.7535561585594946	0.9285113048643479	
0.3596351810800015	0.6605664993574862	0.7535561754506179	0.9291311138181193	
0.36067657309000145	0.6620527547684164	0.7535561914205975	0.9297464713257663	
0.36171796510000154	0.6635374712794684	0.7535562065196671	0.9303574018996682	
0.3627593571100015	0.6650206193057465	0.7535562207953211	0.9309639300368155	
0.3638007491200015	0.6665021693924195	0.7535562342924638	0.9315660802165814	
0.36484214113000146	0.6679820922169469	0.7535562470535505	0.932163876898533	
0.36588353314000144	0.6694603585912842	0.7535562591187216	0.9327573445202783	
0.3669249251500015	0.6709369394640637	0.7535562705259283	0.9333465074953544	
0.3679663171600015	0.672411805922753	0.7535562813110519	0.9339313902111498	
0.3690077091700015	0.6738849291957886	0.7535562915080173	0.9345120170268664	
0.37004910118000156	0.675356280654686	0.7535563011488993	0.9350884122715186	
0.37109049319000154	0.676825831816124	0.7535563102640235	0.9356606002419671	
0.3721318852000015	0.6782935543440066	0.7535563188820614	0.9362286052009913	
0.3731732772100015	0.6797594200514975	0.7535563270301215	0.9367924513753976	
0.37421466922000146	0.6812234009030301	0.7535563347338335	0.9373521629541623	
0.37525606123000155	0.6826854690162926	0.7535563420174296	0.9379077640866116	
0.3762974532400015	0.6841455966641856	0.7535563489038206	0.9384592788806356	
0.3773388452500015	0.6856037562767553	0.7535563554146676	0.9390067314009389	
0.3783802372600016	0.6870599204430994	0.7535563615704505	0.9395501456673243	
0.37942162927000156	0.6885140619132457	0.7535563673905328	0.9400895456530112	
0.38046302128000153	0.6899661536000056	0.7535563728932212	0.9406249552829895	
0.3815044132900015	0.6914161685807987	0.7535563780958249	0.9411563984324054	
0.3825458053000015	0.6928640800994513	0.7535563830147085	0.9416838989249814	
0.38358719731000157	0.694309861567967	0.7535563876653447	0.9422074805314695	
0.38462858932000155	0.6957534865682684	0.7535563920623621	0.9427271669681369	
0.3856699813300015	0.6971949288539134	0.7535563962195915	0.943242981895285	
0.3867113733400016	0.6986341623517812	0.7535564001501096	0.9437549489157989	
0.3877527653500016	0.7000711611637301	0.75355640386628	0.9442630915737305	
0.38879415736000156	0.7015058995682286	0.7535564073797918	0.944767433352912	
0.38983554937000153	0.7029383520219556	0.7535564107016971	0.9452679976756008	
0.3908769413800015	0.7043684931613736	0.7535564138424448	0.9457648079011552	
0.3919183333900016	0.7057962978042716	0.7535564168119141	0.9462578873247414	
0.39295972540000157	0.7072217409512791	0.7535564196194459	0.946747259176069	
0.39400111741000154	0.7086447977873522	0.753556422273871	0.9472329466181574	
0.39504250942000163	0.7100654436832291	0.7535564247835389	0.9477149727461327	
0.3960839014300016	0.7114836541968552	0.7535564271563442	0.9481933605860514	
0.3971252934400016	0.7128994050747809	0.7535564293997503	0.9486681330937552	
0.39816668545000156	0.7143126722535283	0.753931422595541	0.9491393131537524	
0.39920807746000153	0.7157234318609278	0.7549979378138301	0.9496069235781297	
0.4002494694700016	0.7171316602174257	0.7560625064345292	0.9500709871054889	
0.4012908614800016	0.7185373338373607	0.7571251193759029	0.9505315263999145	
0.40233225349000157	0.7199404294302123	0.758185767642531	0.9509885640499658	
0.40337364550000165	0.7213409239018165	0.7592444423254464	0.9514421225676971	
0.40441503751000163	0.7227387943555529	0.7603011346022676	0.951892224387704	
0.4054564295200016	0.7241340180935019	0.7613558357373224	0.9523388918661964	
0.4064978215300016	0.7255265726175701	0.7624085370817648	0.9527821472800965	
0.40753921354000155	0.7269164356305867	0.7634592300736858	0.9532220128261637	
0.40858060555000164	0.7283035850373691	0.7645079062382143	0.9536585106201433	
0.4096219975600016	0.7296879989457575	0.7655545571876136	0.95409166269594	
0.4106633895700016	0.7310696556676204	0.7665991746213688	0.9545214910048181	
0.4117047815800017	0.7324485337198287	0.7676417503262686	0.9549480174146232	
0.41274617359000165	0.7338246118251993	0.7686822761764778	0.9553712637090299	
0.41378756560000163	0.7351978689134093	0.7697207441336054	0.9557912515868113	
0.4148289576100016	0.7365682841218787	0.7707571462467631	0.956208002661134	
0.4158703496200016	0.7379358367966233	0.771791474652619	0.9566215384588734	
0.41691174163000166	0.7393005064930777	0.7728237215754425	0.9570318804199539	
0.41795313364000164	0.7406622729768857	0.7738538793271432	0.9574390498967101	
0.4189945256500016	0.7420211162246647	0.7748819403073027	0.9578430681532705	
0.4200359176600017	0.7433770164247354	0.7759078970031996	0.9582439563649626	
0.4210773096700017	0.7447299539778239	0.7769317419898268	0.9586417356177399	
0.42211870168000165	0.7460799094977332	0.7779534679299039	0.9590364269076299	
0.4231600936900016	0.7474268638119843	0.7789730675738807	0.9594280511402014	
0.4242014857000016	0.7487707979624278	0.7799905337599353	0.9598166291300543	
0.4252428777100017	0.7501116932058253	0.7810058594139647	0.9602021816003289	
0.42628426972000166	0.7514495310144005	0.7820190375495695	0.9605847291822344	
0.42732566173000164	0.7527842930763622	0.7830300612680315	0.960964292414597	
0.4283670537400017	0.7535564610619134	0.7840389237582848	0.9613408917434288	
0.4294084457500017	0.7535564614563053	0.7850456182968802	0.961714547521513	
0.4304498377600017	0.7535564618291892	0.7860501382479439	0.9620852800080101	
0.43149122977000165	0.7535564621817383	0.7870524770631283	0.9624531093680815	
0.4325326217800016	0.7535564625150613	0.788052628281558	0.9628180556725316	
0.4335740137900017	0.7535564628302069	0.7890505855297681	0.9631801388974667	
0.4346154058000017	0.753556463128166	0.7900463425216374	0.9635393789239717	
0.43565679781000166	0.7535564634098765	0.7910398930583141	0.9638957955378058	
0.43669818982000175	0.7535564636762239	0.7920312310281363	0.9642494084291124	
0.4377395818300017	0.7535564639280464	0.7930203504065453	0.964600237192148	
0.4387809738400017	0.7535564641661359	0.7940072452559942	0.9649483013250253	
0.4398223658500017	0.7535564643912412	0.7949919097258492	0.9652936202294746	
0.44086375786000165	0.7535564646040708	0.7959743380522852	0.9656362132106198	
0.44190514987000173	0.7535564648052937	0.7969545245581758	0.9659760994767693	
0.4429465418800017	0.7535564649955432	0.797932463652976	0.9663132981392248	
0.4439879338900017	0.7535564651754176	0.7989081498326017	0.9666478282121017	
0.44502932590000177	0.7535564653454825	0.7998815776793008	0.9669797086121671	
0.44607071791000175	0.7535564655062733	0.8008527418615188	0.9673089581586906	
0.4471121099200017	0.7535564656582953	0.801821637133761	0.9676355955733107	
0.4481535019300017	0.753556465802027	0.8027882583364458	0.9679596394799137	
0.44919489394000167	0.7535564659379204	0.8037526003957549	0.9682811084045281	
0.45023628595000176	0.7535564660664029	0.8047146583234766	0.9686000207752307	
0.45127767796000173	0.7535564661878787	0.8056744272168431	0.9689163949220672	
0.4523190699700017	0.7535564663027299	0.8066319022583649	0.9692302490769853	
0.4533604619800018	0.7535564664113178	0.8075870787156568	0.9695416013737814	
0.45440185399000177	0.7535564665139839	0.8085399519412598	0.9698504698480584	
0.45544324600000174	0.7535564666110512	0.8094905173724584	0.9701568724371966	
0.4564846380100017	0.7535564667028252	0.8104387705310906	0.9704608269803375	
0.4575260300200017	0.7535564667895942	0.8113847070233562	0.9707623512183774	
0.4585674220300018	0.7535564668716312	0.8123283225396155	0.9710614627939747	
0.45960881404000176	0.7535564669491945	0.8132696128541864	0.9713581792515673	
0.46065020605000173	0.753556467022528	0.8142085738251352	0.9716525180374015	
0.4616915980600018	0.7535564670918623	0.8151452013940627	0.9719444964995722	
0.4627329900700018	0.7535564671574154	0.8160794915858839	0.9722341318880732	
0.46377438208000177	0.7535564672193937	0.8170114405086061	0.9725214413548581	
0.46481577409000174	0.7535564672779921	0.8179410443530989	0.9728064419539119	
0.4658571661000017	0.7535564673333948	0.818868299392861	0.9730891506413332	
0.4668985581100018	0.7535564673857762	0.8197932019837824	0.9733695842754242	
0.4679399501200018	0.753556467435301	0.8207157485639013	0.9736477596167923	
0.46898134213000175	0.7535564674821249	0.821635935653157	0.9739236933284608	
0.47002273414000184	0.7535564675263955	0.8225537598531382	0.9741974019759885	
0.4710641261500018	0.7535564675682517	0.8234692178468266	0.9744689020275981	
0.4721055181600018	0.7535564676078254	0.8243823063983359	0.9747382098543141	
0.47314691017000177	0.753556467645241	0.8252930223526473	0.9750053417301097	
0.47418830218000174	0.753556467680616	0.8262013626353402	0.9752703138320602	
0.47522969419000183	0.7535564677140619	0.827107324252318	0.9755331422405074	
0.4762710862000018	0.753556467745684	0.8280109042895313	0.9757938429392301	
0.4773124782100018	0.7535564677755814	0.8289120999126952	0.9760524318156238	
0.47835387022000186	0.7535564678038484	0.8298109083670047	0.9763089246608866	
0.47939526223000184	0.7535564678305741	0.830707326976843	0.9765633371702147	
0.4804366542400018	0.7535564678558421	0.83160135314549	0.9768156849430032	
0.4814780462500018	0.7535564678797323	0.8324929843548227	0.9770659834830564	
0.48251943826000177	0.7535564679023196	0.8333822181650148	0.977314248198802	
0.48356083027000185	0.753556467923675	0.8342690522142318	0.977560494403516	
0.4846022222800018	0.753556467943866	0.8351534842183206	0.9777777781114455	
0.4856436142900018	0.7535564679629557	0.8360355119704985	0.9777777781114992	
0.4866850063000019	0.7535564679810045	0.8369151333410371	0.9777777781115508	
0.48772639831000186	0.753556467998069	0.8377923462769408	0.9777777781116002	
0.48876779032000184	0.7535564680142028	0.838667148801626	0.9777777781116473	
0.4898091823300018	0.7535564680294569	0.8395395390145937	0.9777777781116928	
0.4908505743400018	0.7535564680438791	0.8404095150910991	0.9777777781117362	
0.4918919663500019	0.7535564680575148	0.8412770752818196	0.9777777781117778	
0.49293335836000185	0.7535564680704068	0.8421422179125176	0.9777777781118178	
0.4939747503700018	0.7535564680825957	0.8430049413837014	0.977777778111856	
0.4950161423800019	0.7535564680941201	0.8438652441702824	0.9777777781118925	
0.4960575343900019	0.7535564681050159	0.84472312482123	0.9777777781119278	
0.49709892640000186	0.7535564681153175	0.845578581959222	0.9777777781119614	
0.49814031841000184	0.7535564681250574	0.8464316142802939	0.9777777781119936	
0.4991817104200018	0.753556468134266	0.847282220553484	0.9777777781120245	
0.5002231024300019	0.7535564681429724	0.8481303996204765	0.9777777781120542	
0.5012644944400019	0.753556468151204	0.8489761503952411	0.9777777781120827	
0.5023058864500018	0.7535564681589869	0.8498194718636702	0.9777777781121099	
0.5033472784600019	0.7535564681663453	0.8506603630832146	0.9777777781121361	
0.5043886704700019	0.7535564681733024	0.8514988231825137	0.977777778112161	
0.5054300624800019	0.7535564681798799	0.8523348513610268	0.9777777781121849	
0.5064714544900019	0.7535564681860989	0.8531684468886591	0.977777778112208	
0.5075128465000018	0.7535564681919787	0.853999609105387	0.97777777811223	
0.5085542385100019	0.7535564681975379	0.8548283374208796	0.9777777781122512	
0.5095956305200019	0.7535564682027939	0.8556546313141193	0.9777777781122713	
0.5106370225300019	0.7535564682077632	0.8564784903330196	0.9777777781122907	
0.511678414540002	0.7535564682124617	0.8572999140940404	0.9777777781123093	
0.5127198065500019	0.7535564682169038	0.8581189022818009	0.9777777781123271	
0.5137611985600019	0.7535564682211037	0.8589354546486919	0.9777777781123441	
0.5148025905700019	0.7535564682250745	0.8597495710144847	0.9777777781123607	
0.5158439825800019	0.7535564682288288	0.8605612512659383	0.9777777781123761	
0.516885374590002	0.7535564682323784	0.8613704953564049	0.9777777781123913	
0.5179267666000019	0.7535564682357344	0.8621773033054333	0.9777777781124056	
0.5189681586100019	0.7535564682389073	0.8629816751983713	0.9777777781124195	
0.520009550620002	0.7535564682419074	0.863783611185965	0.9777777781124327	
0.521050942630002	0.7535564682447436	0.8645831114839574	0.9777777781124455	
0.5220923346400019	0.7535564682474253	0.8653801763726847	0.9777777781124576	
0.5231337266500019	0.7535564682499607	0.8661748061966725	0.9777777781124691	
0.5241751186600019	0.7535564682523579	0.866967001364228	0.9777777781124802	
0.525216510670002	0.7535564682546243	0.8677567623470324	0.9777777781124911	
0.5262579026800019	0.7535564682567671	0.8685440896797324	0.9777777781125013	
0.5272992946900019	0.7535564682587931	0.8693289839595282	0.9777777781125111	
0.528340686700002	0.7535564682607087	0.870111445845762	0.9777777781125206	
0.529382078710002	0.7535564682625197	0.870891476059505	0.9777777781125295	
0.530423470720002	0.753556468264232	0.8716690753831418	0.9777777781125382	
0.5314648627300019	0.7535564682658508	0.8724442446599554	0.9777777781125465	
0.5325062547400019	0.7535564682673814	0.8732169847937101	0.9777777781125545	
0.533547646750002	0.7535564682688286	0.8739872967482338	0.9777777781125621	
0.534589038760002	0.7535564682701967	0.8747551815469979	0.9777777781125695	
0.5356304307700019	0.7535564682714904	0.8755206402726989	0.9777777781125765	
0.536671822780002	0.7535564682727134	0.8762836740668357	0.9777777781125832	
0.537713214790002	0.7535564682738698	0.8770442841292896	0.9777777781125896	
0.538754606800002	0.7535564682749631	0.8778024717178999	0.9777777781125958	
0.539795998810002	0.7535564682759968	0.8785582381480422	0.9777777781126017	
0.5408373908200019	0.753556468276974	0.8793115847922024	0.9777777781126074	
0.541878782830002	0.7535564682778981	0.8800625130795537	0.9777777781126127	
0.542920174840002	0.7535564682787717	0.8808110244955294	0.9777777781126179	
0.543961566850002	0.7535564682795975	0.8815571205813978	0.9777777781126229	
0.545002958860002	0.7535564682803786	0.8823008029338354	0.9777777781126276	
0.546044350870002	0.7535564682811169	0.8830420732044991	0.9777777781126321	
0.547085742880002	0.753556468281815	0.8837809330995998	0.9777777781126367	
0.548127134890002	0.753556468282475	0.8845173843794726	0.9777777781126409	
0.549168526900002	0.7535564682830991	0.8852514288581501	0.9777777781126449	
0.550209918910002	0.753556468283689	0.8859830684029326	0.9777777781126488	
0.551251310920002	0.7535564682842468	0.886712304933959	0.9777777781126524	
0.552292702930002	0.7535564682847742	0.8874391404237782	0.977777778112656	
0.5533340949400021	0.7535564682852728	0.888163576896919	0.9777777781126594	
0.554375486950002	0.7535564682857443	0.8889524473851725	0.9777777781126626	
0.555416878960002	0.75355646828619	0.889836530071947	0.9777777781126659	
0.556458270970002	0.7535564682866114	0.8907168536448442	0.9777777781126686	
0.557499662980002	0.7535564682870098	0.8915934231617945	0.9777777781126715	
0.5585410549900021	0.7535564682873865	0.8924662437989341	0.9777777781126744	
0.559582447000002	0.7535564682877428	0.8933353208492467	0.9777777781126771	
0.560623839010002	0.7535564682880795	0.8942006597212073	0.9777777781126795	
0.5616652310200021	0.7535564682883978	0.8950622659374281	0.977777778112682	
0.5627066230300021	0.7535564682886989	0.8959201451333044	0.9777777781126842	
0.563748015040002	0.7535564682889835	0.8967743030556642	0.9777777781126865	
0.564789407050002	0.7535564682892526	0.8976247455614186	0.9777777781126886	
0.565830799060002	0.7535564682895071	0.8984714786162152	0.9777777781126906	
0.5668721910700021	0.7535564682897475	0.8993145082930937	0.9777777781126925	
0.5679135830800021	0.7535564682899749	0.9001538407711432	0.9777777781126944	
0.568954975090002	0.75355646829019	0.900989482334165	0.9777777781126963	
0.5699963671000021	0.7535564682903932	0.9018214393693337	0.9777777781126981	
0.5710377591100021	0.7535564682905854	0.9026497183658665	0.9777777781126997	
0.5720791511200021	0.7535564682907672	0.9034743259136919	0.9777777781127013	
0.573120543130002	0.753556468290939	0.9042952687021232	0.9777777781127027	
0.574161935140002	0.7535564682911015	0.9051125535185363	0.9777777781127043	
0.5752033271500021	0.753556468291255	0.9059261872470492	0.9777777781127056	
0.5762447191600021	0.7535564682914001	0.9067361768672073	0.9777777781127069	
0.5772861111700021	0.7535564682915374	0.9075425294526712	0.9777777781127083	
0.5783275031800021	0.7535564682916672	0.9083452521699098	0.9777777781127094	
0.5793688951900021	0.7535564682917899	0.9091443522768965	0.9777777781127107	
0.5804102872000021	0.753556468291906	0.9099398371218103	0.9777777781127118	
0.5814516792100021	0.7535564682920157	0.9107317141417418	0.9777777781127128	
0.582493071220002	0.7535564682921194	0.9115199908614031	0.9777777781127139	
0.5835344632300021	0.7535564682922176	0.9123046748918426	0.9777777781127149	
0.5845758552400021	0.7535564682923103	0.9130857739291653	0.9777777781127158	
0.5856172472500021	0.7535564682923979	0.9138632957532574	0.9777777781127168	
0.5866586392600022	0.7535564682924808	0.9146372482265158	0.9777777781127177	
0.5877000312700021	0.7535564682925591	0.9154076392925838	0.9777777781127185	
0.5887414232800021	0.7535564682926332	0.9161744769750917	0.9777777781127193	
0.5897828152900021	0.7535564682927033	0.916937769376402	0.97777777811272	
0.5908242073000021	0.7535564682927695	0.917697524676362	0.9777777781127207	
0.5918655993100022	0.7535564682928321	0.9184537511310601	0.9777777781127215	
0.5929069913200021	0.7535564682928912	0.9192064570715885	0.977777778112722	
0.5939483833300021	0.7535564682929472	0.9199556509028136	0.9777777781127228	
0.5949897753400022	0.7535564682930002	0.9207013411021485	0.9777777781127234	
0.5960311673500022	0.7535564682930502	0.9214435362183356	0.9777777781127239	
0.5970725593600021	0.7535564682930975	0.9221822448702328	0.9777777781127246	
0.5981139513700021	0.7535564682931422	0.922917475745607	0.9777777781127251	
0.5991553433800021	0.7535564682931845	0.923649237599933	0.9777777781127257	
0.6001967353900022	0.7535564682932245	0.9243775392552006	0.9777777781127263	
0.6012381274000022	0.7535564682932624	0.9251023895987257	0.9777777781127266	
0.6022795194100021	0.7535564682932981	0.9258237975819703	0.9777777781127271	
0.6033209114200022	0.7535564682933319	0.9265417722193677	0.9777777781127276	
0.6043623034300022	0.7535564682933639	0.9272563225871548	0.9777777781127279	
0.6054036954400022	0.753556468293394	0.9279674578222122	0.9777777781127284	
0.6064450874500021	0.7535564682934226	0.9286751871209088	0.9777777781127287	
0.6074864794600021	0.7535564682934496	0.929379519737956	0.9777777781127291	
0.6085278714700022	0.7535564682934751	0.9300804649852672	0.9777777781127295	
0.6095692634800022	0.7535564682934992	0.9307780322308248	0.9777777781127298	
0.6106106554900022	0.753556468293522	0.931472230897555	0.9777777781127303	
0.6116520475000022	0.7535564682935436	0.9321630704622088	0.9777777781127306	
0.6126934395100022	0.7535564682935639	0.9328505604542502	0.9777777781127308	
0.6137348315200022	0.7535564682935832	0.933534710454753	0.9777777781127311	
0.6147762235300022	0.7535564682936016	0.9342155300953039	0.9777777781127314	
0.6158176155400021	0.7535564682936187	0.9348930290569134	0.9777777781127317	
0.6168590075500022	0.753556468293635	0.9355672170689333	0.9777777781127319	
0.6179003995600022	0.7535564682936505	0.936238103907983	0.9777777781127321	
0.6189417915700022	0.7535564682936651	0.9369056993968832	0.9777777781127324	
0.6199831835800023	0.7535564682936788	0.9375700134035956	0.9777777781127327	
0.6210245755900022	0.7535564682936918	0.9382310558401725	0.9777777781127329	
0.6220659676000022	0.7535564682937042	0.9388888366617127	0.977777778112733	
0.6231073596100022	0.7535564682937158	0.9395433658653249	0.9777777781127333	
0.6241487516200022	0.7535564682937269	0.9401946534891004	0.9777777781127335	
0.6251901436300022	0.7535564682937372	0.940842709611091	0.9777777781127336	
0.6262315356400022	0.7535564682937471	0.9414875443482977	0.9777777781127338	
0.6272729276500022	0.7535564682937563	0.9421291678556657	0.977777778112734	
0.6283143196600023	0.7535564682937651	0.9427675903250864	0.9777777781127343	
0.6293557116700023	0.7535564682937734	0.9434028219844091	0.9777777781127343	
0.6303971036800022	0.7535564682937813	0.9440348730964593	0.9777777781127344	
0.6314384956900022	0.7535564682937889	0.9446637539580662	0.9777777781127346	
0.6324798877000022	0.7535564682937959	0.9452894748990965	0.9777777781127348	
0.6335212797100023	0.7535564682938025	0.9459120462814978	0.9777777781127348	
0.6345626717200022	0.7535564682938087	0.9465314784983492	0.9777777781127349	
0.6356040637300022	0.7535564682938146	0.9471477819729197	0.9777777781127351	
0.6366454557400023	0.7535564682938203	0.9477609671577356	0.9777777781127351	
0.6376868477500023	0.7535564682938255	0.9483710445336543	0.9777777781127354	
0.6387282397600023	0.7535564682938306	0.9489780246089483	0.9777777781127354	
0.6397696317700022	0.7535564682938353	0.9495819179183959	0.9777777781127356	
0.6408110237800022	0.7535564682938399	0.9501827350223794	0.9777777781127356	
0.6418524157900023	0.7535564682938442	0.9507804865059938	0.9777777781127357	
0.6428938078000023	0.7535564682938481	0.9513751829781599	0.9777777781127357	
0.6439351998100022	0.7535564682938519	0.9519668350707495	0.9777777781127359	
0.6449765918200023	0.7535564682938556	0.9525554534377164	0.9777777781127359	
0.6460179838300023	0.7535564682938589	0.9531410487542348	0.9777777781127361	
0.6470593758400023	0.7535564682938621	0.953723631715848	0.9777777781127361	
0.6481007678500023	0.7535564682938651	0.954303213037624	0.9777777781127361	
0.6491421598600022	0.7535564682938679	0.9548798034533187	0.9777777781127363	
0.6501835518700023	0.7535564682938706	0.9554534137145485	0.9777777781127363	
0.6512249438800023	0.7535564682938732	0.9560240545899696	0.9777777781127363	
0.6522663358900023	0.7535564682938757	0.9565917368644665	0.9777777781127365	
0.6533077279000024	0.753556468293878	0.9571564713383476	0.9777777781127365	
0.6543491199100023	0.7535564682938801	0.9577182688265501	0.9777777781127365	
0.6553905119200023	0.7535564682938822	0.9582771401578517	0.9777777781127367	
0.6564319039300023	0.7535564682938841	0.9588330961740903	0.9777777781127367	
0.6574732959400023	0.753556468293886	0.9593861477293938	0.9777777781127367	
0.6585146879500023	0.7535564682938877	0.9599363056894146	0.9777777781127367	
0.6595560799600023	0.7535564682938893	0.9604835809305751	0.9777777781127368	
0.6605974719700023	0.7535564682938909	0.9610279843393194	0.9777777781127368	
0.6616388639800024	0.7535564682938922	0.9615695268113738	0.9777777781127368	
0.6626802559900024	0.7535564682938937	0.9621082192510142	0.9777777781127368	
0.6637216480000023	0.753556468293895	0.9626440725703433	0.9777777781127368	
0.6647630400100023	0.7535564682938963	0.9631770976885736	0.977777778112737	
0.6658044320200023	0.7535564682938974	0.9637073055313199	0.977777778112737	
0.6668458240300024	0.7535564682938986	0.9642347070298981	0.977777778112737	
0.6678872160400023	0.7535564682938996	0.9647593131206338	0.977777778112737	
0.6689286080500023	0.7535564682939004	0.9652811347441773	0.977777778112737	
0.6699700000600024	0.7535564682939014	0.9658001828448262	0.977777778112737	
0.6710113920700024	0.7535564682939023	0.9663164683698564	0.9777777781127373	
0.6720527840800024	0.7535564682939031	0.966830002268862	0.9777777781127373	
0.6730941760900023	0.753556468293904	0.9673407954930996	0.9777777781127373	
0.6741355681000023	0.7535564682939047	0.9678488589948439	0.9777777781127373	
0.6751769601100024	0.7535564682939053	0.9683542037267485	0.9777777781127373	
0.6762183521200024	0.7535564682939061	0.9688568406412157	0.9777777781127373	
0.6772597441300023	0.7535564682939068	0.9693567806897732	0.9777777781127373	
0.6783011361400024	0.7535564682939073	0.9698540348224577	0.9777777781127373	
0.6793425281500024	0.7535564682939079	0.9703486139872086	0.9777777781127375	
0.6803839201600024	0.7535564682939084	0.970840529129266	0.9777777781127375	
0.6814253121700024	0.7535564682939089	0.9713297911905777	0.9777777781127375	
0.6824667041800023	0.7535564682939094	0.9718164111092144	0.9777777781127375	
0.6835080961900024	0.7535564682939099	0.9723003998187906	0.9777777781127375	
0.6845494882000024	0.7535564682939102	0.9727817682478936	0.9777777781127375	
0.6855908802100024	0.7535564682939107	0.9732605273195212	0.9777777781127375	
0.6866322722200024	0.7535564682939111	0.9737366879505235	0.9777777781127375	
0.6876736642300024	0.7535564682939113	0.9742102610510552	0.9777777781127375	
0.6887150562400024	0.7535564682939118	0.9746812575240331	0.9777777781127375	
0.6897564482500024	0.7535564682939121	0.9751496882646017	0.9777777781127375	
0.6907978402600023	0.7535564682939123	0.9756155641596053	0.9777777781127375	
0.6918392322700024	0.7535564682939127	0.9760788960870682	0.9777777781127376	
0.6928806242800024	0.7535564682939129	0.9765396949156806	0.9777777781127376	
0.6939220162900024	0.7535564682939132	0.9769979715042921	0.9777777781127376	
0.6949634083000025	0.7535564682939134	0.9774537367014133	0.9777777781127376	
0.6960048003100024	0.7535564682939137	0.9777777781127376	0.9779070013447223	
0.6970461923200024	0.7535564682939139	0.9777777781127376	0.9783577762605794	
0.6980875843300024	0.753556468293914	0.9777777781127376	0.9788060722635488	
0.6991289763400024	0.7535564682939143	0.9777777781127376	0.9792519001559254	
0.7001703683500025	0.7535564682939144	0.9777777781127376	0.9796952707272721	
0.7012117603600024	0.7535564682939145	0.9777777781127376	0.9801361947539582	
0.7022531523700024	0.7535564682939149	0.9777777781127376	0.9805746829987101	
0.7032945443800025	0.753556468293915	0.9777777781127376	0.9810107462101649	
0.7043359363900025	0.7535564682939151	0.9777777781127376	0.981444395122433	
0.7053773284000024	0.7535564682939153	0.9777777781127376	0.9818756404546647	
0.7064187204100024	0.7535564682939154	0.9777777781127376	0.9823044929106257	
0.7074601124200024	0.7535564682939155	0.9777777781127376	0.982730963178278	
0.7085015044300025	0.7535564682939155	0.9777777781127376	0.9831550619293673	
0.7095428964400025	0.7535564682939156	0.9777777781127376	0.9835767998190162	
0.7105842884500024	0.7535564682939159	0.9777777781127376	0.9839961874853254	
0.7116256804600025	0.753556468293916	0.9777777781127376	0.9844132355489791	
0.7126670724700025	0.753556468293916	0.9777777781127376	0.9848279546128581	
0.7137084644800025	0.7535564682939161	0.9777777781127376	0.9852403552616589	
0.7147498564900024	0.7535564682939162	0.9777777781127376	0.985650448061518	
0.7157912485000024	0.7535564682939162	0.9777777781127376	0.9860582435596437	
0.7168326405100025	0.7535564682939164	0.9777777781127376	0.9864637522839527	
0.7178740325200025	0.7535564682939164	0.9777777781127376	0.9868669847427131	
0.7189154245300025	0.7535564682939165	0.9777777781127378	0.9872679514241942	
0.7199568165400025	0.7535564682939165	0.9777777781127378	0.9876666627963215	
0.7209982085500025	0.7535564682939166	0.9777777781127378	0.9880631293063368	
0.7220396005600025	0.7535564682939166	0.9777777781127378	0.9884573613804648	
0.7230809925700025	0.7535564682939166	0.9777777781127378	0.9888493694235873	
0.7241223845800024	0.7535564682939168	0.9777777781127378	0.9892391638189193	
0.7251637765900025	0.7535564682939168	0.9777777781127378	0.9896267549276943	
0.7262051686000025	0.7535564682939168	0.9779842089595058	0.9900121530888529	
0.7272465606100025	0.753556468293917	0.9783638896083773	0.9903953686187389	
0.7282879526200026	0.753556468293917	0.9787419329593818	0.9907764118107991	
0.7293293446300025	0.753556468293917	0.9791183444836947	0.9911552929352897	
0.7303707366400025	0.7535564682939171	0.9794931296494568	0.9915320222389875	
0.7314121286500025	0.7535564682939171	0.9798662939216058	0.9919066099449084	
0.7324535206600025	0.7535564682939171	0.980237842761712	0.9922790662520278	
0.7334949126700026	0.7535564682939171	0.9806077816278134	0.9926494013350088	
0.7345363046800025	0.7535564682939171	0.9809761159742539	0.9930176253439361	
0.7355776966900025	0.7535564682939172	0.9813428512515238	0.9933837484040531	
0.7366190887000026	0.7535564682939172	0.9817079929061003	0.9937477806155053	
0.7376604807100026	0.7535564682939172	0.982071546380291	0.9941097320530885	
0.7387018727200025	0.7535564682939172	0.9824335171120785	0.9944696127660032	
0.7397432647300025	0.7535564682939172	0.9827939105349677	0.9948274327776118	
0.7407846567400025	0.7535564682939172	0.9831527320778343	0.9951832020852032	
0.7418260487500026	0.7535564682939173	0.9835099871647733	0.9955369306597601	
0.7428674407600026	0.7535564682939173	0.9838656812149527	0.9958886284457331	
0.7439088327700025	0.7535564682939173	0.9842198196424656	0.9962383053608183	
0.7449502247800026	0.7535564682939173	0.9845724078561868	0.99658597129574	
0.7459916167900026	0.7535564682939173	0.9849234512596275	0.9969316361140395	
0.7470330088000026	0.7535564682939173	0.9852729552507957	0.9972753096518652	
0.7480744008100025	0.7535564682939173	0.9856209252220554	0.9976170017177723	
0.7491157928200025	0.7535564682939173	0.9859673665599888	0.9979567220925222	
0.7501571848300026	0.7535564682939173	0.9863122846452593	0.998294480528889	
0.7511985768400026	0.7535564682939175	0.9866556848524773	0.9986302867514711	
0.7522399688500025	0.7535564682939175	0.9869975725500656	0.9989641504565056	
0.7532813608600026	0.7535564682939175	0.9873379531001295	0.9992960813116876	
0.7543227528700026	0.7535564682939175	0.9876768318583247	0.9996260889559943	
0.7553641448800026	0.7535564682939175	0.9880142141737307	0.9999541829995134	
0.7564055368900026	0.7535564682939175	0.9883501053887227	1.0002803730232757	
0.7574469289000025	0.7535564682939175	0.9886845108388462	1.000604668579091	
0.7584883209100026	0.7535564682939175	0.9890174358526943	1.0009270791893903	
0.7595297129200026	0.7535564682939175	0.9893488857517845	1.0012476143470694	
0.7605711049300026	0.7535564682939175	0.9896788658504382	1.0015662835153396	
0.7616124969400027	0.7535564682939175	0.9900073814556619	1.0018830961275795	
0.7626538889500026	0.7535564682939175	0.9903344378670298	1.0021980615871937	
0.7636952809600026	0.7535564682939175	0.9906600403765669	1.0025111892674727	
0.7647366729700026	0.7535564682939175	0.9909841942686355	1.002822488511459	
0.7657780649800026	0.7535564682939175	0.9913069048198212	1.003131968631815	
0.7668194569900026	0.7535564682939175	0.9916281772988221	1.0034396389106979	
0.7678608490000026	0.7535564682939175	0.9919480169663386	1.0037455085996343	
0.7689022410100026	0.7535564682939175	0.9922664290749644	1.0038383918931377	
0.7699436330200027	0.7535564682939175	0.9925834188690802	1.003862028250229	
0.7709850250300027	0.7535564682939175	0.9928989915847466	1.0038854600889606	
0.7720264170400026	0.7535564682939176	0.9932131524496021	1.003908689168171	
0.7730678090500026	0.7535564682939176	0.9935259066827582	1.0039317172317597	
0.7741092010600026	0.7535564682939176	0.9938372594946996	1.0039545460088108	
0.7751505930700027	0.7535564682939176	0.9941472160871833	1.0039771772137158	
0.7761919850800026	0.7535564682939176	0.9944557816531402	1.0039996125462944	
0.7772333770900026	0.7535564682939176	0.9947629613765794	1.004021853691917	
0.7782747691000027	0.7535564682939176	0.9950687604324904	1.0040439023216226	
0.7793161611100027	0.7535564682939176	0.9953731839867501	1.0040657600922385	
0.7803575531200027	0.7535564682939176	0.9956762371960298	1.004087428646499	
0.7813989451300026	0.7535564682939176	0.9959779252077035	1.0041089096131612	
0.7824403371400026	0.7535564682939176	0.9962782531597568	1.0041302046071219	
0.7834817291500027	0.7535564682939176	0.9965772261807001	1.0041513152295323	
0.7845231211600027	0.7535564682939176	0.9968748493894789	1.0041722430679125	
0.7855645131700026	0.7535564682939176	0.9971711278953888	1.0041929896962656	
0.7866059051800027	0.7535564682939176	0.9974660667979903	1.0042135566751886	
0.7876472971900027	0.7535564682939176	0.9977596711870255	1.0042339455519849	
0.7886886892000027	0.7535564682939176	0.9980519461423352	1.004254157860776	
0.7897300812100027	0.7535564682939176	0.9983428967337784	1.0042741951226084	
0.7907714732200026	0.7535564682939176	0.9986325280211531	1.0042940588455664	
0.7918128652300027	0.7535564682939176	0.9989208450541169	1.0043137505248771	
0.7928542572400027	0.7535564682939176	0.9992078528721099	1.004333271643019	
0.7938956492500027	0.7535564682939176	0.9994935565042795	1.0043526236698281	
0.7949370412600028	0.7535564682939176	0.9997779609694053	1.004371808062604	
0.7959784332700027	0.7535564682939176	1.0000610712758262	1.0043908262662131	
0.7970198252800027	0.7535564682939176	1.0003428924213666	1.0044096797131943	
0.7980612172900027	0.7535564682939176	1.000623429393268	1.0044283698238605	
0.7991026093000027	0.7535564682939176	1.0009026871681166	1.0044468980064019	
0.8001440013100027	0.7535564682939176	1.0011806707117765	1.0044652656569866	
0.8011853933200027	0.7535564682939176	1.0014573849793211	1.0044834741598616	
0.8022267853300027	0.7535564682939176	1.0017328349149683	1.0045015248874527	
0.8032681773400028	0.7535564682939176	1.0020070254520141	1.0045194192004625	
0.8043095693500028	0.7535564682939176	1.0022799615127695	1.0045371584479708	
0.8053509613600027	0.7535564682939176	1.002551648008497	1.0045547439675286	
0.8063923533700027	0.7535564682939176	1.0028220898393498	1.004572177085258	
0.8074337453800027	0.7535564682939176	1.0030912918943118	1.0045894591159457	
0.8084751373900028	0.7535564682939176	1.003359259051136	1.0046065913631397	
0.8095165294000027	0.7535564682939176	1.0036259961762894	1.0046235751192425	
0.8105579214100027	0.7535564682939176	1.0038915081248931	1.0046404116656054	
0.8115993134200028	0.7535564682939176	1.0041557997406687	1.0046571022726198	
0.8126407054300028	0.7535564682939176	1.004418875855881	1.0046736481998115	
0.8136820974400027	0.7535564682939176	1.0046807412912857	1.0046900506959304	
0.8147234894500027	0.7535564682939176	1.0047063109990408	1.0049414008560764	
0.8157648814600027	0.7535564682939176	1.0047224303366131	1.0052008593478332	
0.8168062734700028	0.7535564682939176	1.0047384099256105	1.0054591215524704	
0.8178476654800028	0.7535564682939176	1.0047542509725784	1.0057161922441893	
0.8188890574900027	0.7535564682939176	1.0047699546737334	1.0059720761854278	
0.8199304495000028	0.7535564682939176	1.0047855222150477	1.0062267781268135	
0.8209718415100028	0.7535564682939176	1.004800954772337	1.0064803028071165	
0.8220132335200028	0.7535564682939176	1.004816253511346	1.0067326549532056	
0.8230546255300027	0.7535564682939176	1.0048314195878327	1.0069838392800021	
0.8240960175400027	0.7535564682939176	1.0048464541476523	1.007233860490437	
0.8251374095500028	0.7535564682939176	1.0048613583268415	1.007482723275407	
0.8261788015600028	0.7535564682939176	1.004876133251701	1.0077304323137366	
0.8272201935700028	0.7535564682939176	1.004890780038877	1.0079769922721327	
0.8282615855800028	0.7535564682939176	1.0049052997954435	1.0082224078051487	
0.8293029775900028	0.7535564682939176	1.0049196936189824	1.0084666835551435	
0.8303443696000028	0.7535564682939176	1.004933962597664	1.0087098241522452	
0.8313857616100029	0.7535564682939176	1.004948107810327	1.0089518342143133	
0.8324271536200027	0.7535564682939176	1.0049621303265557	1.0091927183469034	
0.8334685456300028	0.7535564682939176	1.0049760312067595	1.0094324811432323	
0.8345099376400027	0.7535564682939176	1.0049898115022504	1.0096711271841423	
0.8355513296500028	0.7535564682939176	1.0050034722553192	1.0099086610380703	
0.8365927216600029	0.7535564682939176	1.0050170144993122	1.0101450872610145	
0.8376341136700027	0.7535564682939176	1.0050304392587073	1.0103804103965022	
0.8386755056800028	0.7535564682939176	1.0050437475491873	1.01061463497556	
0.8397168976900029	0.7535564682939176	1.005056940377717	1.0108477655166852	
0.8407582897000028	0.7535564682939176	1.0050700187426143	1.0110798065258142	
0.8417996817100029	0.7535564682939176	1.0050829836336252	1.0113107624962967	
0.8428410737200029	0.7535564682939176	1.0050958360319957	1.0115406379088687	
0.8438824657300028	0.7535564682939176	1.0051085769105434	1.0117694372316248	
0.8449238577400029	0.7535564682939176	1.00512120723373	1.0119971649199933	
0.8459652497500028	0.7535564682939176	1.0051337279577313	1.0122238254167113	
0.8470066417600028	0.7535564682939176	1.005146140030507	1.0124494231518022	
0.8480480337700029	0.7535564682939176	1.005158444391872	1.012673962542551	
0.8490894257800028	0.7535564682939176	1.0051706419735633	1.0128974479934816	
0.8501308177900029	0.7535564682939176	1.0051827336993102	1.013119883896338	
0.8511722098000027	0.7535564682939176	1.0051947204849017	1.0133412746300607	
0.8522136018100028	0.7535564682939176	1.0052066032382536	1.0135616245607684	
0.8532549938200029	0.7535564682939176	1.0052183828594758	1.0137809380417382	
0.8542963858300028	0.7535564682939176	1.005230060240938	1.0139992194133869	
0.8553377778400029	0.7535564682939176	1.005241636267336	1.014216473003255	
0.856379169850003	0.7535564682939176	1.0052531118157566	1.014432703125987	
0.8574205618600028	0.7535564682939176	1.005264487755742	1.0146479140833176	
0.8584619538700029	0.7535564682939176	1.0052757649493542	1.0148621101640547	
0.859503345880003	0.7535564682939176	1.0052869442512393	1.015075295644066	
0.8605447378900029	0.7535564682939176	1.0052980265086884	1.0152874747862637	
0.8615861299000029	0.7535564682939176	1.0053090125617028	1.0154986518405913	
0.8626275219100028	0.7535564682939176	1.0053199032430535	1.0157088310440119	
0.8636689139200029	0.7535564682939176	1.0053306993783453	1.0159180166204946	
0.864710305930003	0.7535564682939176	1.0053414017860753	1.0161262127810051	
0.8657516979400028	0.7535564682939176	1.0053520112776946	1.0163334237234933	
0.8667930899500029	0.7535564682939176	1.0053625286576686	1.016539653632885	
0.8678344819600028	0.7535564682939176	1.0053729547235353	1.0167449066810708	
0.8688758739700029	0.7535564682939176	1.0053832902659654	1.0169491870268992	
0.869917265980003	0.7535564682939176	1.0053935360688206	1.017152498816167	
0.8709586579900028	0.7535564682939176	1.0054036929092107	1.0173548461816138	
