x	lowy	mediany	highy
-0.16939196	0.33234673220833527	0.4422673244182906	0.7777708464574365	
-0.16835056799	0.3335164147994253	0.44319950744995545	0.7789828076188982	
-0.16730917598	0.33469055018758676	0.4441325313798672	0.7801904086698142	
-0.16626778397	0.33586913115893546	0.4450663858535653	0.7813936410605588	
-0.16522639196	0.33705215019779455	0.44600106047769583	0.7825924965354539	
-0.16418499995	0.3382395994851405	0.4469365448204455	0.7837869671314102	
-0.16314360794	0.33943147089707804	0.4478728284119809	0.7849770451765363	
-0.16210221593	0.3406277560033495	0.44880990074489063	0.7861627232887198	
-0.16106082391999998	0.34182844606587537	0.4497477512746316	0.7873439943741782	
-0.16001943190999998	0.3430335320373291	0.45068636941997875	0.7885208516259817	
-0.15897803989999998	0.34424300455974544	0.45162574456347815	0.7896932885225486	
-0.15793664788999998	0.3454568539631633	0.45256586605190413	0.7908612988261122	
-0.15689525587999997	0.3466750702643048	0.45350672319672	0.7920248765811632	
-0.15585386386999997	0.34789764316528915	0.45444830527454155	0.7931840161128628	
-0.15481247185999997	0.3491245620523839	0.45539060152760497	0.7943387120254334	
-0.15377107984999996	0.35035581599479326	0.45633360116423755	0.795488959200523	
-0.15272968783999996	0.3515913937434838	0.4572772933593314	0.7966347527955445	
-0.15168829582999996	0.35283128373004913	0.45822166725482216	0.7977760882419932	
-0.15064690381999996	0.3540754740656138	0.45916671196016856	0.798912961243739	
-0.14960551180999995	0.355323952539776	0.4601124165528375	0.800045367775298	
-0.14856411979999995	0.356576706619592	0.461058770078791	0.8011733040800804	
-0.14752272778999995	0.35783372344860015	0.46200576155297646	0.8022967666686183	
-0.14648133577999994	0.35909498984588717	0.46295337995982094	0.8034157523167718	
-0.14543994376999994	0.3603604923051966	0.46390161425372706	0.8045302580639153	
-0.14439855175999994	0.3616302169940797	0.464850453359573	0.8056402812111045	
-0.14335715974999994	0.3629041497530895	0.46579988617321527	0.8067458193192231	
-0.14231576773999993	0.3641822760950195	0.4667499015619944	0.8078468702071119	
-0.14127437572999993	0.3654645812041861	0.4677004883652429	0.8089434319496801	
-0.14023298371999993	0.3667510499357563	0.46865163539479726	0.8100355028759988	
-0.13919159170999992	0.36804166681512107	0.4696033314355117	0.8111230815673776	
-0.13815019969999992	0.369336416037315	0.47055556524577485	0.8122061668554252	
-0.13710880768999992	0.37063528146648217	0.47150832555802963	0.8132847578200945	
-0.13606741567999991	0.37193824663539	0.47246160107929563	0.8143588537877117	
-0.1350260236699999	0.37324529474499	0.4734153804916931	0.8154284543289921	
-0.1339846316599999	0.37455640866402756	0.4743696524529711	0.8164935592570409	
-0.1329432396499999	0.37587157092870027	0.47532440559703687	0.8175541686253406	
-0.1319018476399999	0.3771907637423653	0.476279628534488	0.8186102827257262	
-0.1308604556299999	0.37851396897529677	0.47723530985314755	0.8196619020863467	
-0.1298190636199999	0.37984116816449376	0.47819143811860043	0.8207090274696164	
-0.1287776716099999	0.3811723425135384	0.47914800187473305	0.821751659870153	
-0.1277362795999999	0.3825074728925056	0.4801049896442746	0.8227898005127066	
-0.1266948875899999	0.3838465398379245	0.48106238992934075	0.8238234508500774	
-0.12565349557999989	0.38518952355279173	0.4820201912119795	0.8248526125610237	
-0.12461210356999988	0.3865364039066376	0.48297838195471876	0.8258772875481608	
-0.12357071155999988	0.38788716043564486	0.4839369506011166	0.8268974779358518	
-0.12252931954999988	0.38924177234282104	0.4848958855763127	0.8279131860680883	
-0.12148792753999987	0.39060021849822474	0.48585517528758226	0.828924414506366	
-0.12044653552999987	0.3919624774392457	0.4868148081248913	0.8299311660275502	
-0.11940514351999987	0.3933285273709397	0.4877747724614544	0.8309334436217373	
-0.11836375150999986	0.3946983461664181	0.48873505665429345	0.8319312504901074	
-0.11732235949999986	0.3960719113672928	0.48969564904479845	0.8329245900427732	
-0.11628096748999986	0.39744920018417695	0.4906565379592898	0.8339134658966227	
-0.11523957547999986	0.3988301894972408	0.4916177117095827	0.8348978818731566	
-0.11419818346999985	0.40021485585682465	0.4925791585935519	0.8358778419963221	
-0.11315679145999985	0.4016031754841078	0.493540866895699	0.8368533504903424	
-0.11211539944999985	0.4029951242718342	0.4945028248877207	0.8378244117775424	
-0.11107400743999984	0.4043906777850954	0.4954650208290783	0.838791030476173	
-0.11003261542999984	0.4057898112621704	0.4964274429675686	0.8397532113982296	
-0.10899122341999984	0.4071924996154235	0.49739007953989595	0.8407109595472715	
-0.10794983140999984	0.4085987174322594	0.4983529187722457	0.8416642801162388	
-0.10690843939999983	0.41000843897613637	0.49931594888085806	0.8426131784852667	
-0.10586704738999983	0.4114216381876376	0.5002791580726041	0.8435576602195001	
-0.10482565537999983	0.4128382886856009	0.5012425345455618	0.844497731066908	
-0.10378426336999982	0.41425836376830655	0.5022060664895928	0.8454333969560962	
-0.10274287135999982	0.41568183641472384	0.5031697420869214	0.8463646639941227	
-0.10170147934999982	0.41710867928581635	0.5041335495127135	0.8472915384643119	
-0.10066008733999982	0.418538864725906	0.505097476935655	0.8482140268240702	
-0.09961869532999981	0.4199723647640962	0.5060615125185337	0.8491321357027043	
-0.09857730331999981	0.4214091511157533	0.507025644418819	0.8500458718992399	
-0.0975359113099998	0.4228491951840476	0.5079898607892445	0.8509552423802433	
-0.0964945192999998	0.42429246806155346	0.5089541497783887	0.8518602542776466	
-0.0954531272899998	0.425738940531908	0.5099184995312591	0.8527609148865732	
-0.0944117352799998	0.42718858307152907	0.5108828981898733	0.8536572316631702	
-0.0933703432699998	0.4286413658513926	0.5118473338938433	0.854549212222441	
-0.09232895125999979	0.4300972587388682	0.5128117947809582	0.855436864336084	
-0.09128755924999979	0.4315562312996147	0.5137762689877684	0.8563201959303359	
-0.09024616723999979	0.43301825279953304	0.5147407446501685	0.8571992150838182	
-0.08920477522999978	0.4344832922067802	0.5157052099039818	0.8580739300253895	
-0.08816338321999978	0.4359513181938395	0.5170675009176824	0.858944349132003	
-0.08712199120999978	0.4374222991396505	0.5197179615960169	0.8598104809265703	
-0.08608059919999977	0.4388962031317979	0.5223716035378283	0.8606723340758299	
-0.08503920718999977	0.44037299796875745	0.5250282334023992	0.8615299173882228	
-0.08399781517999977	0.4418526511622005	0.5276876569653965	0.8623832398117747	
-0.08295642316999977	0.44333512993935664	0.5303496791749535	0.8632323104319839	
-0.08191503115999976	0.4448204012454333	0.5330141042082712	0.8640771384697183	
-0.08087363914999976	0.44630843174609347	0.5356807355287059	0.8649177332791179	
-0.07983224713999976	0.44779918782998995	0.5383493759433025	0.865754104345505	
-0.07879085512999975	0.4492926356113567	0.5410198276607447	0.8665862612833047	
-0.07774946311999975	0.4507887409326566	0.5436918923496827	0.86741421383397	
-0.07670807110999975	0.45228746936728587	0.5463653711973995	0.8682379718639184	
-0.07566667909999975	0.4537887862223336	0.5490400649687868	0.8690575453624749	
-0.07462528708999974	0.45529265654139733	0.5517157740655845	0.8698729444398261	
-0.07358389507999974	0.45679904510745417	0.5543922985858534	0.8706841793249809	
-0.07254250306999974	0.4583079164457854	0.5570694383836391	0.8714912603637424	
-0.07150111105999973	0.4598192348269569	0.5597469931287922	0.8722941980166895	
-0.07045971904999973	0.4613329642698523	0.5624247623669048	0.8730930028571667	
-0.06941832703999973	0.46284906854476054	0.5651025455793265	0.8738876855692859	
-0.06837693502999972	0.46436751117651576	0.5677801422432214	0.8746782569459356	
-0.06733554301999972	0.46588825544768975	0.5704573518916272	0.8754647278868045	
-0.06629415100999972	0.46741126440183695	0.5731339741734789	0.8762471093964127	
-0.06525275899999972	0.4689365008467902	0.5758098089135602	0.8770254125821535	
-0.06421136698999971	0.4704639273580079	0.5784846561723399	0.8777996486523488	
-0.06316997497999971	0.47199350628197145	0.5811583163056622	0.8785698289143133	
-0.06212858296999971	0.47352519973963203	0.5838305900242458	0.8793359647724305	
-0.061087190959999704	0.4750589696299075	0.5865012784529612	0.8800980677262413	
-0.0600457989499997	0.47659477763322683	0.5891701831898424	0.8808561493685432	
-0.0590044069399997	0.47813258521512286	0.5918371063648009	0.881610221383501	
-0.057963014929999696	0.4796723536298729	0.5945018506980017	0.8823602955447712	
-0.05692162291999969	0.481214043924185	0.5971642195578681	0.8831063837136365	
-0.05588023090999969	0.4827576169409305	0.5998240170186766	0.883848497837154	
-0.05483883889999969	0.4843030333229221	0.6024810479177068	0.8845866499463145	
-0.053797446889999684	0.4858502535167363	0.605135117911914	0.8853208521542164	
-0.05275605487999968	0.4873992377765788	0.6077860335340852	0.8860511166542497	
-0.05171466286999968	0.4889499461681941	0.6104336022484493	0.8867774557182948	
-0.050673270859999675	0.49050233857281683	0.6130776325057041	0.887499881694933	
-0.04963187884999967	0.49205637469116414	0.6157179337974303	0.8882184070076707	
-0.04859048683999967	0.49361201404746896	0.6183543167098589	0.8889330441531764	
-0.047549094829999666	0.4951692159935538	0.6209865929769598	0.8896438056995309	
-0.04650770281999966	0.4967279397129417	0.6236145755328237	0.8903507042844909	
-0.04546631080999966	0.4982881442250082	0.6262380785633033	0.8910537526137663	
-0.04442491879999966	0.49984978838916694	0.6288569175568882	0.8917529634593101	
-0.043383526789999655	0.5014128309090952	0.6314709093547828	0.8924483496576231	
-0.04234213477999965	0.5029772303369922	0.6340798722001612	0.8931399241080712	
-0.04130074276999965	0.5045429450778738	0.63668362578657	0.8938276997712172	
-0.040259350759999646	0.5061099333938999	0.6392819913054565	0.8945116896671661	
-0.03921795874999964	0.5076781534087347	0.6418747914927939	0.895191906873924	
-0.03817656673999964	0.5092475631119394	0.6444618506747817	0.8958683645257716	
-0.03713517472999964	0.5108181203633948	0.6470429948125974	0.896541075811651	
-0.036093782719999634	0.5123897828977545	0.6496180515461774	0.8972100539735671	
-0.03505239070999963	0.5139625083289264	0.6521868502370053	0.8978753123050033	
-0.03401099869999963	0.5155362541545827	0.6547492220098889	0.89853686414935	
-0.032969606689999625	0.5171109777606964	0.657304999793705	0.899194722898349	
-0.03192821467999962	0.5186866364261038	0.6598540183610943	0.8998489019905517	
-0.03088682266999962	0.5202631873270918	0.6623961143670899	0.9004994149097902	
-0.029845430659999617	0.5218405875420085	0.664931126386663	0.901146275183665	
-0.028804038649999614	0.5234187940558985	0.6674588949511692	0.901789496382045	
-0.02776264663999961	0.5249977637651572	0.6699792625836832	0.9024290921155835	
-0.026721254629999608	0.5265774534822074	0.6724920738332089	0.9030650760342469	
-0.025679862619999605	0.5281578199401957	0.6749971753077503	0.9036974618258595	
-0.024638470609999602	0.5297388197977062	0.6774944157062357	0.9043262632146617	
-0.0235970785999996	0.5313204096434927	0.6799836458492832	0.9049514939598827	
-0.022555686589999596	0.5329025460012267	0.6824647187087984	0.9055731678543283	
-0.021514294579999593	0.5344851853342611	0.6849374894363991	0.906191298722982	
-0.02047290256999959	0.5360682840504074	0.687401815390656	0.9068059004216216	
-0.019431510559999587	0.5376517985067262	0.6898575561631481	0.9074169868354501	
-0.018390118549999585	0.5392356850143298	0.6923045736033253	0.9080245718777411	
-0.01734872653999958	0.5408198998431952	0.6947427318421753	0.9086286694884972	
-0.01630733452999958	0.5424043992269874	0.697171897314693	0.9092292936331249	
-0.015265942519999576	0.5439891393678902	0.6995919387811484	0.9098264583011233	
-0.014224550509999573	0.5455740764414461	0.7020027273471563	0.9104201775047863	
-0.01318315849999957	0.5471591666013997	0.7044041364825439	0.9110104652779204	
-0.012141766489999567	0.5487443659845495	0.7067960420390202	0.9115973356745757	
-0.011100374479999564	0.5503296307156011	0.7091783222666497	0.9121808027677922	
-0.010058982469999561	0.5519149169120248	0.7115508578291312	0.9127608806483607	
-0.009017590459999558	0.5535001806889135	0.7139135318178884	0.913337583423596	
-0.007976198449999555	0.5550853781638434	0.7162662297649769	0.9139109252161272	
-0.006934806439999552	0.5566704654617313	0.7186088396548111	0.9144809201626993	
-0.0058934144299995495	0.5582553987196923	0.7209412519347216	0.9150475824129926	
-0.0048520224199995465	0.559840134091894	0.7232633595243475	0.9156109261284514	
-0.0038106304099995436	0.5614246277544059	0.7255750578238748	0.9161709654811323	
-0.0027692383999995407	0.5630088359100454	0.7278762447211263	0.9167277146525614	
-0.0017278463899995378	0.5645927147932152	0.7301668205975188	0.9172811878326103	
-0.0006864543799995348	0.5661762206747356	0.7324466883328921	0.9178313992183814	
0.0003549376300004681	0.5677593098666671	0.7347157533092263	0.9183783630131118	
0.001396329640000471	0.5693419387271225	0.736973923413257	0.9189220934250873	
0.002437721650000474	0.5709240636650699	0.7392211090380021	0.9194626046665723	
0.003479113660000477	0.5725056411451228	0.7414572230832139	0.9199999109527522	
0.00452050567000048	0.5740866276923176	0.7436821809547708	0.920534026500692	
0.005561897680000483	0.5756669798968755	0.7458959005630236	0.921064965528305	
0.006603289690000486	0.5772466544189521	0.7480983023201103	0.9215927422533382	
0.0076446817000004885	0.5788256079933669	0.7502893091362586	0.922117370892369	
0.008686073710000491	0.580403797434319	0.7524688464150893	0.9226388656598176	
0.009727465720000494	0.5819811796400819	0.7546368420479395	0.9231572407669707	
0.010768857730000497	0.5835577115976787	0.7567932264072234	0.9236725104210203	
0.0118102497400005	0.5851333503875381	0.7589379323388471	0.9241846888241139	
0.012851641750000503	0.5867080531881279	0.7610708951536974	0.9246937901724207	
0.013893033760000506	0.588281777280565	0.7631920526182229	0.9251998286552079	
0.014934425770000509	0.5898544800532024	0.7653013449441254	0.9257028184539321	
0.015975817780000512	0.5914261190061918	0.7673987147771842	0.9262027737413434	
0.017017209790000515	0.5929966517560183	0.7694841071852299	0.9266997086806018	
0.018058601800000518	0.5945660360400108	0.771557469645289	0.9271936374244069	
0.01909999381000052	0.5961342297208223	0.7736187520299215	0.9276845741141405	
0.020141385820000524	0.597701190790883	0.7756679065927687	0.9281725328790222	
0.021182777830000526	0.5992668773768217	0.7777048879533363	0.9286575278352767	
0.02222416984000053	0.600831247743858	0.7797296530810295	0.9291395730853144	
0.023265561850000532	0.602394260300162	0.7817421612784653	0.9296186827169239	
0.024306953860000535	0.6039558736011811	0.7837423741640812	0.9300948708024784	
0.025348345870000538	0.6055160463539333	0.7857302556540618	0.9305681513981526	
0.02638973788000054	0.6070747374212659	0.7877057719436067	0.9310385385431527	
0.027431129890000544	0.6086319058260783	0.7896688914875591	0.9315060462589582	
0.028472521900000547	0.6101875107555093	0.7916195849804194	0.9319706885485765	
0.02951391391000055	0.6117415115650863	0.7935578253357627	0.932432479395809	
0.030555305920000553	0.6132938677828363	0.7954835876650852	0.9328914327645293	
0.031596697930000556	0.6148445391133588	0.797396849256099	0.9333475625979722	
0.03263808994000056	0.6163934854418576	0.7992975895504977	0.9338008828180364	
0.03367948195000056	0.6179406668381329	0.8011857901212149	0.934251407324597	
0.034720873960000564	0.619486043560532	0.8030614346491978	0.9346991499948307	
0.03576226597000057	0.6210295760598569	0.8049245088997149	0.9351441246825521	
0.03680365798000057	0.6225712249832294	0.8067750006982234	0.935586345217561	
0.03784504999000057	0.624110951177913	0.8086128999058135	0.9360258254050019	
0.038886442000000576	0.6256487156950895	0.810438198394254	0.9364625790247338	
0.03992783401000058	0.6271844797935898	0.8122508900206578	0.9368966198307118	
0.04096922602000058	0.6287182049435813	0.8140509706017903	0.937327961550379	
0.042010618030000585	0.6302498528302051	0.8158384378880404	0.9377566178840699	
0.04305201004000059	0.631779385357169	0.817613291537073	0.9381826025044249	
0.04409340205000059	0.633306764650291	0.8193755330871868	0.9386059290558147	
0.045134794060000594	0.6348319530609946	0.8211251659303948	0.9390266111537757	
0.0461761860700006	0.6363549131697545	0.8228621952852474	0.9394446623844562	
0.0472175780800006	0.6376055487029965	0.8245866281694189	0.9398600963040734	
0.0482589700900006	0.6384717417962563	0.8262984733720757	0.9402729264383793	
0.049300362100000605	0.639336559691114	0.8279977414260452	0.9406831662821391	
0.05034175411000061	0.6401999950469931	0.8296844445798051	0.9410908292986172	
0.05138314612000061	0.6410620405807282	0.8313585967693095	0.9414959289190763	
0.052424538130000614	0.641922689066719	0.8330202135896726	0.9418984785422833	
0.05346593014000062	0.642781933337081	0.8346693122667256	0.9422984915340279	
0.05450732215000062	0.6436397662817909	0.8363059116284641	0.9426959812266489	
0.05554871416000062	0.6444961808488278	0.8379300320764059	0.943090960918572	
0.056590106170000626	0.645351170044309	0.8395416955568726	0.9434834438738561	
0.05763149818000063	0.6462047269326222	0.8411409255322138	0.9438734433217485	
0.05867289019000063	0.6470568446365523	0.8427277469519875	0.9442609724562521	
0.059714282200000635	0.6479075163374027	0.8443021862241176	0.944646044435699	
0.06075567421000064	0.6487567352751147	0.8458642711860355	0.9450286723823356	
0.06179706622000064	0.6496044947483786	0.8474140310758301	0.9454088693819143	
0.06283845823000064	0.6504507881147437	0.8489514965034134	0.9457866484832985	
0.06387985024000065	0.6512956087907207	0.8504766994217215	0.9461620226980717	
0.06492124225000065	0.6521389502518822	0.8519896730979596	0.9465350050001584	
0.06596263426000065	0.6529808060329559	0.8534904520849099	0.9469056083254542	
0.06700402627000066	0.653821169727916	0.8549790721923123	0.9472738455714618	
0.06804541828000066	0.6546600349900674	0.8564555704583302	0.9476397295969388	
0.06908681029000066	0.6554973955321276	0.8579199851211174	0.9480032732215516	
0.07012820230000066	0.6563332451263024	0.8593723555904939	0.9483644892255395	
0.07116959431000067	0.6571675776043582	0.8608127224197447	0.948723390349386	
0.07221098632000067	0.658000386857689	0.8622411272775531	0.9490799892934981	
0.07325237833000067	0.6588316668373799	0.8636576129200784	0.949434298717895	
0.07429377034000068	0.6596614115542647	0.8650622231631875	0.9497863312419041	
0.07533516235000068	0.6604896150789805	0.8664550028548547	0.9501360994438649	
0.07637655436000068	0.6613162715420172	0.8678359978477339	0.9504836158608407	
0.07741794637000068	0.6621413751337621	0.869205254971918	0.9508288929883385	
0.07845933838000069	0.6629649201045417	0.8705628220078901	0.9511719432800365	
0.07950073039000069	0.6637869007646567	0.8719087476596783	0.9515127791475191	
0.08054212240000069	0.6646073114844152	0.8732430815282213	0.9518514129600187	
0.08158351441000067	0.6654261466941597	0.8745658740849522	0.9521878570441665	
0.0826249064200007	0.6662434008842907	0.8758771766456107	0.9525221236837497	
0.08366629843000073	0.667059068605286	0.8771770413442863	0.9528542251194753	
0.0847076904400007	0.6678731444677148	0.8784655211077046	0.9531841735487423	
0.08574908245000068	0.6686856231422491	0.879742669629761	0.9535119811254207	
0.08679047446000071	0.6694964993596696	0.8810085413463069	0.9538376599596369	
0.08783186647000074	0.6703057679108676	0.8822631914101962	0.9541612221175662	
0.08887325848000072	0.6711134236468435	0.8835066756665979	0.9544826796212328	
0.08991465049000069	0.6719194614787	0.8847390506285793	0.9548020444483152	
0.09095604250000072	0.6727238763776323	0.8859603734529637	0.95511932853196	
0.09199743451000075	0.6735266633749132	0.8871707019164703	0.9554345437606009	
0.09303882652000073	0.6743278175618745	0.8883700943921374	0.9557477019777841	
0.0940802185300007	0.6797241525632122	0.889558609826037	0.9560588149820017	
0.09512161054000073	0.6860952782706056	0.8907363077142789	0.956367894526529	
0.09616300255000076	0.692315119857879	0.8919032480803147	0.9566749523192706	
0.09720439456000074	0.6983825254795714	0.8930594914525386	0.9569800000226103	
0.09824578657000071	0.7042967200397893	0.8942050988421931	0.9572830492532689	
0.09928717858000075	0.7100572894749285	0.895340131721579	0.9575841115821672	
0.10032857059000078	0.7116394377456927	0.8964646520025725	0.9578831985342942	
0.10136996260000075	0.7129978007616548	0.8975787220154542	0.958180321588583	
0.10241135461000073	0.7143523290664305	0.8986824044880489	0.9584754921777903	
0.10345274662000076	0.7157030015373149	0.8997757625251804	0.9587687216883833	
0.10449413863000079	0.7170497973845578	0.9008588595884394	0.9590600214604315	
0.10553553064000076	0.7183926961515876	0.9019317594762698	0.9593494027875026	
0.10657692265000074	0.7197316777151842	0.9029945263043726	0.9596368769165676	
0.10761831466000077	0.7210667222855958	0.9040472244864269	0.9599224550479071	
0.1086597066700008	0.7223978104066033	0.9050899187151316	0.9602061483350253	
0.10970109868000077	0.7237249229555337	0.9061226739435643	0.9604879678845684	
0.11074249069000075	0.7250480411432197	0.9071455553668627	0.9607679247562485	
0.11178388270000078	0.7263671465139085	0.908158628404223	0.9610460299627722	
0.11282527471000081	0.7276822209451183	0.9091619586812195	0.9613222944697748	
0.11386666672000079	0.7289932466474457	0.9101556120124422	0.961596729195758	
0.11490805873000076	0.7303002061643222	0.9111396543844547	0.9618693450120348	
0.11594945074000079	0.7316030823717201	0.9121141519390678	0.9621401527426767	
0.11699084275000082	0.7329018584778099	0.9130791709569319	0.9624091631644666	
0.1180322347600008	0.7341965180225684	0.9140347778414448	0.9626763870068575	
0.11907362677000077	0.7354870448773396	0.9149810391029753	0.9629418349519336	
0.1201150187800008	0.7367734232443471	0.9159180213433986	0.9632055176343773	
0.12115641079000083	0.738055637656158	0.9168457912409457	0.9634674456414406	
0.12219780280000081	0.7393336729751029	0.9177644155353625	0.9637276295129197	
0.12323919481000079	0.7406075143926474	0.9186739610133784	0.9639860797411359	
0.12428058682000082	0.741877147428719	0.9195744944944818	0.9642428067709182	
0.12532197883000085	0.743142557930989	0.9204660828170004	0.9644978209995925	
0.12636337084000082	0.7444037320741096	0.9213487928244845	0.9647511327769724	
0.1274047628500008	0.7456606563589071	0.9222226913523925	0.965002752405357	
0.12844615486000083	0.7469133176115326	0.9230878452150743	0.9652526901395301	
0.12948754687000086	0.7481617029825686	0.9239443211930501	0.9655009561867638	
0.13052893888000083	0.7494057999460944	0.9247921860205849	0.9657475607068272	
0.1315703308900008	0.7506455962987104	0.925631506373553	0.9659925138119975	
0.13261172290000084	0.7518810801585203	0.9264623488575923	0.9662358255670751	
0.13365311491000087	0.7531122399640733	0.9272847799965435	0.9664775059894032	
0.13469450692000084	0.7543390644732677	0.9280988662211735	0.9667175650488896	
0.13573589893000082	0.755561542762214	0.9289046738581791	0.9669560126680333	
0.13677729094000085	0.7567796642240603	0.9297022691194677	0.9671928587219532	
0.13781868295000088	0.7579934185677794	0.9304917180917132	0.9674281130384218	
0.13886007496000086	0.7592027958169194	0.9312730867261824	0.9676617853979006	
0.13990146697000083	0.7604077863083173	0.9320464408288321	0.9678938855335805	
0.14094285898000086	0.7616083806907765	0.9328118460506694	0.9681244231314237	
0.1419842509900009	0.762804569923709	0.9335693678783742	0.9683534078302098	
0.14302564300000087	0.7639963452757436	0.9343190716251822	0.9685808492215848	
0.14406703501000084	0.765183698323299	0.9350610224220226	0.9688067568501133	
0.14510842702000087	0.7663666209491253	0.9357952852089086	0.9690311402133334	
0.1461498190300009	0.7675451053408102	0.9365219247265761	0.9692540087618144	
0.14719121104000088	0.7687191439892556	0.9372410055083696	0.9694753718992181	
0.14823260305000086	0.7698887296871211	0.9379525918723696	0.969695238982362	
0.14927399506000089	0.7710538555272386	0.9386567479137587	0.9699136193212864	
0.15031538707000092	0.772214514900994	0.9393535374974248	0.9701305221793227	
0.1513567790800009	0.7733707014966819	0.9400430242507944	0.9703459567731665	
0.15239817109000087	0.7745224092978307	0.9407252715568966	0.9705599322729508	
0.1534395631000009	0.7756696325814991	0.9414003425476508	0.9707724578023239	
0.15448095511000093	0.7768123659165459	0.9420683000973772	0.9709835424385289	
0.1555223471200009	0.7779506041618719	0.9427292068165254	0.9711931952124855	
0.15656373913000088	0.779084342464637	0.9433831250456175	0.9714014251088746	
0.1576051311400009	0.7802135762584504	0.9440301168494035	0.9716082410662258	
0.15864652315000094	0.7813383012615366	0.9446702440112233	0.9718136519770052	
0.15968791516000092	0.782458513474877	0.9453035680275751	0.9720176666877085	
0.1607293071700009	0.7835742091803285	0.9459301501028823	0.9722202939989536	
0.16177069918000092	0.7846853849387178	0.9465500511444603	0.9724215426655775	
0.16281209119000095	0.7857920375879142	0.9471633317576768	0.9726214213967332	
0.16385348320000093	0.7868941642408814	0.947770052241301	0.972819938855991	
0.1648948752100009	0.7879917622837073	0.9483702725830433	0.9730171036614399	
0.16593626722000093	0.789084829373613	0.9489640524552755	0.9732129243857921	
0.16697765923000096	0.7901733634369438	0.9495514512109346	0.9734074095564899	
0.16801905124000094	0.7912573626671388	0.9501325278796008	0.9736005676558127	
0.1690604432500009	0.7923368255226843	0.9507073411637518	0.9737924071209878	
0.17010183526000094	0.7934117507250475	0.9512759494351857	0.9739829363443017	
0.17114322727000097	0.7944821372565941	0.9518384107316111	0.9741721636732146	
0.17218461928000095	0.795547984358488	0.9523947827534036	0.974360097410475	
0.17322601129000093	0.7966092915285766	0.9529451228605187	0.9745467458142371	
0.17426740330000096	0.7976660585192602	0.953489488069565	0.9747321170981799	
0.175308795310001	0.7987182853353447	0.954027935051031	0.9749162194316272	
0.17635018732000096	0.799765972231883	0.9545605201266624	0.9750990609396702	
0.17739157933000094	0.8008091197120011	0.9550872992669864	0.9752806497032904	
0.17843297134000097	0.8018477285247118	0.9556083280889827	0.9754609937594857	
0.179474363350001	0.8028817996627147	0.9561236618538945	0.9756401011013959	
0.18051575536000097	0.8039113343601864	0.9566333554651776	0.9758179796784315	
0.18155714737000095	0.804936334090558	0.9571374634665866	0.9759946373964032	
0.18259853938000098	0.8059568005642828	0.9576360400403925	0.976170082117653	
0.183639931390001	0.8069727357265921	0.958129139005729	0.9763443216611856	
0.18468132340000099	0.8079841417552444	0.9586168138170673	0.9765173638028022	
0.18572271541000096	0.8089910210582625	0.9590991175628127	0.9766892162752356	
0.186764107420001	0.8099933762716645	0.9595761029640232	0.9768598867682868	
0.18780549943000102	0.8109912102571857	0.9600478223732445	0.9770293829289608	
0.188846891440001	0.8119845260999935	0.9605143277734632	0.9771977123616054	
0.18988828345000097	0.8129733271063952	0.9609756707771675	0.9773648826280522	
0.190929675460001	0.8139576168015402	0.9614319026255229	0.9775309012477555	
0.19197106747000103	0.8149373989271157	0.9618830741876504	0.9776957756979346	
0.193012459480001	0.8159126774390371	0.962329235960012	0.9778595134137169	
0.19405385149000098	0.8168834565051347	0.962770438065896	0.9780221217882814	
0.19509524350000101	0.817849740502835	0.9632067302550028	0.9781836081730035	
0.19613663551000105	0.8188115340168393	0.9636381619031257	0.978343979877601	
0.19717802752000102	0.8197688418367975	0.9640647820119271	0.9785032441702798	
0.198219419530001	0.8207216689549814	0.9644866392088061	0.9786614082778828	
0.19926081154000103	0.821670020563954	0.9649037817468535	0.9788184793860374	
0.20030220355000106	0.8226139020542371	0.9653162575048966	0.9789744646393052	
0.20134359556000103	0.8235533190119791	0.9657241139876253	0.9791293711413311	
0.202384987570001	0.82448827721662	0.9661273983258024	0.9792832059549956	
0.20342637958000104	0.8254187826385574	0.9665261572765526	0.9794359761025655	
0.20446777159000107	0.8263448414368116	0.9669204372237291	0.9795876885658459	
0.20550916360000104	0.8272664599566921	0.9673102841783561	0.9797383502863342	
0.20655055561000102	0.8281836447274648	0.9676957437791435	0.9798879681653728	
0.20759194762000105	0.8290964024600195	0.9680768612930738	0.980036549064304	
0.20863333963000108	0.8300047400445405	0.9684536816160569	0.9801840998046253	
0.20967473164000106	0.8309086645481794	0.9688262492736517	0.9803306271681436	
0.21071612365000103	0.8318081832127292	0.9691946084218532	0.9804761378971325	
0.21175751566000106	0.8327033034523028	0.9695588028479425	0.9806206386944893	
0.2127989076700011	0.8335940328510144	0.9699188759713958	0.980764136223891	
0.21384029968000107	0.8344803791606641	0.9702748708448559	0.9809066371099527	
0.21488169169000104	0.8353623502984282	0.9706268301551567	0.9810481479383856	
0.21592308370000107	0.8362399543445522	0.9709747962244056	0.981188675256156	
0.2169644757100011	0.8371131995400499	0.9713188110111185	0.9813282255716442	
0.21800586772000108	0.8379820942844076	0.9716589161114069	0.9814668053548034	
0.21904725973000105	0.838846647133294	0.971995152760213	0.9816044210373205	
0.22008865174000108	0.8397068667962756	0.9723275618325956	0.9817410790127763	
0.22113004375000112	0.8405627621345387	0.9726561838450613	0.981876785636805	
0.2221714357600011	0.8414143421586183	0.9729810589569386	0.9820115472272568	
0.22321282777000107	0.8422616160261341	0.9733022269717997	0.9821453700643575	
0.2242542197800011	0.843104593039533	0.9736197273389193	0.9822782603908714	
0.22529561179000113	0.8439432826438397	0.9739335991547764	0.9824102244122622	
0.2263370038000011	0.8447776944244154	0.9742438811645932	0.9825412682968555	
0.22737839581000108	0.845607838104725	0.9745506117639119	0.982671398176001	
0.2284197878200011	0.8464337235441117	0.9748538290002075	0.9828006201442352	
0.22946117983000114	0.8472553607355816	0.9751535705745328	0.9829289402594434	
0.2305025718400011	0.8480727598035969	0.9754498738431993	0.9830563645430234	
0.2315439638500011	0.8488859310018777	0.9757427758194867	0.9831828989800482	
0.23258535586000112	0.8496948847112155	0.9760323131753841	0.983308549519429	
0.23362674787000115	0.850499631437294	0.97631852224336	0.9834333220740789	
0.23466813988000113	0.8513001818085226	0.976601439018159	0.9835572225210761	
0.2357095318900011	0.8520965465738777	0.9768810991586262	0.9836802567018268	
0.23675092390000113	0.8528887366007569	0.977157537989555	0.9838024304222305	
0.23779231591000116	0.8536767628728428	0.9774307905035604	0.9839237494528412	
0.23883370792000114	0.854460636487978	0.9777008913629739	0.9840442195290333	
0.2398750999300011	0.8552403686560524	0.9779678749017611	0.984163846351164	
0.24091649194000114	0.8560159706969002	0.9782317751274585	0.9842826355847375	
0.24195788395000117	0.8567874540382108	0.9784926257231312	0.9844005928605688	
0.24299927596000115	0.8575548302134495	0.9787504600493478	0.984517723774947	
0.24404066797000112	0.8583181108597926	0.9790053111461735	0.9846340338897986	
0.24508205998000115	0.8590773077160724	0.9792572117351788	0.9847495287328534	
0.24612345199000119	0.8598324326207372	0.9795061942214642	0.9848642137978045	
0.24716484400000116	0.8605834975098214	0.9797522906956991	0.9849780945444748	
0.24820623601000114	0.8613305144149318	0.979995532936174	0.9850911763989791	
0.24924762802000117	0.8620734954612425	0.980235952410866	0.9852034647538872	
0.2502890200300012	0.8628124528655077	0.9804735802795149	0.9853149649683882	
0.25133041204000117	0.8635473989340843	0.9807084473957112	0.9854256823684524	
0.25237180405000115	0.8642783460609701	0.9809405843089928	0.9855356222469948	
0.2534131960600012	0.8644688540828382	0.9811700212669527	0.9856447898640378	
0.2544545880700012	0.8644779904853784	0.9813967882173538	0.9857531904468738	
0.2554959800800012	0.8644867121941429	0.9816209148102515	0.9858608291902282	
0.25653737209000116	0.8644950380226113	0.9818424304001226	0.9859677112564205	
0.2575787641000012	0.8645029859315598	0.9820613640480027	0.9860738417755277	
0.2586201561100012	0.8645105730676362	0.9822777445236253	0.986179225845545	
0.2596615481200012	0.8645178158001975	0.9824916003075695	0.9862838685325485	
0.26070294013000117	0.8645247297564869	0.9827029595934081	0.9863877748708557	
0.2617443321400012	0.8645313298552227	0.9829118502898625	0.9864909498631879	
0.26278572415000123	0.8645376303386737	0.9831183000229576	0.9865933984808296	
0.2638271161600012	0.8645436448032843	0.9833223361381804	0.9866951256637906	
0.2648685081700012	0.8645493862289199	0.9835239857026398	0.9867961363209657	
0.2659099001800012	0.86455486700679	0.9837232755072265	0.9868964353302949	
0.26695129219000124	0.8645600989661097	0.9839202320687754	0.9869960275389239	
0.2679926842000012	0.8645650933995587	0.9841148816322255	0.9870949177633622	
0.2690340762100012	0.8645698610875872	0.9843072501727795	0.9871931107896444	
0.2700754682200012	0.8645744123216251	0.9844973633980643	0.9872906113734876	
0.27111686023000126	0.8645787569262412	0.984685246750287	0.9873874242404507	
0.27215825224000123	0.8645829042803006	0.9848709254083908	0.9874835540860923	
0.2731996442500012	0.8645868633371641	0.9850544242902065	0.9875790055761298	
0.27424103626000124	0.8645906426439759	0.9852357680546023	0.9876737833465952	
0.27528242827000127	0.8645942503600771	0.9854149811036296	0.9877678920039941	
0.27632382028000124	0.8645976942745864	0.9855920875846643	0.9878613361254619	
0.2773652122900012	0.8646009818231849	0.9857671113925444	0.9879541202589202	
0.27840660430000125	0.8646041201041414	0.9859400761717022	0.9880462489232329	
0.2794479963100013	0.8646071158936125	0.9861110053182923	0.988137726608363	
0.28048938832000125	0.8646099756602487	0.9862799219823123	0.9882285577755268	
0.28153078033000123	0.8646127055791407	0.9864468490697195	0.9883187468573499	
0.28257217234000126	0.864615311545133	0.9866118092445402	0.9884082982580207	
0.2836135643500013	0.8646177991855344	0.9867748249309727	0.9884972163534458	
0.28465495636000127	0.8646201738722529	0.9869359183154831	0.9885855054914032	
0.28569634837000124	0.8646224407333815	0.9870951113488947	0.988673169991696	
0.28673774038000127	0.864624604664258	0.9872524257484689	0.9887602141463044	
0.2877791323900013	0.8646266703380239	0.9874078829999788	0.9888466422195396	
0.2888205244000013	0.8646286422157052	0.9875615043597744	0.9888888754935407	
0.28986191641000125	0.8646305245558356	0.9877133108568402	0.9888888760141101	
0.2909033084200013	0.8646323214236444	0.9878633232948426	0.9888888765162549	
0.2919447004300013	0.8646340366998267	0.9880115622541706	0.9888888770006269	
0.2929860924400013	0.8646356740889174	0.9881580480939659	0.9888888774678555	
0.29402748445000126	0.8646372371272838	0.9883028009541436	0.9888888779185473	
0.2950688764600013	0.864638729190758	0.9884458407574038	0.9888888783532875	
0.2961102684700013	0.8646401535019209	0.9885871872112343	0.9888888787726409	
0.2971516604800013	0.8646415131370574	0.9887268598099016	0.9888888791771518	
0.2981930524900013	0.8646428110327958	0.988864877836433	0.9888888795673457	
0.2992344445000013	0.864644049992446	0.9888888799437294	0.9890012603645879	
0.30027583651000134	0.8646452326920497	0.9888888803067917	0.989136026260819	
0.3013172285200013	0.8646463616861574	0.9888888806570039	0.9892691941862224	
0.3023586205300013	0.8646474394133422	0.988888880994821	0.9894007825984771	
0.3034000125400013	0.8646484682014639	0.9888888813206814	0.9895308097537734	
0.30444140455000135	0.8646494502726944	0.9888888816350085	0.9896592937087307	
0.3054827965600013	0.8646503877483147	0.9888888819382109	0.989786252322303	
0.3065241885700013	0.8646512826532949	0.9888888822306816	0.9899117032576742	
0.30756558058000133	0.864652136920666	0.9888888825128008	0.9900356639841413	
0.30860697259000136	0.8646529523956932	0.9888888827849348	0.9901581517789861	
0.30964836460000134	0.8646537308398595	0.9888888830474373	0.9902791837293352	
0.3106897566100013	0.8646544739346702	0.9888888833006486	0.9903987767340083	
0.31173114862000134	0.8646551832852825	0.9888888835448983	0.990516947505354	
0.31277254063000137	0.864655860423972	0.988888883780503	0.9906337125710745	
0.31381393264000135	0.8646565068134414	0.9888888840077688	0.9907490882760381	
0.3148553246500013	0.8646571238499786	0.9888888842269908	0.990863090784079	
0.31589671666000135	0.8646577128664719	0.9888888844384539	0.9909621704457361	
0.3169381086700014	0.8646582751352889	0.9888888846424326	0.9910329719186091	
0.31797950068000136	0.8646588118710234	0.9888888848391918	0.9911032696077174	
0.31902089269000133	0.8646593242331189	0.9888888850289871	0.991173067015867	
0.32006228470000136	0.864659813328372	0.988888885212065	0.9912423676226827	
0.3211036767100014	0.8646602802133233	0.9888888853886628	0.9913111748847444	
0.32214506872000137	0.8646607258965382	0.9888888855590104	0.9913794922357243	
0.32318646073000135	0.8646611513407865	0.9888888857233289	0.9914473230865213	
0.3242278527400014	0.8646615574651197	0.9888888858818317	0.9915146708253954	
0.3252692447500014	0.8646619451468581	0.9888888860347242	0.9915815388181028	
0.3263106367600014	0.8646623152234839	0.9888888861822055	0.9916479304080296	
0.32735202877000136	0.8646626684944511	0.9888888863244669	0.9917138489163242	
0.3283934207800014	0.8646630057229111	0.9888888864616935	0.9917792976420297	
0.3294348127900014	0.8646633276373621	0.9888888865940628	0.9918442798622173	
0.3304762048000014	0.864663634933222	0.9888888867217474	0.9919087988321164	
0.33151759681000137	0.8646639282743303	0.9888888868449125	0.9919728577852455	
0.33255898882000134	0.8646642082943823	0.9888888869637186	0.9920364599335433	
0.33360038083000143	0.8646644755982975	0.9888888870783196	0.9920996084674977	
0.3346417728400014	0.8646647307635263	0.9888888871888645	0.9921623065562754	
0.3356831648500014	0.864664974341298	0.9888888872954968	0.9922245573478499	
0.33672455686000147	0.8646652068578098	0.9888888873983552	0.9922863639691305	
0.33776594887000144	0.864665428815365	0.988888887497573	0.9923477295260886	
0.3388073408800014	0.8646656406934573	0.9888888875932792	0.9924086571038857	
0.3398487328900014	0.8646658429498065	0.9888888876855979	0.9924691497669985	
0.34089012490000137	0.8646660360213473	0.9888888877746493	0.9925292105593456	
0.34193151691000145	0.8646662203251734	0.9888888878605488	0.9925888425044124	
0.34297290892000143	0.8646663962594375	0.988888887943408	0.9926480486053749	
0.3440143009300014	0.8646665642042127	0.9888888880233344	0.9927068318452258	
0.3450556929400015	0.8646667245223129	0.9888888881004323	0.9927651951868949	
0.34609708495000147	0.8646668775600754	0.9888888881748013	0.9928231415733748	
0.34713847696000144	0.8646670236481112	0.988888888246538	0.9928806739278412	
0.3481798689700014	0.8646671631020177	0.9888888883157356	0.992937795153776	
0.3492212609800014	0.8646672962230606	0.9888888883824842	0.9929945081350873	
0.3502626529900015	0.864667423298825	0.9888888884468704	0.9930508157362307	
0.35130404500000145	0.8646675446038362	0.9888888885089777	0.9931067208023292	
0.3523454370100014	0.8646676604001539	0.9888888885688868	0.9931622261592923	
0.3533868290200015	0.8646677709379367	0.9888888886266756	0.993217334613935	
0.3544282210300015	0.864667876455983	0.9888888886824191	0.9932720489540964	
0.35546961304000146	0.864667977182248	0.9888888887361894	0.9933263719487564	
0.35651100505000144	0.8646680733343344	0.9888888887880567	0.993380306348154	
0.3575523970600014	0.8646681651199635	0.9888888888380882	0.9934338548839036	
0.3585937890700015	0.8646682527374239	0.9888888888863491	0.9934870202691097	
0.3596351810800015	0.8646683363759997	0.9888888889329017	0.9935398051984844	
0.36067657309000145	0.8646684162163789	0.9888888889778069	0.9935922123484604	
0.36171796510000154	0.8646684924310446	0.9888888890211226	0.9936442443773063	
0.3627593571100015	0.8646685651846473	0.988888889062905	0.9936959039252397	
0.3638007491200015	0.86466863463436	0.9888888891032089	0.9937471936145406	
0.36484214113000146	0.8646687009302186	0.988888889142086	0.9937981160496643	
0.36588353314000144	0.8646687642154457	0.9888888891795874	0.9938486738173528	
0.3669249251500015	0.8646688246267598	0.9888888892157613	0.9938988694867459	
0.3679663171600015	0.8646688822946705	0.9888888892506551	0.993948705609493	
0.3690077091700015	0.8646689373437615	0.9888888892843136	0.9939981847198631	
0.37004910118000156	0.864668989892958	0.9888888893167811	0.9940473093348537	
0.37109049319000154	0.8646690400557856	0.9888888893480993	0.9940960819543011	
0.3721318852000015	0.8646690879406135	0.9888888893783091	0.9941445050609882	
0.3731732772100015	0.8646691336508907	0.9888888894074495	0.9941925811207526	
0.37421466922000146	0.8646691772853675	0.9888888894355586	0.9942403125825944	
0.37525606123000155	0.8646692189383103	0.9888888894626731	0.9942877018787828	
0.3762974532400015	0.8646692586997043	0.9888888894888276	0.9943347514249625	
0.3773388452500015	0.8646692966554492	0.9888888895140566	0.9943814636202598	
0.3783802372600016	0.8646693328875426	0.9888888895383925	0.9944278408473867	
0.37942162927000156	0.864669367474259	0.9888888895618673	0.9944738854727474	
0.38046302128000153	0.8646694004903187	0.988888889584511	0.9945195998465407	
0.3815044132900015	0.8646694320070485	0.9888888896063535	0.9945649863028645	
0.3825458053000015	0.8646694620925356	0.9888888896274226	0.9946100471598183	
0.38358719731000157	0.864669490811776	0.9888888896477462	0.9946547847196059	
0.38462858932000155	0.8646695182268139	0.9888888896673504	0.9946992012686376	
0.3856699813300015	0.8646695443968756	0.9888888896862609	0.9947432990776308	
0.3867113733400016	0.8646695693784984	0.988888889704502	0.9947870804017114	
0.3877527653500016	0.8646695932256515	0.9888888897220974	0.9948305474805138	
0.38879415736000156	0.8646696159898536	0.9888888897390702	0.994873702538281	
0.38983554937000153	0.864669637720284	0.9888888897554422	0.9949165477839625	
0.3908769413800015	0.8646696584638882	0.9888888897712347	0.9949590854113152	
0.3919183333900016	0.8646696782654802	0.9888888897864682	0.995001317598999	
0.39295972540000157	0.8646696971678389	0.9888888898011627	0.9950432465106762	
0.39400111741000154	0.8646697152118	0.9888888898153371	0.9950848742951073	
0.39504250942000163	0.8646697324363457	0.9888888898290097	0.9951262030862484	
0.3960839014300016	0.8646697488786871	0.9888888898421984	0.9951672350033464	
0.3971252934400016	0.8646697645743459	0.9888888898549202	0.9952079721510345	
0.39816668545000156	0.8646697795572303	0.988888889867192	0.9952484166194282	
0.39920807746000153	0.8646697938597091	0.9888888898790293	0.9952885704842177	
0.4002494694700016	0.8646698075126811	0.9888888898904478	0.9953284358067633	
0.4012908614800016	0.8646698205456416	0.988888889901462	0.9953680146341879	
0.40233225349000157	0.8646698329867468	0.9888888899120862	0.99540730899947	
0.40337364550000165	0.864669844862874	0.9888888899223347	0.9954463209215362	
0.40441503751000163	0.8646698561996803	0.9888888899322202	0.9954850524053522	
0.4054564295200016	0.8646698670216572	0.988888889941756	0.995523505442015	
0.4064978215300016	0.8646698773521843	0.9888888899509544	0.9955616820088427	
0.40753921354000155	0.8646698872135794	0.988888889959827	0.9955995840694648	
0.40858060555000164	0.8646698966271469	0.9888888899683858	0.9956372135739125	
0.4096219975600016	0.8646699056132233	0.9888888899766414	0.9956745724587073	
0.4106633895700016	0.8646699141912224	0.9888888899846049	0.9957116626469498	
0.4117047815800017	0.8646699223796755	0.9888888899922865	0.9957484860484073	
0.41274617359000165	0.864669930196273	0.9888888899996965	0.9957850445596024	
0.41378756560000163	0.8646699376579015	0.9888888900068439	0.9958213400638993	
0.4148289576100016	0.8646699447806809	0.9888888900137386	0.995857374431591	
0.4158703496200016	0.8646699515799993	0.988888890020389	0.9958931495199844	
0.41691174163000166	0.8646699580705455	0.9888888900268044	0.9959286671734876	
0.41795313364000164	0.8646699642663416	0.9888888900329923	0.9959639292236933	
0.4189945256500016	0.864669970180773	0.9888888900389614	0.995998937489464	
0.4200359176600017	0.8646699758266168	0.9888888900447194	0.996033693777017	
0.4210773096700017	0.8646699812160704	0.9888888900502734	0.9960681998800065	
0.42211870168000165	0.8646699863607771	0.9888888900556307	0.9961024575796078	
0.4231600936900016	0.8646699912718511	0.9888888900607986	0.9961364686445998	
0.4242014857000016	0.8646699959599025	0.9888888900657835	0.9961702348314466	
0.4252428777100017	0.8646700004350589	0.9888888900705921	0.9962037578843801	
0.42628426972000166	0.8646700047069887	0.9888888900752303	0.9962370395354804	
0.42732566173000164	0.8646700087849206	0.9888888900797046	0.9962700815047564	
0.4283670537400017	0.8646700126776646	0.9888888900840204	0.9963028855002273	
0.4294084457500017	0.8646700163936305	0.9888888900881833	0.996335453218001	
0.4304498377600017	0.8646700199408461	0.988888890092199	0.9963677863423537	
0.43149122977000165	0.8646700233269748	0.9888888900960725	0.9963998865458091	
0.4325326217800016	0.8646700265593319	0.9888888900998091	0.9964317554892168	
0.4335740137900017	0.8646700296449005	0.9888888901034134	0.9964633948218293	
0.4346154058000017	0.8646700325903465	0.98888889010689	0.9964948061813804	
0.43565679781000166	0.8646700354020331	0.9888888901102436	0.9965259911941617	
0.43669818982000175	0.864670038086035	0.9888888901134785	0.996556951475099	
0.4377395818300017	0.8646700406481503	0.9888888901165989	0.9965876886278289	
0.4387809738400017	0.8646700430939145	0.9888888901196089	0.9966182042447732	
0.4398223658500017	0.8646700454286108	0.9888888901225124	0.9966484999072152	
0.44086375786000165	0.8646700476572835	0.9888888901253129	0.9966785771853736	
0.44190514987000173	0.8646700497847472	0.9888888901280145	0.996708437638477	
0.4429465418800017	0.864670051815598	0.9888888901306204	0.9967380828148382	
0.4439879338900017	0.8646700537542233	0.9888888901331343	0.9967675142519258	
0.44502932590000177	0.8646700556048115	0.9888888901355589	0.996796733476439	
0.44607071791000175	0.8646700573713603	0.9888888901378977	0.9968257420043788	
0.4471121099200017	0.864670059057686	0.988888890140154	0.9968545413411206	
0.4481535019300017	0.8646700606674321	0.9888888901423302	0.996883132981485	
0.44919489394000167	0.864670062204076	0.9888888901444295	0.9969115184098096	
0.45023628595000176	0.8646700636709376	0.9888888901464543	0.9969396991000196	
0.45127767796000173	0.8646700650711857	0.9888888901484076	0.9969676765156973	
0.4523190699700017	0.8646700664078452	0.9888888901502919	0.9969954521101528	
0.4533604619800018	0.8646700676838042	0.9888888901521092	0.9970230273264928	
0.45440185399000177	0.8646700689018191	0.9888888901538625	0.9970504035976895	
0.45544324600000174	0.8646700700645212	0.9888888901555536	0.9970775823466493	
0.4564846380100017	0.8646700711744223	0.9888888901571848	0.9971045649862812	
0.4575260300200017	0.8646700722339205	0.9888888901587582	0.9971313529195638	
0.4585674220300018	0.8646700732453043	0.988888890160276	0.9971579475396124	
0.45960881404000176	0.8646700742107591	0.9888888901617403	0.997184350229747	
0.46065020605000173	0.8646700751323704	0.9888888901631524	0.9972105623635578	
0.4616915980600018	0.8646700760121293	0.9888888901645148	0.9972365853049704	
0.4627329900700018	0.8646700768519364	0.9888888901658287	0.9972624204083135	
0.46377438208000177	0.8646700776536059	0.9888888901670964	0.9972880690183825	
0.46481577409000174	0.8646700784188698	0.9888888901683189	0.9973135324705038	
0.4658571661000017	0.8646700791493814	0.9888888901694985	0.9973388120906014	
0.4668985581100018	0.864670079846719	0.9888888901706362	0.997363909195258	
0.4679399501200018	0.8646700805123887	0.9888888901717336	0.9973888250917807	
0.46898134213000175	0.8646700811478291	0.988888890172792	0.9974135610782637	
0.47002273414000184	0.8646700817544125	0.9888888901738133	0.9974381184436498	
0.4710641261500018	0.8646700823334497	0.9888888901747982	0.9974624984677944	
0.4721055181600018	0.8646700828861914	0.9888888901757482	0.9974867024215269	
0.47314691017000177	0.8646700834138322	0.9888888901766648	0.9975107315667114	
0.47418830218000174	0.8646700839175113	0.9888888901775489	0.9975345871563093	
0.47522969419000183	0.8646700843983174	0.9888888901784015	0.9975582704344388	
0.4762710862000018	0.864670084857289	0.9888888901792241	0.9975817826364365	
0.4773124782100018	0.8646700852954176	0.9888888901800176	0.9976051249889165	
0.47835387022000186	0.8646700857136499	0.988888890180783	0.9976282987098303	
0.47939526223000184	0.8646700861128892	0.9888888901815213	0.9976513050085262	
0.4804366542400018	0.8646700864939983	0.9888888901822334	0.9976741450858084	
0.4814780462500018	0.8646700868578004	0.9888888901829203	0.9976968201339947	
0.48251943826000177	0.8646700872050814	0.9888888901835831	0.9977193313369757	
0.48356083027000185	0.8646700875365917	0.9888888901842222	0.9977416798702713	
0.4846022222800018	0.8646700878530472	0.9888888901848387	0.9977638669010898	
0.4856436142900018	0.8646700881551317	0.9888888901854336	0.9977858935883827	
0.4866850063000019	0.8646700884434981	0.9888888901860071	0.9978077610829038	
0.48772639831000186	0.864670088718769	0.9888888901865605	0.9978294705272636	
0.48876779032000184	0.8646700889815392	0.9888888901870944	0.9978510230559858	
0.4898091823300018	0.8646700892323764	0.9888888901876092	0.9978724197955637	
0.4908505743400018	0.8646700894718228	0.988888890188106	0.9978936618645139	
0.4918919663500019	0.864670089700395	0.988888890188585	0.9979147503734328	
0.49293335836000185	0.8646700899185875	0.988888890189047	0.9979356864250495	
0.4939747503700018	0.8646700901268713	0.9888888901894929	0.9979564711142812	
0.4950161423800019	0.8646700903256965	0.9888888901899229	0.9979771055282863	
0.4960575343900019	0.8646700905154926	0.9888888901903377	0.9979975907465187	
0.49709892640000186	0.8646700906966696	0.9888888901907378	0.9980179278407795	
0.49814031841000184	0.864670090869619	0.9888888901911237	0.998038117875271	
0.4991817104200018	0.8646700910347145	0.9888888901914961	0.9980581619066486	
0.5002231024300019	0.8646700911923125	0.9888888901918551	0.9980780609840734	
0.5012644944400019	0.8646700913427535	0.9888888901922016	0.9980978161492626	
0.5023058864500018	0.8646700914863628	0.9888888901925357	0.9981174284365429	
0.5033472784600019	0.8646700916234505	0.988888890192858	0.9981368988729	
0.5043886704700019	0.8646700917543126	0.988888890193169	0.9981562284780298	
0.5054300624800019	0.8646700918792322	0.9888888901934687	0.998175418264389	
0.5064714544900019	0.8646700919984788	0.988888890193758	0.9981944692372452	
0.5075128465000018	0.86467009211231	0.9888888901940371	0.9982133823947263	
0.5085542385100019	0.864670092220972	0.9888888901943063	0.9982321587278701	
0.5095956305200019	0.8646700923246995	0.9888888901945659	0.9982507992206734	
0.5106370225300019	0.8646700924237163	0.9888888901948165	0.9982693048501413	
0.511678414540002	0.8646700925182368	0.988888890195058	0.9982876765863347	
0.5127198065500019	0.8646700926084647	0.988888890195291	0.998305915392419	
0.5137611985600019	0.8646700926945952	0.9888888901955158	0.998324022224712	
0.5148025905700019	0.8646700927768144	0.9888888901957327	0.998341998032731	
0.5158439825800019	0.8646700928552996	0.988888890195942	0.9983598437592408	
0.516885374590002	0.8646700929302209	0.9888888901961436	0.9983775603402998	
0.5179267666000019	0.8646700930017397	0.9888888901963382	0.9983951487053067	
0.5189681586100019	0.8646700930700107	0.988888890196526	0.9984126097770466	
0.520009550620002	0.8646700931351814	0.9888888901967071	0.9984299444717383	
0.521050942630002	0.8646700931973924	0.9888888901968816	0.9984471536990782	
0.5220923346400019	0.8646700932567785	0.9888888901970503	0.9984642383622864	
0.5231337266500019	0.8646700933134676	0.9888888901972127	0.9984811993581523	
0.5241751186600019	0.8646700933675825	0.9888888901973695	0.9984980375770781	
0.525216510670002	0.8646700934192396	0.9888888901975208	0.998514753903125	
0.5262579026800019	0.8646700934685512	0.9888888901976666	0.9985313492140555	
0.5272992946900019	0.8646700935156231	0.9888888901978073	0.9985478243813782	
0.528340686700002	0.8646700935605576	0.988888890197943	0.9985641802703925	
0.529382078710002	0.8646700936034515	0.988888890198074	0.9985804177402291	
0.530423470720002	0.8646700936443974	0.9888888901982003	0.9985965376438962	
0.5314648627300019	0.864671518336639	0.988888890198322	0.9986125408283193	
0.5325062547400019	0.8648509181876263	0.9888888901984396	0.9986284281343861	
0.533547646750002	0.8650295168008758	0.988888890198553	0.9986442003969874	
0.534589038760002	0.8652073173498702	0.9888888901986623	0.9986598584450587	
0.5356304307700019	0.8653843229993403	0.9888888901987678	0.9986754031016225	
0.536671822780002	0.865560536905253	0.9888888901988695	0.9986908351838296	
0.537713214790002	0.8657359622147961	0.9888888901989678	0.9987061555029997	
0.538754606800002	0.8659106020663669	0.9888888901990622	0.9987213648646626	
0.539795998810002	0.866084459589559	0.9888888901991536	0.9987364640685982	
0.5408373908200019	0.8662575379051513	0.9888888901992416	0.9987514539088772	
0.541878782830002	0.8664298401250954	0.9888888901993266	0.9987663351739009	
0.542920174840002	0.8666013693525058	0.9888888901994087	0.9987811086464409	
0.543961566850002	0.8667721286816489	0.9888888901994878	0.998795775103678	
0.545002958860002	0.8669421211979332	0.9888888901995639	0.9988103353172424	
0.546044350870002	0.8671113499778995	0.9888888901996375	0.9988247900532521	
0.547085742880002	0.8672798180892116	0.9888888901997085	0.998839140072351	
0.548127134890002	0.867447528590648	0.9888888901997768	0.9988533861297477	
0.549168526900002	0.8676144845320936	0.9888888901998429	0.998867528975254	
0.550209918910002	0.867780688954531	0.9888888901999067	0.9988815693533225	
0.551251310920002	0.8679461448900345	0.9888888901999681	0.9988955080030836	
0.552292702930002	0.8681108553617618	0.9888888902000273	0.9989093456583837	
0.5533340949400021	0.8682748233839486	0.9888888902000845	0.998923083047822	
0.554375486950002	0.8684380519619005	0.9888888902001396	0.9989367208947867	
0.555416878960002	0.8686005440919897	0.9888888902001929	0.998950259917493	
0.556458270970002	0.8687623027616475	0.9888888902002441	0.9989637008290184	
0.557499662980002	0.8689233309493606	0.9888888902002936	0.9989770443373385	
0.5585410549900021	0.8690836316246661	0.9888888902003413	0.9989902911453638	
0.559582447000002	0.8692432077481469	0.9888888902003874	0.999003441950975	
0.560623839010002	0.8694020622714287	0.9888888902004317	0.9990164974470586	
0.5616652310200021	0.8695601981371759	0.9888888902004747	0.9990294583215407	
0.5627066230300021	0.8697176182790884	0.9888888902005158	0.9990423252574238	
0.563748015040002	0.8698743256218999	0.9888888902005558	0.9990550989328203	
0.564789407050002	0.8700303230813746	0.9888888902005941	0.9990677800209873	
0.565830799060002	0.8701856135643057	0.9888888902006314	0.9990803691903603	
0.5668721910700021	0.8703401999685134	0.9888888902006671	0.9990928671045881	
0.5679135830800021	0.8704940851828444	0.9888888902007016	0.9991052744225657	
0.568954975090002	0.8706472720871703	0.988888890200735	0.9991175917984682	
0.5699963671000021	0.8707997635523874	0.988888890200767	0.9991298198817835	
0.5710377591100021	0.8709515624404164	0.9888888902007981	0.9991419593173465	
0.5720791511200021	0.8711026716042028	0.988888890200828	0.9991540107453708	
0.573120543130002	0.8712530938877169	0.9888888902008568	0.9991659748014815	
0.574161935140002	0.8714028321259553	0.9888888902008846	0.9991778521167483	
0.5752033271500021	0.8715518891449413	0.9888888902009114	0.9991896433177165	
0.5762447191600021	0.8717002677617269	0.9888888902009372	0.9992013490264403	
0.5772861111700021	0.8718479707843946	0.9888888902009623	0.9992129698605131	
0.5783275031800021	0.8719950010120594	0.9888888902009862	0.9992245064331	
0.5793688951900021	0.8721413612348711	0.9888888902010095	0.9992359593529687	
0.5804102872000021	0.8722870542340172	0.9888888902010319	0.9992473292245206	
0.5814516792100021	0.8724320827817261	0.9888888902010534	0.9992586166478217	
0.582493071220002	0.8725764496412701	0.9888888902010743	0.9992698222186328	
0.5835344632300021	0.8727201575669696	0.9888888902010944	0.9992809465284412	
0.5845758552400021	0.8728632093041966	0.9888888902011138	0.9992919901644892	
0.5856172472500021	0.873005607589379	0.9888888902011325	0.9993029537098056	
0.5866586392600022	0.8731473551500053	0.9888888902011507	0.9993138377432346	
0.5877000312700021	0.8732884547046297	0.9888888902011679	0.9993246428394655	
0.5887414232800021	0.8734289089628767	0.9888888902011848	0.9993353695690629	
0.5897828152900021	0.873568720625447	0.9888888902012009	0.9993460184984947	
0.5908242073000021	0.8737078923841225	0.9888888902012166	0.9993565901901619	
0.5918655993100022	0.8738464269217731	0.9888888902012316	0.9993670852024276	
0.5929069913200021	0.8739843269123622	0.9888888902012462	0.9993775040896447	
0.5939483833300021	0.8741215950209537	0.9888888902012601	0.9993878474021849	
0.5949897753400022	0.8742582339037185	0.9888888902012738	0.999398115686467	
0.5960311673500022	0.8743942462079415	0.9888888902012868	0.9994083094849846	
0.5970725593600021	0.8745296345720294	0.9888888902012993	0.9994184293363343	
0.5981139513700021	0.8746644016255171	0.9888888902013114	0.9994284757752429	
0.5991553433800021	0.8747985499890769	0.9888888902013231	0.9994384493325946	
0.6001967353900022	0.8749320822745251	0.9888888902013344	0.9994483505354597	
0.6012381274000022	0.8750650010848315	0.9888888902013453	0.9994581799071199	
0.6022795194100021	0.8751973090141275	0.9888888902013558	0.9994679379670962	
0.6033209114200022	0.875329008647714	0.988888890201366	0.999477625231175	
0.6043623034300022	0.875460102562072	0.9888888902013758	0.9994872422114353	
0.6054036954400022	0.8755905933248704	0.9888888902013853	0.9994967894162745	
0.6064450874500021	0.8757204834949763	0.9888888902013943	0.9995062673504348	
0.6074864794600021	0.8758497756224645	0.988888890201403	0.9995156765150288	
0.6085278714700022	0.8759784722486269	0.9888888902014115	0.9995250174075657	
0.6095692634800022	0.8761065759059836	0.9888888902014198	0.9995342905219766	
0.6106106554900022	0.876234089118292	0.9888888902014277	0.9995434963486405	
0.6116520475000022	0.8763610144005588	0.9888888902014351	0.9995526353744085	
0.6126934395100022	0.8764873542590493	0.9888888902014425	0.9995617080826295	
0.6137348315200022	0.8766131111912995	0.9888888902014497	0.9995707149531757	
0.6147762235300022	0.8767382876861266	0.9888888902014564	0.999579656462466	
0.6158176155400021	0.8768628862236411	0.988888890201463	0.9995885330834918	
0.6168590075500022	0.876986909275257	0.9888888902014693	0.9995973452858405	
0.6179003995600022	0.8771103593037058	0.9888888902014754	0.9996060935357202	
0.6189417915700022	0.8772332387630462	0.9888888902014813	0.9996147782959833	
0.6199831835800023	0.8773555500986774	0.9888888902014871	0.9996234000261511	
0.6210245755900022	0.8774772957473519	0.9888888902014925	0.9996319591824371	
0.6220659676000022	0.8775984781371869	0.9888888902014978	0.99964045621777	
0.6231073596100022	0.8777190996876778	0.9888888902015031	0.9996488915818182	
0.6241487516200022	0.8778391628097111	0.9888888902015078	0.9996572657210124	
0.6251901436300022	0.8779586699055768	0.9888888902015126	0.9996655790785683	
0.6262315356400022	0.8780776233689827	0.9888888902015172	0.9996738320945101	
0.6272729276500022	0.8781960255850672	0.9888888902015216	0.9996820252056935	
0.6283143196600023	0.8783138789304131	0.9888888902015258	0.9996901588458269	
0.6293557116700023	0.8784311857730608	0.98888889020153	0.9996982334454958	
0.6303971036800022	0.8785479484725235	0.9888888902015341	0.9997062494321832	
0.6314384956900022	0.8786641693798003	0.9888888902015379	0.9997142072302933	
0.6324798877000022	0.8787798508373904	0.9888888902015416	0.9997221072611717	
0.6335212797100023	0.8788949951793082	0.988888890201545	0.999729949943129	
0.6345626717200022	0.8790096047310978	0.9888888902015485	0.9997377356914616	
0.6356040637300022	0.8791236818098471	0.9888888902015519	0.9997454649184727	
0.6366454557400023	0.8792372287242034	0.988888890201555	0.9997531380334949	
0.6376868477500023	0.8793502477743879	0.9888888902015581	0.9997607554429102	
0.6387282397600023	0.879462741252211	0.9888888902015611	0.9997683175501719	
0.6397696317700022	0.8795747114410883	0.988888890201564	0.9997758247558248	
0.6408110237800022	0.8796861606160552	0.9888888902015667	0.9997832774575267	
0.6418524157900023	0.8797970910437826	0.9888888902015693	0.9997906760500685	
0.6428938078000023	0.8799075049825932	0.9888888902015721	0.9997980209253947	
0.6439351998100022	0.8800174046824772	0.9888888902015746	0.9998053124726239	
0.6449765918200023	0.880126792385108	0.9888888902015769	0.9998125510780693	
0.6460179838300023	0.8802356703238586	0.9888888902015792	0.9998197371252578	
0.6470593758400023	0.880344040723818	0.9888888902015814	0.9998268709949507	
0.6481007678500023	0.8804519058018068	0.9888888902015835	0.9998339530651633	
0.6491421598600022	0.880559267766395	0.9888888902015857	0.9998409837111842	
0.6501835518700023	0.880666128817918	0.9888888902015877	0.9998479633055958	
0.6512249438800023	0.880772491148493	0.9888888902015898	0.999854892218292	
0.6522663358900023	0.8808783569420365	0.9888888902015914	0.9998617708164989	
0.6533077279000024	0.8809837283742811	0.9888888902015933	0.9998685994647928	
0.6543491199100023	0.8810886076127922	0.9888888902015951	0.9998753785251204	
0.6553905119200023	0.8811929968169865	0.9888888902015966	0.9998821083568157	
0.6564319039300023	0.8812968981381473	0.9888888902015983	0.9998887893166212	
0.6574732959400023	0.8814003137194442	0.9888888902015999	0.999895421758704	
0.6585146879500023	0.8815032456959485	0.9888888902016014	0.999902006034676	
0.6595560799600023	0.8816056961946528	0.9888888902016028	0.999908542493611	
0.6605974719700023	0.8817076673344872	0.9888888902016043	0.9999150314820638	
0.6616388639800024	0.8818091612263385	0.9888888902016056	0.9999214733440874	
0.6626802559900024	0.8819101799730668	0.9888888902016068	0.9999278684212515	
0.6637216480000023	0.8820107256695244	0.9888888902016081	0.9999342170526597	
0.6647630400100023	0.8821108004025741	0.9888888902016093	0.9999405195749685	
0.6658044320200023	0.8822104062511065	0.9888888902016104	0.9999467763224029	
0.6668458240300024	0.8823095452860595	0.9888888902016116	0.9999529876267751	
0.6678872160400023	0.8824082195704359	0.9888888902016127	0.9999591538175017	
0.6689286080500023	0.8825064311593221	0.9888888902016137	0.9999652752216198	
0.6699700000600024	0.8826041820999068	0.9888888902016149	0.9999713521638062	
0.6710113920700024	0.8827014744314995	0.9888888902016159	0.9999773849663917	
0.6720527840800024	0.8827983101855492	0.9888888902016165	0.9999833739493799	
0.6730941760900023	0.8828946913856638	0.9888888902016175	0.9999893194304628	
0.6741355681000023	0.8829906200476284	0.9888888902016185	0.9999952217250382	
0.6751769601100024	0.8830860981794242	0.9888888902016193	1.000001081146225	
0.6762183521200024	0.8831811277812481	0.9888888902016201	1.000006898004881	
0.6772597441300023	0.8832757108455314	0.9888888902016207	1.0000126726096181	
0.6783011361400024	0.8833698493569594	0.9888888902016215	1.000018405266818	
0.6793425281500024	0.8834635452924899	0.9888888902016223	1.0000240962806495	
0.6803839201600024	0.8835568006213738	0.9888888902016231	1.0000297459530834	
0.6814253121700024	0.8836496173051732	0.9888888902016236	1.0000353545839091	
0.6824667041800023	0.8837419972977816	0.9888888902016244	1.0000409224707492	
0.6835080961900024	0.8838339425454433	0.988888890201625	1.000046449909075	
0.6845494882000024	0.8839254549867731	0.9888888902016256	1.0000519371922247	
0.6855908802100024	0.8840165365527755	0.9888888902016262	1.0000573846114134	
0.6866322722200024	0.884107189166865	0.9888888902016267	1.0000627924557541	
0.6876736642300024	0.8841974147448857	0.9888888902016273	1.0000681610122686	
0.6887150562400024	0.8842872151951305	0.9888888902016278	1.0000734905659048	
0.6897564482500024	0.8843765924183621	0.9888888902016285	1.0000787813995502	
0.6907978402600023	0.8844655483078321	0.9888888902016288	1.0000840337940482	
0.6918392322700024	0.8845540847493012	0.9888888902016294	1.0000892480282113	
0.6928806242800024	0.8846422036210593	0.9888888902016298	1.0000944243788363	
0.6939220162900024	0.8847299067939457	0.9888888902016302	1.0000995631207186	
0.6949634083000025	0.8848171961313687	0.9888888902016307	1.0001046645266678	
0.6960048003100024	0.8849040734893264	0.9888888902016312	1.0001097288675194	
0.6970461923200024	0.8849905407164268	0.9888888902016315	1.0001147564121515	
0.6980875843300024	0.8850765996539074	0.988888890201632	1.0001180395037956	
0.6991289763400024	0.8851622521356567	0.9888888902016323	1.0001193128954715	
0.7001703683500025	0.8852474999882332	0.9888888902016327	1.0001205708016079	
0.7012117603600024	0.8853323450308869	0.9888888902016328	1.0001218134104777	
0.7022531523700024	0.8854167890755792	0.9888888902016333	1.0001230409080675	
0.7032945443800025	0.8855008339270032	0.9888888902016336	1.0001242534781025	
0.7043359363900025	0.8855844813826044	0.9888888902016338	1.0001254513020754	
0.7053773284000024	0.8856677332326015	0.9888888902016342	1.0001266345592739	
0.7064187204100024	0.8857505912600065	0.9888888902016344	1.000127803426806	
0.7074601124200024	0.8858330572406453	0.9888888902016348	1.0001289580796278	
0.7085015044300025	0.8859151329431788	0.988888890201635	1.0001300986905686	
0.7095428964400025	0.885996820129123	0.9888888902016354	1.0001312254303576	
0.7105842884500024	0.8860781205528698	0.9888888902016356	1.0001323384676493	
0.7116256804600025	0.886159035961708	0.9888888902016357	1.000133437969048	
0.7126670724700025	0.8862395680958438	0.988888890201636	1.0001345240991335	
0.7137084644800025	0.8863197186884211	0.9888888902016362	1.0001355970204848	
0.7147498564900024	0.8863994894655434	0.9888888902016365	1.0001366568937056	
0.7157912485000024	0.8864788821462934	0.9888888902016367	1.0001377038774466	
0.7168326405100025	0.8865578984427545	0.988888890201637	1.0001387381284315	
0.7178740325200025	0.8866365400600312	0.9888888902016371	1.000139759801478	
0.7189154245300025	0.8867148086962706	0.9888888902016373	1.0001407690495232	
0.7199568165400025	0.8867927060426827	0.9888888902016375	1.0001417660236445	
0.7209982085500025	0.8868702337835613	0.9888888902016375	1.0001427508730827	
0.7220396005600025	0.886947393596305	0.9888888902016377	1.0001437237452657	
0.7230809925700025	0.8870241871514383	0.9888888902016378	1.0001446847858286	
0.7241223845800024	0.8871006161126324	0.9888888902016381	1.0001456341386366	
0.7251637765900025	0.8871766821367256	0.9888888902016383	1.0001465719458063	
0.7262051686000025	0.8872523868737457	0.9888888902016383	1.0001474983477263	
0.7272465606100025	0.887327731966929	0.9888888902016384	1.0001484134830796	
0.7282879526200026	0.887402719052743	0.9888888902016386	1.0001493174888627	
0.7293293446300025	0.887477349760906	0.9888888902016388	1.0001502105004072	
0.7303707366400025	0.8875516257144092	0.9888888902016388	1.0001510926513997	
0.7314121286500025	0.8876255485295369	0.9888888902016391	1.0001519640739018	
0.7324535206600025	0.887699119815888	0.9888888902016391	1.000152824898369	
0.7334949126700026	0.8877723411763967	0.9888888902016392	1.0001536752536724	
0.7345363046800025	0.8878452142073536	0.9888888902016394	1.0001545152671152	
0.7355776966900025	0.8879177404984265	0.9888888902016394	1.0001553450644538	
0.7366190887000026	0.887989921632682	0.9888888902016396	1.000156164769916	
0.7376604807100026	0.8880617591866055	0.9888888902016396	1.0001569745062189	
0.7387018727200025	0.8881332547301232	0.9888888902016398	1.0001577743945882	
0.7397432647300025	0.8882044098266225	0.9888888902016398	1.0001585645547757	
0.7407846567400025	0.8882752260329734	0.98888889020164	1.0001593451050776	
0.7418260487500026	0.8883457048995492	0.98888889020164	1.0001601161623523	
0.7428674407600026	0.8884158479702473	0.98888889020164	1.000160877842037	
0.7439088327700025	0.888485656782511	0.9888888902016402	1.0001616302581657	
0.7449502247800026	0.8885551328673494	0.9888888902016402	1.0001623735233864	
0.7459916167900026	0.8886242777493593	0.9888888902016404	1.0001631077489777	
0.7470330088000026	0.8886930929467454	0.9888888902016404	1.0001638330448646	
0.7480744008100025	0.888761579971342	0.9888888902016404	1.0001645495196365	
0.7491157928200025	0.8888297403286337	0.9888888902016405	1.0001652572805626	
0.7501571848300026	0.8888975755177758	0.9888888902016405	1.0001659564336074	
0.7511985768400026	0.8889650870316161	0.9888888902016405	1.0001666470834483	
0.7522399688500025	0.8890322763567152	0.9888888902016407	1.0001673293334885	
0.7532813608600026	0.8890991449733675	0.9888888902016407	1.0001680032858755	
0.7543227528700026	0.8891656943556226	0.9888888902016407	1.0001686690415146	
0.7553641448800026	0.8892319259713057	0.988888890201641	1.000169326700083	
0.7564055368900026	0.8892978412820383	0.988888890201641	1.0001699763600485	
0.7574469289000025	0.8893634417432594	0.988888890201641	1.0001706181186796	
0.7584883209100026	0.8894287288042468	0.988888890201641	1.0001712520720631	
0.7595297129200026	0.8894937039081366	0.9888888902016412	1.000171878315118	
0.7605711049300026	0.8895583684919455	0.9888888902016412	1.0001724969416077	
0.7616124969400027	0.8896227239865907	0.9888888902016412	1.0001731080441578	
0.7626538889500026	0.8896867718169109	0.9888888902016412	1.000173711714266	
0.7636952809600026	0.8897505134016869	0.9888888902016412	1.0001743080423182	
0.7647366729700026	0.8898139501536627	0.9888888902016413	1.0001748971176017	
0.7657780649800026	0.8898770834795662	0.9888888902016413	1.0001754790283175	
0.7668194569900026	0.8899399147801291	0.9888888902016413	1.0001760538615945	
0.7678608490000026	0.890002445450109	0.9888888902016413	1.0001766217035026	
0.7689022410100026	0.8900646768783088	0.9888888902016413	1.000177182639065	
0.7699436330200027	0.8901266104475978	0.9888888902016413	1.0001777367522708	
0.7709850250300027	0.8901882475349323	0.9888888902016415	1.0001782841260882	
0.7720264170400026	0.8902495895113767	0.9888888902016415	1.0001788248424766	
0.7730678090500026	0.8903106377421228	0.9888888902016415	1.000179358982399	
0.7741092010600026	0.8903713935865119	0.9888888902016415	1.0001798866258333	
0.7751505930700027	0.8904318583980538	0.9888888902016415	1.0001804078517862	
0.7761919850800026	0.890492033524449	0.9888888902016415	1.0001809227383025	
0.7772333770900026	0.890551920307607	0.9888888902016415	1.0001814313624788	
0.7782747691000027	0.890611520083669	0.9888888902016417	1.0001819338004743	
0.7793161611100027	0.8906708341830266	0.9888888902016417	1.0001824301275213	
0.7803575531200027	0.8907298639303435	0.9888888902016417	1.0001829204179384	
0.7813989451300026	0.8907886106445744	0.9888888902016417	1.00018340474514	
0.7824403371400026	0.890847075638987	0.9888888902016417	1.000183883181648	
0.7834817291500027	0.8909052602211808	0.9888888902016417	1.0001843557991021	
0.7845231211600027	0.8909631656931082	0.9888888902016417	1.000184822668272	
0.7855645131700026	0.8910207933510947	0.9888888902016417	1.0001852838590655	
0.7866059051800027	0.8910781444858592	0.9888888902016417	1.000185739440541	
0.7876472971900027	0.8911352203825335	0.988888890201642	1.000186189480917	
0.7886886892000027	0.8911920223206833	0.988888890201642	1.0001866340475827	
0.7897300812100027	0.8912485515743275	0.988888890201642	1.000187073207108	
0.7907714732200026	0.8913048094119591	0.988888890201642	1.000187507025253	
0.7918128652300027	0.8913607970965652	0.988888890201642	1.0001879355669785	
0.7928542572400027	0.8914165158856457	0.988888890201642	1.0001883588964549	
0.7938956492500027	0.8914719670312355	0.988888890201642	1.0001887770770725	
0.7949370412600028	0.8915271517799224	0.988888890201642	1.0001891901714508	
0.7959784332700027	0.8915820713728683	0.988888890201642	1.0001895982414484	
0.7970198252800027	0.8916367270458284	0.988888890201642	1.0001900013481708	
0.7980612172900027	0.8916911200291718	0.988888890201642	1.0001903995519807	
0.7991026093000027	0.8917452515479001	0.988888890201642	1.0001907929125076	
0.8001440013100027	0.8917991228216688	0.988888890201642	1.0001911814886544	
0.8011853933200027	0.8918527350648057	0.988888890201642	1.0001915653386089	
0.8022267853300027	0.891906089486331	0.9888888902016421	1.000191944519851	
0.8032681773400028	0.8919591872899773	0.9888888902016421	1.000192319089162	
0.8043095693500028	0.8920120296742088	0.9888888902016421	1.0001926891026316	
0.8053509613600027	0.8920646178322412	0.9888888902016421	1.0001930546156688	
0.8063923533700027	0.8921169529520612	0.9888888902016421	1.000193415683008	
0.8074337453800027	0.8921690362164462	0.9888888902016421	1.0001937723587178	
0.8084751373900028	0.8922208688029828	0.9888888902016421	1.00019412469621	
0.8095165294000027	0.892272451884088	0.9888888902016421	1.0001944727482468	
0.8105579214100027	0.8923237866270269	0.9888888902016421	1.0001948165669479	
0.8115993134200028	0.8923748741939334	0.9888888902016421	1.0001951562038003	
0.8126407054300028	0.8924257157418279	0.9888888902016421	1.0001954917096643	
0.8136820974400027	0.8924763124226389	0.9888888902016421	1.000195823134782	
0.8147234894500027	0.8925266653832202	0.9888888902016421	1.000196150528784	
0.8157648814600027	0.8925767757653709	0.9888888902016421	1.0001964739406979	
0.8168062734700028	0.8926266447058545	0.9888888902016421	1.0001967934189548	
0.8178476654800028	0.8926762733364185	0.9888888902016421	1.0001971090113972	
0.8188890574900027	0.8927256627838127	0.9888888902016421	1.000197420765285	
0.8199304495000028	0.8927748141698084	0.9888888902016421	1.0001977287273045	
0.8209718415100028	0.8928237286112178	0.9888888902016421	1.0001980329435731	
0.8220132335200028	0.892872407219913	0.9888888902016421	1.0001983334596483	
0.8230546255300027	0.8929208511028444	0.9888888902016421	1.000198630320533	
0.8240960175400027	0.8929690613620596	0.9888888902016421	1.000198923570683	
0.8251374095500028	0.8930170390947229	0.9888888902016421	1.0001992132540138	
0.8261788015600028	0.8930647853931333	0.9888888902016421	1.000199499413906	
0.8272201935700028	0.8931123013447441	0.9888888902016421	1.0001997820932136	
0.8282615855800028	0.8931595880321807	0.9888888902016421	1.0002000613342688	
0.8293029775900028	0.8932066465332593	0.9888888902016421	1.0002003371788892	
0.8303443696000028	0.893253477921007	0.9888888902016421	1.0002006096683838	
0.8313857616100029	0.8933000832636779	0.9888888902016421	1.0002008788435597	
0.8324271536200027	0.8933464636247741	0.9888888902016421	1.0002011447447265	
0.8334685456300028	0.8933926200630622	0.9888888902016421	1.0002014074117052	
0.8345099376400027	0.8934385536325932	0.9888888902016423	1.0002016668838314	
0.8355513296500028	0.8934842653827199	0.9888888902016423	1.0002019231999624	
0.8365927216600029	0.8935297563581156	0.9888888902016423	1.0002021763984836	
0.8376341136700027	0.8935750275987927	0.9888888902016423	1.0002024265173133	
0.8386755056800028	0.8936200801401204	0.9888888902016423	1.0002026735939076	
0.8397168976900029	0.8936649150128434	0.9888888902016423	1.0002029176652691	
0.8407582897000028	0.8937095332430999	0.9888888902016423	1.0002031587679487	
0.8417996817100029	0.893753935852439	0.9888888902016423	1.0002033969380535	
0.8428410737200029	0.8937981238578403	0.9888888902016423	1.0002036322112513	
0.8438824657300028	0.8938420982717303	0.9888888902016423	1.0002038646227762	
0.8449238577400029	0.8938858601020019	0.9888888902016423	1.000204094207434	
0.8459652497500028	0.8939294103520307	0.9888888902016423	1.0002043209996065	
0.8470066417600028	0.8939727500206945	0.9888888902016423	1.0002045450332584	
0.8480480337700029	0.89401588010239	0.9888888902016423	1.0002047663419407	
0.8490894257800028	0.8940588015870509	0.9888888902016423	1.000204984958796	
0.8501308177900029	0.8941015154601657	0.9888888902016423	1.0002052009165645	
0.8511722098000027	0.8941440227027958	0.9888888902016423	1.0002054142475882	
0.8522136018100028	0.8941863242915923	0.9888888902016423	1.0002056249838156	
0.8532549938200029	0.8942284211988142	0.9888888902016423	1.000205833156806	
0.8542963858300028	0.8942703143923458	0.9888888902016423	1.000206038797736	
0.8553377778400029	0.8943120048357143	0.9888888902016423	1.0002062419374025	
0.856379169850003	0.8943534934881071	0.9888888902016423	1.0002064426062278	
0.8574205618600028	0.8943947813043892	0.9888888902016423	1.0002066408342642	
0.8584619538700029	0.8944358692351204	0.9888888902016423	1.000206836651199	
0.859503345880003	0.8944767582265732	0.9888888902016423	1.000207030086357	
0.8605447378900029	0.8945174492207499	0.9888888902016423	1.0002072211687083	
0.8615861299000029	0.894557943155399	0.9888888902016423	1.0002074099268699	
0.8626275219100028	0.8945982409640333	0.9888888902016423	1.00020759638911	
0.8636689139200029	0.8946383435759466	0.9888888902016423	1.0002077805833536	
0.864710305930003	0.8946782519162312	0.9888888902016423	1.0002079625371865	
0.8657516979400028	0.8947179669057939	0.9888888902016423	1.0002081422778584	
0.8667930899500029	0.894757489461374	0.9888888902016423	1.0002083198322875	
0.8678344819600028	0.8947968204955605	0.9888888902016423	1.0002084952270656	
0.8688758739700029	0.8948359609168071	0.9888888902016423	1.00020866848846	
0.869917265980003	0.8948749116294513	0.9888888902016423	1.0002088396424185	
0.8709586579900028	0.8949136735337294	0.9888888902016423	1.0002090087145739	
