Missile Rate 3.00 Missile Speed 0.20 
Line_#	VR_Velocity	VR_Orientation	DeltaTime	TotalTime
0	Index trigger pushed	0	0
0	(7.1478, 0.5739, 0.2639)	(0.2910, 0.1060, 0.0859, -0.9469)	1	6
1	(51.9204, 10.1865, 5.8993)	(0.1014, 0.1150, 0.0370, -0.9875)	31	37
2	(34.2775, 19.0987, 13.5057)	(0.0643, 0.0972, 0.0207, -0.9930)	43	81
3	(28.8321, 22.5378, 9.4366)	(0.0589, 0.0882, 0.0197, -0.9942)	47	128
4	(40.1719, 16.7830, -1.4355)	(0.0430, 0.0860, 0.0225, -0.9951)	44	172
5	(42.5524, 13.7253, -7.8966)	(0.0378, 0.0860, 0.0250, -0.9953)	24	196
6	(38.2803, 11.0104, -12.0911)	(0.0309, 0.0849, 0.0280, -0.9955)	21	217
7	(35.1094, 9.5002, -11.3191)	(0.0284, 0.0846, 0.0287, -0.9956)	12	229
8	(31.8802, 7.8543, -11.2764)	(0.0262, 0.0845, 0.0296, -0.9956)	10	239
9	(27.5586, 5.6066, -10.6692)	(0.0248, 0.0847, 0.0303, -0.9956)	11	249
10	(23.8981, 5.4473, -9.3167)	(0.0235, 0.0843, 0.0306, -0.9957)	11	261
11	(21.1479, 6.2150, -10.4796)	(0.0242, 0.0840, 0.0310, -0.9957)	11	272
12	(19.7429, 6.7086, -10.0621)	(0.0225, 0.0834, 0.0317, -0.9958)	11	283
13	(17.5480, 6.9044, -9.3274)	(0.0213, 0.0828, 0.0323, -0.9958)	11	294
14	(16.2649, 9.1043, -8.8817)	(0.0199, 0.0815, 0.0330, -0.9959)	11	305
15	(16.9350, 10.8523, -6.9110)	(0.0180, 0.0802, 0.0331, -0.9961)	11	316
16	(17.4781, 14.2152, -6.2482)	(0.0162, 0.0782, 0.0335, -0.9962)	11	328
17	(19.0554, 15.9785, -6.5915)	(0.0139, 0.0764, 0.0340, -0.9964)	11	339
18	(21.8620, 18.8974, -4.0443)	(0.0111, 0.0740, 0.0337, -0.9966)	11	350
19	(24.4811, 20.3927, -2.4976)	(0.0081, 0.0718, 0.0335, -0.9968)	11	361
20	(28.5176, 19.0323, -1.0176)	(0.0044, 0.0703, 0.0330, -0.9970)	11	372
21	(28.4539, 20.0849, 0.0483)	(0.0017, 0.0681, 0.0326, -0.9971)	11	383
22	(27.6690, 18.7785, 1.6615)	(-0.0009, 0.0667, 0.0319, -0.9973)	11	394
23	(26.5699, 17.7944, 1.1983)	(-0.0033, 0.0652, 0.0317, -0.9974)	11	405
24	(21.2046, 17.5432, 1.2764)	(-0.0043, 0.0637, 0.0315, -0.9975)	11	416
25	(21.2625, 16.6729, 0.4414)	(-0.0064, 0.0624, 0.0315, -0.9975)	11	428
26	(18.6471, 14.4671, -0.0499)	(-0.0076, 0.0615, 0.0314, -0.9976)	11	439
27	(15.2906, 14.6274, 1.7816)	(-0.0084, 0.0600, 0.0307, -0.9977)	11	450
28	(14.8703, 13.4172, 2.2305)	(-0.0098, 0.0591, 0.0303, -0.9977)	11	461
29	(14.5677, 13.3667, 2.8445)	(-0.0112, 0.0578, 0.0298, -0.9978)	11	472
30	(15.5413, 13.9864, 3.1323)	(-0.0130, 0.0563, 0.0293, -0.9979)	11	483
31	(14.9828, 17.6500, 3.7294)	(-0.0143, 0.0538, 0.0287, -0.9980)	11	494
32	(13.0281, 19.7162, 3.5734)	(-0.0153, 0.0515, 0.0283, -0.9982)	11	505
33	(13.3264, 22.0959, 3.7648)	(-0.0167, 0.0489, 0.0277, -0.9983)	11	516
34	(13.0192, 22.8113, 2.9619)	(-0.0179, 0.0466, 0.0275, -0.9984)	11	527
35	(10.8771, 24.0196, 2.5777)	(-0.0185, 0.0440, 0.0273, -0.9985)	11	538
36	(11.2392, 25.2780, 1.6989)	(-0.0198, 0.0413, 0.0272, -0.9986)	11	550
37	(10.3893, 23.9484, 2.2145)	(-0.0207, 0.0393, 0.0267, -0.9987)	11	561
38	(9.7187, 24.0730, 2.4599)	(-0.0216, 0.0370, 0.0263, -0.9987)	11	572
39	(10.7001, 22.3388, 3.7676)	(-0.0228, 0.0352, 0.0255, -0.9988)	11	583
40	(10.7618, 23.3243, 4.3597)	(-0.0238, 0.0328, 0.0249, -0.9989)	11	594
41	(10.8249, 22.5061, 3.2777)	(-0.0249, 0.0308, 0.0247, -0.9989)	11	605
42	(12.1642, 23.9260, 4.0345)	(-0.0264, 0.0283, 0.0239, -0.9990)	11	617
43	(16.3080, 23.7941, 3.2356)	(-0.0289, 0.0261, 0.0237, -0.9990)	11	628
44	(23.0856, 23.6281, 3.6480)	(-0.0326, 0.0238, 0.0230, -0.9989)	11	639
45	(29.6697, 25.6086, 4.6242)	(-0.0370, 0.0211, 0.0222, -0.9988)	11	650
46	(35.6512, 24.5737, 4.3185)	(-0.0417, 0.0191, 0.0217, -0.9987)	11	661
47	(43.0966, 24.1282, 5.8273)	(-0.0475, 0.0169, 0.0206, -0.9985)	11	672
48	(47.4313, 23.6992, 5.5829)	(-0.0530, 0.0149, 0.0199, -0.9983)	11	683
49	(54.4412, 25.2551, 3.7633)	(-0.0598, 0.0123, 0.0196, -0.9979)	11	695
50	(59.8746, 23.5554, 3.7244)	(-0.0667, 0.0105, 0.0190, -0.9975)	11	706
51	(65.2359, 24.6969, 2.7075)	(-0.0743, 0.0080, 0.0186, -0.9970)	11	717
52	(72.5593, 25.0460, 4.4465)	(-0.0828, 0.0057, 0.0175, -0.9964)	11	728
53	(78.9018, 27.2054, 5.2367)	(-0.0919, 0.0028, 0.0165, -0.9956)	11	739
54	(85.2477, 27.0780, 4.7916)	(-0.1015, 0.0004, 0.0158, -0.9947)	11	750
55	(89.0962, 26.9792, 5.5774)	(-0.1110, -0.0020, 0.0148, -0.9937)	11	762
56	(90.9739, 29.0808, 3.8820)	(-0.1202, -0.0051, 0.0146, -0.9926)	11	773
57	(89.7595, 27.7067, 2.5747)	(-0.1286, -0.0073, 0.0143, -0.9916)	11	784
58	(89.8186, 27.1030, 2.7125)	(-0.1373, -0.0096, 0.0137, -0.9904)	11	795
59	(87.8015, 29.0527, 2.7364)	(-0.1454, -0.0126, 0.0131, -0.9892)	11	806
60	(86.8832, 28.9747, 2.0714)	(-0.1536, -0.0152, 0.0127, -0.9879)	11	817
61	(85.2958, 30.9167, 1.9740)	(-0.1615, -0.0185, 0.0120, -0.9866)	11	828
62	(80.6586, 30.3601, 1.6384)	(-0.1684, -0.0212, 0.0116, -0.9854)	11	840
63	(76.8722, 30.3834, 0.2475)	(-0.1751, -0.0240, 0.0115, -0.9842)	11	851
64	(67.9704, 27.4525, 0.2127)	(-0.1797, -0.0260, 0.0113, -0.9833)	11	862
65	(59.6820, 25.1408, 1.0101)	(-0.1838, -0.0280, 0.0108, -0.9825)	11	873
66	(48.6535, 22.5817, 4.6294)	(-0.1863, -0.0294, 0.0094, -0.9820)	11	884
67	(39.2665, 18.6082, 4.3080)	(-0.1883, -0.0303, 0.0089, -0.9816)	11	895
68	(32.9903, 15.8616, 4.4448)	(-0.1903, -0.0313, 0.0082, -0.9812)	11	906
69	(29.5065, 15.9367, 2.5028)	(-0.1923, -0.0329, 0.0080, -0.9807)	11	917
70	(27.4283, 15.9009, 0.9251)	(-0.1945, -0.0344, 0.0080, -0.9803)	11	928
71	(25.5968, 14.9901, -1.7227)	(-0.1965, -0.0359, 0.0085, -0.9798)	11	939
72	(25.7206, 14.4641, -0.6141)	(-0.1990, -0.0371, 0.0081, -0.9793)	11	951
73	(22.9806, 12.4044, -0.1412)	(-0.2006, -0.0379, 0.0079, -0.9789)	12	962
74	(17.8037, 9.9560, -0.3169)	(-0.2013, -0.0384, 0.0078, -0.9787)	11	973
75	(14.0237, 8.8046, 0.1350)	(-0.2020, -0.0390, 0.0075, -0.9786)	11	984
76	(11.0347, 7.2113, -0.0586)	(-0.2024, -0.0394, 0.0074, -0.9785)	11	995
77	(7.8045, 5.5540, -0.5649)	(-0.2026, -0.0397, 0.0075, -0.9784)	11	1006
78	(4.3289, 4.2787, -3.0288)	(-0.2023, -0.0400, 0.0082, -0.9785)	11	1017
79	(4.6338, 3.3484, -3.7375)	(-0.2028, -0.0402, 0.0086, -0.9784)	11	1028
80	(3.6611, 2.7447, -3.5394)	(-0.2029, -0.0404, 0.0089, -0.9783)	12	1040
81	(2.1319, 3.6308, -4.5882)	(-0.2028, -0.0411, 0.0094, -0.9783)	11	1051
82	(2.1323, 4.1362, -3.6888)	(-0.2031, -0.0416, 0.0095, -0.9782)	11	1062
83	(1.4645, 3.4217, -3.0603)	(-0.2030, -0.0418, 0.0095, -0.9782)	11	1073
84	(-1.5226, 4.2923, -2.0337)	(-0.2024, -0.0423, 0.0094, -0.9783)	11	1084
85	(-1.2185, 4.8610, -1.1365)	(-0.2024, -0.0430, 0.0091, -0.9783)	11	1095
86	(-2.2568, 5.9127, -0.0563)	(-0.2021, -0.0437, 0.0088, -0.9784)	11	1106
87	Index trigger pushed	4	1110
87	(-3.2865, 4.7481, -0.3959)	(-0.2016, -0.0438, 0.0088, -0.9785)	11	1118
88	(-3.1071, 3.7668, -0.8000)	(-0.2014, -0.0439, 0.0088, -0.9785)	11	1129
89	(-3.5954, 3.6307, -1.5280)	(-0.2009, -0.0443, 0.0089, -0.9786)	11	1140
90	(-3.2273, 3.8919, -0.5619)	(-0.2008, -0.0447, 0.0087, -0.9786)	11	1151
91	(-2.7401, 3.5148, -1.1049)	(-0.2007, -0.0449, 0.0088, -0.9786)	11	1162
92	(-2.3074, 2.6108, -0.8420)	(-0.2007, -0.0449, 0.0088, -0.9786)	11	1173
93	(-2.9143, 0.7997, 0.1688)	(-0.2004, -0.0447, 0.0088, -0.9787)	11	1184
94	(-3.6413, -0.6838, -1.2007)	(-0.1999, -0.0446, 0.0091, -0.9788)	11	1195
95	(-4.6178, -2.2080, -1.2243)	(-0.1991, -0.0442, 0.0092, -0.9789)	11	1206
96	(-5.5235, -4.2083, -0.7580)	(-0.1983, -0.0434, 0.0092, -0.9791)	11	1217
97	(-7.2928, -4.3743, 0.1658)	(-0.1972, -0.0430, 0.0091, -0.9794)	11	1228
98	(-8.9992, -5.7959, -0.6528)	(-0.1960, -0.0422, 0.0094, -0.9796)	11	1239
99	(-11.0707, -7.6324, -1.0388)	(-0.1946, -0.0411, 0.0098, -0.9800)	11	1251
100	(-13.5608, -11.4126, -1.0125)	(-0.1928, -0.0393, 0.0101, -0.9804)	11	1262
101	(-17.2817, -11.9212, -1.8436)	(-0.1903, -0.0382, 0.0105, -0.9809)	11	1273
102	(-20.5118, -14.0192, -2.8902)	(-0.1877, -0.0365, 0.0112, -0.9815)	11	1284
103	(-23.5556, -16.6495, -3.1314)	(-0.1848, -0.0345, 0.0119, -0.9821)	11	1295
104	(-27.9485, -19.1080, -4.1043)	(-0.1812, -0.0324, 0.0128, -0.9828)	11	1306
105	(-32.7574, -20.9786, -2.9542)	(-0.1771, -0.0300, 0.0132, -0.9836)	11	1317
106	(-39.0299, -25.3723, -3.0302)	(-0.1721, -0.0268, 0.0140, -0.9846)	11	1329
107	(-47.3794, -27.7207, -1.2536)	(-0.1657, -0.0238, 0.0141, -0.9858)	11	1340
108	(-56.5280, -31.3514, -2.4350)	(-0.1584, -0.0201, 0.0151, -0.9871)	11	1351
109	(-62.1941, -35.1996, -2.4609)	(-0.1513, -0.0161, 0.0158, -0.9882)	11	1362
110	(-65.5484, -35.2685, -2.8157)	(-0.1442, -0.0129, 0.0166, -0.9893)	11	1373
111	(-69.3871, -37.1891, -4.1043)	(-0.1368, -0.0091, 0.0178, -0.9904)	11	1384
112	(-71.8918, -37.6276, -4.3913)	(-0.1293, -0.0057, 0.0187, -0.9914)	11	1396
113	(-77.2017, -36.8284, -3.9056)	(-0.1208, -0.0025, 0.0194, -0.9925)	11	1406
114	(-80.7916, -37.6570, -2.5397)	(-0.1123, 0.0012, 0.0198, -0.9935)	11	1418
115	(-85.8586, -38.0291, -2.5173)	(-0.1029, 0.0047, 0.0204, -0.9945)	11	1429
116	(-88.9078, -37.3353, -1.1838)	(-0.0936, 0.0080, 0.0206, -0.9954)	11	1440
117	(-90.6175, -35.7263, 0.3105)	(-0.0846, 0.0110, 0.0206, -0.9961)	11	1451
118	(-90.6819, -34.1118, -1.3007)	(-0.0758, 0.0137, 0.0213, -0.9968)	11	1462
119	(-91.0540, -31.9814, -1.2224)	(-0.0669, 0.0162, 0.0217, -0.9974)	11	1473
120	(-91.8579, -30.5561, -3.0736)	(-0.0578, 0.0186, 0.0227, -0.9979)	11	1484
121	(-92.3443, -30.1103, -1.9886)	(-0.0488, 0.0212, 0.0230, -0.9983)	11	1496
122	(-91.7929, -29.2786, -0.3023)	(-0.0400, 0.0237, 0.0230, -0.9987)	11	1507
123	(-88.3736, -28.6222, 1.8597)	(-0.0320, 0.0262, 0.0228, -0.9989)	11	1518
124	(-86.8512, -28.4017, 0.8211)	(-0.0238, 0.0287, 0.0232, -0.9990)	11	1529
125	(-83.0185, -25.2315, 0.5629)	(-0.0165, 0.0304, 0.0235, -0.9991)	11	1540
126	(-78.2556, -24.6156, 0.7195)	(-0.0098, 0.0325, 0.0236, -0.9991)	11	1551
127	(-72.5279, -22.5961, 0.6048)	(-0.0037, 0.0340, 0.0238, -0.9991)	11	1562
128	(-67.6603, -18.8965, -0.3994)	(0.0019, 0.0349, 0.0242, -0.9991)	11	1573
129	(-61.2037, -15.8148, -1.7562)	(0.0065, 0.0357, 0.0248, -0.9990)	11	1585
130	(-54.1320, -11.9522, -1.1283)	(0.0104, 0.0360, 0.0249, -0.9990)	11	1596
131	(-47.9742, -10.4371, -1.8463)	(0.0139, 0.0367, 0.0253, -0.9989)	11	1607
132	(-41.4542, -8.2214, -1.1149)	(0.0166, 0.0370, 0.0253, -0.9989)	11	1618
133	(-34.6833, -5.5193, -0.3999)	(0.0186, 0.0370, 0.0253, -0.9988)	11	1629
134	(-29.6210, -5.3824, -0.1772)	(0.0205, 0.0374, 0.0254, -0.9988)	11	1640
135	(-25.0483, -3.8360, 0.6877)	(0.0219, 0.0374, 0.0252, -0.9987)	11	1651
136	(-20.5354, -2.0056, 0.6375)	(0.0229, 0.0371, 0.0251, -0.9987)	11	1662
137	(-17.6080, -0.8374, 1.0344)	(0.0240, 0.0369, 0.0250, -0.9987)	11	1673
138	(-16.8185, 0.3930, 1.7967)	(0.0255, 0.0366, 0.0247, -0.9987)	11	1684
139	(-16.9376, 0.9086, 3.1882)	(0.0272, 0.0363, 0.0243, -0.9987)	11	1696
140	(-16.6988, 2.5180, 4.3106)	(0.0287, 0.0357, 0.0237, -0.9987)	11	1707
141	(-19.3121, 1.1490, 6.0506)	(0.0312, 0.0359, 0.0229, -0.9986)	11	1718
142	(-22.3638, 2.0671, 6.3443)	(0.0339, 0.0353, 0.0223, -0.9985)	11	1729
143	(-23.5888, 3.3981, 6.0178)	(0.0364, 0.0347, 0.0219, -0.9985)	11	1740
144	(-23.4075, 4.8166, 6.7781)	(0.0386, 0.0338, 0.0212, -0.9985)	11	1751
145	(-24.0779, 5.1916, 7.5048)	(0.0411, 0.0330, 0.0204, -0.9984)	11	1762
146	(-24.4531, 9.2349, 8.4598)	(0.0435, 0.0312, 0.0196, -0.9984)	11	1774
147	(-24.3291, 9.4655, 10.7087)	(0.0458, 0.0302, 0.0182, -0.9983)	11	1785
148	(-24.0276, 10.0633, 10.2667)	(0.0481, 0.0290, 0.0175, -0.9983)	11	1796
149	(-23.2958, 12.3619, 12.2890)	(0.0502, 0.0272, 0.0160, -0.9982)	11	1807
150	(-22.8736, 13.7165, 12.9927)	(0.0524, 0.0255, 0.0148, -0.9982)	11	1818
151	(-22.3810, 13.8359, 12.9259)	(0.0545, 0.0240, 0.0137, -0.9981)	11	1829
152	(-19.9482, 15.3632, 13.0081)	(0.0559, 0.0221, 0.0125, -0.9981)	11	1840
153	(-17.6317, 17.2475, 12.6601)	(0.0571, 0.0199, 0.0114, -0.9981)	11	1852
154	(-15.5706, 20.6026, 12.5865)	(0.0581, 0.0173, 0.0104, -0.9981)	11	1863
155	(-13.0111, 20.7581, 11.1171)	(0.0588, 0.0152, 0.0098, -0.9981)	11	1874
156	(-8.5581, 20.8694, 10.4324)	(0.0588, 0.0130, 0.0090, -0.9981)	11	1885
157	(-5.1457, 23.2014, 11.1648)	(0.0586, 0.0102, 0.0079, -0.9982)	11	1896
158	(-4.5996, 24.4080, 10.5325)	(0.0588, 0.0076, 0.0071, -0.9982)	11	1907
159	(-2.2267, 25.7162, 8.9146)	(0.0584, 0.0047, 0.0067, -0.9983)	11	1918
160	(1.6185, 24.7018, 9.7132)	(0.0575, 0.0025, 0.0057, -0.9983)	11	1929
161	(2.7815, 23.1942, 10.3523)	(0.0569, 0.0004, 0.0048, -0.9984)	11	1941
162	(4.3074, 22.2710, 9.6341)	(0.0561, -0.0016, 0.0041, -0.9984)	11	1952
163	(2.6614, 21.0079, 10.6369)	(0.0562, -0.0033, 0.0030, -0.9984)	11	1963
164	(-0.6174, 17.0002, 8.5993)	(0.0569, -0.0042, 0.0026, -0.9984)	11	1974
165	(-2.6875, 14.6787, 8.2861)	(0.0576, -0.0053, 0.0018, -0.9983)	11	1985
166	(-3.9667, 12.9144, 8.5657)	(0.0582, -0.0063, 0.0010, -0.9983)	11	1996
167	(-6.4027, 11.2916, 6.6606)	(0.0593, -0.0071, 0.0009, -0.9982)	11	2007
168	(-6.1598, 8.9967, 4.7554)	(0.0599, -0.0076, 0.0008, -0.9982)	11	2018
169	(-6.5814, 7.9607, 4.7775)	(0.0606, -0.0082, 0.0003, -0.9981)	11	2029
170	(-6.8850, 7.7093, 4.5432)	(0.0614, -0.0088, 0.0000, -0.9981)	11	2041
171	(-6.3938, 5.8758, 4.1497)	(0.0619, -0.0090, -0.0003, -0.9980)	11	2052
172	(-5.4830, 6.4338, 4.5019)	(0.0623, -0.0098, -0.0007, -0.9980)	11	2063
173	(-4.6892, 6.9647, 3.5736)	(0.0626, -0.0105, -0.0008, -0.9980)	11	2074
174	(-4.3209, 6.5399, 3.7641)	(0.0630, -0.0110, -0.0012, -0.9980)	11	2085
175	(-3.9551, 4.7795, 3.8615)	(0.0634, -0.0112, -0.0016, -0.9979)	11	2096
176	(-4.0177, 6.0322, 2.7381)	(0.0637, -0.0121, -0.0016, -0.9979)	11	2107
177	(-3.7734, 4.4414, 2.4662)	(0.0639, -0.0121, -0.0017, -0.9979)	11	2119
178	(-0.9005, 4.5179, 2.9425)	(0.0635, -0.0124, -0.0020, -0.9979)	11	2130
179	(-1.2031, 2.4657, 3.9000)	(0.0636, -0.0124, -0.0024, -0.9979)	11	2141
180	(-0.1031, 1.7053, 2.5106)	(0.0635, -0.0124, -0.0023, -0.9979)	11	2152
181	(-1.5089, 1.9419, 2.1438)	(0.0637, -0.0127, -0.0026, -0.9979)	11	2163
182	(-0.1022, 2.1574, 3.5998)	(0.0637, -0.0130, -0.0032, -0.9979)	11	2174
183	(-0.5299, 1.4939, 3.9176)	(0.0638, -0.0131, -0.0036, -0.9979)	11	2185
184	(-1.0191, 1.6598, 3.1263)	(0.0640, -0.0132, -0.0037, -0.9979)	11	2196
185	(-0.6538, 2.1427, 2.9324)	(0.0640, -0.0135, -0.0039, -0.9978)	11	2208
186	(-0.4724, 2.0544, 1.7152)	(0.0640, -0.0136, -0.0039, -0.9978)	11	2219
187	(0.5573, 3.2247, 2.0547)	(0.0640, -0.0141, -0.0042, -0.9978)	11	2230
188	(-0.6566, 2.6752, 2.1265)	(0.0641, -0.0142, -0.0044, -0.9978)	11	2241
189	(0.0139, 3.1739, 2.6637)	(0.0641, -0.0146, -0.0047, -0.9978)	11	2252
190	(-1.4458, 2.5677, 3.0463)	(0.0644, -0.0148, -0.0050, -0.9978)	11	2263
191	(-1.0218, 2.4416, 2.7444)	(0.0644, -0.0149, -0.0051, -0.9978)	11	2275
192	(-3.1583, 2.5825, 0.8601)	(0.0650, -0.0152, -0.0051, -0.9978)	11	2286
193	(-2.6054, 2.3658, 1.9555)	(0.0651, -0.0154, -0.0054, -0.9977)	11	2297
194	(-2.2460, 2.5284, 1.2246)	(0.0653, -0.0157, -0.0054, -0.9977)	11	2308
195	(-2.1183, 1.2977, 0.3967)	(0.0654, -0.0157, -0.0053, -0.9977)	11	2319
196	(-1.3268, 2.1150, 1.6536)	(0.0655, -0.0160, -0.0055, -0.9977)	11	2330
197	(-1.6967, 2.5804, 0.6728)	(0.0657, -0.0163, -0.0054, -0.9977)	11	2341
198	(-1.5094, 0.5585, 0.0494)	(0.0658, -0.0162, -0.0054, -0.9977)	11	2352
199	(0.1304, 1.9976, -1.0198)	(0.0658, -0.0164, -0.0053, -0.9977)	11	2364
200	(-1.0782, -0.0512, -0.1226)	(0.0659, -0.0163, -0.0053, -0.9977)	11	2375
201	(-1.3890, 0.3704, -0.1931)	(0.0661, -0.0164, -0.0053, -0.9977)	11	2386
202	(-1.7526, 0.3419, -1.5301)	(0.0663, -0.0163, -0.0051, -0.9977)	11	2397
203	(-1.7477, -0.9090, -0.5896)	(0.0665, -0.0161, -0.0051, -0.9976)	11	2408
204	(-2.4820, -1.2926, -1.3691)	(0.0669, -0.0159, -0.0048, -0.9976)	11	2419
205	(-2.7296, -1.0578, -1.6191)	(0.0672, -0.0158, -0.0046, -0.9976)	11	2430
206	(-2.9688, -1.5405, -1.4256)	(0.0674, -0.0156, -0.0046, -0.9976)	11	2441
207	(-2.9704, -0.4280, -0.7788)	(0.0676, -0.0156, -0.0046, -0.9976)	11	2452
208	(-3.0917, -1.3155, 0.5724)	(0.0679, -0.0154, -0.0047, -0.9976)	11	2464
209	(-1.2588, -0.0768, 1.3944)	(0.0678, -0.0155, -0.0048, -0.9976)	11	2475
210	(-1.8687, -1.5447, 1.3056)	(0.0680, -0.0153, -0.0049, -0.9976)	11	2486
211	(-1.0177, -0.1381, 1.4578)	(0.0681, -0.0155, -0.0050, -0.9975)	11	2497
212	(-1.8711, -0.6949, 1.1626)	(0.0684, -0.0154, -0.0052, -0.9975)	11	2508
213	(-1.8124, 1.3809, 1.6126)	(0.0685, -0.0157, -0.0054, -0.9975)	11	2519
214	(-1.9296, 0.1036, 1.5758)	(0.0687, -0.0156, -0.0056, -0.9975)	11	2530
215	(-1.8076, -0.5599, 1.5888)	(0.0689, -0.0155, -0.0058, -0.9975)	11	2541
216	(-1.7456, -0.1962, 1.4611)	(0.0690, -0.0156, -0.0059, -0.9975)	11	2552
217	(-0.2823, -0.6197, 1.6484)	(0.0689, -0.0155, -0.0061, -0.9975)	11	2564
218	(-0.0359, 0.2516, 2.7857)	(0.0689, -0.0156, -0.0065, -0.9975)	11	2575
219	(0.1981, 0.4927, 2.5341)	(0.0689, -0.0156, -0.0067, -0.9975)	11	2586
220	(0.6297, 0.1933, 2.9679)	(0.0687, -0.0156, -0.0071, -0.9975)	11	2597
221	(2.5790, 0.7042, 3.7413)	(0.0682, -0.0158, -0.0077, -0.9975)	11	2608
222	(1.1168, 1.1349, 4.1660)	(0.0684, -0.0159, -0.0081, -0.9975)	11	2619
223	(-0.8312, 0.4567, 3.8765)	(0.0687, -0.0159, -0.0084, -0.9975)	11	2631
224	(0.2660, -0.5769, 3.6538)	(0.0685, -0.0158, -0.0086, -0.9975)	11	2642
225	(-0.0335, -0.2804, 3.3456)	(0.0686, -0.0158, -0.0090, -0.9975)	11	2653
226	(-1.1974, 0.0876, 3.7649)	(0.0689, -0.0160, -0.0095, -0.9974)	11	2664
227	(-2.2911, -0.5170, 3.6601)	(0.0693, -0.0158, -0.0099, -0.9974)	11	2675
228	(-2.8429, -0.1578, 3.3513)	(0.0695, -0.0158, -0.0102, -0.9974)	11	2686
229	(-1.1916, -1.9071, 4.1712)	(0.0694, -0.0154, -0.0108, -0.9974)	11	2697
230	(-0.6421, -2.2931, 3.2049)	(0.0694, -0.0152, -0.0109, -0.9974)	11	2709
231	(-0.7670, -1.5318, 1.8513)	(0.0695, -0.0153, -0.0108, -0.9974)	11	2720
232	(-0.5273, -0.4781, 2.6817)	(0.0696, -0.0153, -0.0112, -0.9974)	11	2731
233	(0.2017, -1.9040, 1.2438)	(0.0695, -0.0150, -0.0112, -0.9974)	11	2742
234	(-0.9513, -1.6664, 1.1795)	(0.0697, -0.0149, -0.0114, -0.9974)	11	2753
235	(-1.1358, -1.6780, 0.6368)	(0.0697, -0.0147, -0.0114, -0.9974)	11	2764
236	(-0.0333, -2.1567, 0.9464)	(0.0696, -0.0144, -0.0115, -0.9974)	11	2775
237	(-0.0990, -1.5630, 0.3283)	(0.0696, -0.0143, -0.0115, -0.9974)	11	2786
238	(0.2643, -2.4748, 0.2255)	(0.0696, -0.0140, -0.0115, -0.9974)	11	2797
239	(-1.9275, -1.6212, 0.3920)	(0.0699, -0.0138, -0.0115, -0.9974)	11	2809
240	(-1.2002, -1.6291, -0.0275)	(0.0699, -0.0137, -0.0114, -0.9974)	11	2820
241	(-0.7691, -1.8041, 0.3351)	(0.0700, -0.0135, -0.0115, -0.9974)	11	2831
242	(-1.3824, -2.8697, -1.0374)	(0.0702, -0.0131, -0.0113, -0.9974)	11	2842
243	(-0.6522, -0.8428, -0.2280)	(0.0702, -0.0133, -0.0114, -0.9974)	11	2853
244	(-0.6516, -1.2128, -0.4036)	(0.0702, -0.0132, -0.0114, -0.9974)	11	2864
245	(-0.5927, 0.2410, -0.6791)	(0.0704, -0.0132, -0.0114, -0.9974)	11	2875
246	(-0.5886, -1.2140, -0.4667)	(0.0704, -0.0130, -0.0113, -0.9974)	11	2886
247	(-0.3495, -1.2329, -1.3766)	(0.0705, -0.0130, -0.0112, -0.9974)	11	2898
248	(0.7430, -0.0708, -1.1630)	(0.0704, -0.0130, -0.0112, -0.9974)	11	2909
249	(0.4403, 0.5659, 0.2838)	(0.0705, -0.0130, -0.0112, -0.9974)	11	2920
250	(-0.2869, 0.3228, 0.4682)	(0.0705, -0.0130, -0.0112, -0.9974)	11	2931
251	(0.0821, -0.7129, 0.1905)	(0.0704, -0.0130, -0.0112, -0.9974)	11	2942
252	(-0.2211, -0.2638, 1.1491)	(0.0704, -0.0131, -0.0113, -0.9974)	11	2953
253	(-1.0746, -0.3213, 1.4617)	(0.0705, -0.0131, -0.0115, -0.9974)	11	2964
254	(0.0169, 0.6996, 0.9516)	(0.0704, -0.0131, -0.0116, -0.9974)	11	2975
255	(-1.0212, 1.4473, 1.7291)	(0.0705, -0.0133, -0.0117, -0.9974)	11	2987
256	(0.6231, 0.4358, -0.2004)	(0.0704, -0.0133, -0.0117, -0.9974)	11	2998
257	(-0.1059, 1.5493, 0.8090)	(0.0704, -0.0134, -0.0118, -0.9974)	11	3009
258	(0.0131, 1.9747, 0.6170)	(0.0704, -0.0136, -0.0118, -0.9974)	11	3020
259	(1.6626, 0.5172, 0.8876)	(0.0702, -0.0135, -0.0118, -0.9974)	11	3031
260	(0.7450, 0.4525, 0.5884)	(0.0703, -0.0136, -0.0118, -0.9974)	11	3042
261	(0.8646, 0.6916, 0.5203)	(0.0702, -0.0136, -0.0119, -0.9974)	11	3053
262	(2.0859, 0.4477, 0.2813)	(0.0700, -0.0136, -0.0119, -0.9974)	11	3064
263	(1.0492, -0.4785, -0.4234)	(0.0700, -0.0136, -0.0119, -0.9974)	11	3076
264	(1.4143, 1.1849, 0.8119)	(0.0699, -0.0137, -0.0120, -0.9974)	11	3087
265	(0.5621, -0.7302, -0.6629)	(0.0699, -0.0135, -0.0118, -0.9974)	11	3098
266	(0.3738, 1.4685, -0.3406)	(0.0698, -0.0137, -0.0118, -0.9974)	11	3109
267	(0.5583, 0.6035, -0.9301)	(0.0698, -0.0137, -0.0117, -0.9974)	11	3120
268	(1.8984, 1.2127, -0.8891)	(0.0696, -0.0138, -0.0115, -0.9974)	11	3131
269	(0.3114, 0.4099, -1.4117)	(0.0697, -0.0138, -0.0114, -0.9974)	11	3142
270	(1.2266, 1.2005, -1.4303)	(0.0695, -0.0139, -0.0112, -0.9974)	11	3153
271	(2.8178, 0.1077, -1.2356)	(0.0691, -0.0138, -0.0111, -0.9975)	11	3164
272	(1.1618, 1.4921, -1.9852)	(0.0691, -0.0140, -0.0109, -0.9974)	11	3176
273	(2.0185, 1.7750, -0.2887)	(0.0688, -0.0142, -0.0110, -0.9975)	11	3187
274	(2.2662, 1.1007, -0.5218)	(0.0687, -0.0142, -0.0110, -0.9975)	11	3198
275	(1.5983, -0.1810, -0.7342)	(0.0685, -0.0141, -0.0109, -0.9975)	11	3209
276	(1.7158, 1.4764, -0.0415)	(0.0683, -0.0144, -0.0109, -0.9975)	11	3220
277	(2.6313, 2.1457, -0.1149)	(0.0680, -0.0146, -0.0108, -0.9975)	11	3231
278	(2.6316, 1.3955, -0.9521)	(0.0678, -0.0147, -0.0107, -0.9975)	11	3242
279	(2.0177, 2.3319, 0.0662)	(0.0677, -0.0149, -0.0108, -0.9975)	11	3253
280	(2.3273, 2.2026, -0.1151)	(0.0674, -0.0151, -0.0107, -0.9976)	11	3264
281	(2.8156, 1.9024, 0.0096)	(0.0671, -0.0152, -0.0108, -0.9976)	11	3275
282	(2.6909, 2.1070, 1.0355)	(0.0669, -0.0154, -0.0109, -0.9976)	11	3286
283	(2.9377, 1.9872, 1.0372)	(0.0666, -0.0155, -0.0110, -0.9976)	11	3298
284	(2.6379, -0.2808, 0.1743)	(0.0665, -0.0153, -0.0110, -0.9976)	11	3309
285	(3.3711, 0.0843, 0.3421)	(0.0660, -0.0154, -0.0111, -0.9976)	11	3320
286	(3.3091, 0.3437, 1.2523)	(0.0657, -0.0155, -0.0113, -0.9977)	11	3331
287	(2.2090, -0.3925, 0.6011)	(0.0657, -0.0154, -0.0113, -0.9977)	11	3342
288	(3.0616, -0.1626, 0.0505)	(0.0653, -0.0154, -0.0112, -0.9977)	11	3353
289	(2.5718, 0.7439, -0.0865)	(0.0652, -0.0155, -0.0112, -0.9977)	11	3365
290	(2.6943, -0.7926, -1.0340)	(0.0650, -0.0154, -0.0111, -0.9977)	11	3375
291	(1.4778, 0.5005, 0.1047)	(0.0649, -0.0155, -0.0112, -0.9977)	11	3387
292	(1.2297, 0.6120, -0.5661)	(0.0649, -0.0156, -0.0111, -0.9977)	11	3398
293	(1.2293, 1.7327, 0.7442)	(0.0645, -0.0159, -0.0110, -0.9977)	34	3432
294	(0.0804, 0.3270, 0.6501)	(0.0646, -0.0158, -0.0110, -0.9977)	11	3443
295	(1.7828, 0.4562, 0.7054)	(0.0644, -0.0159, -0.0111, -0.9977)	11	3454
296	(0.4976, 0.5018, 0.2277)	(0.0644, -0.0159, -0.0111, -0.9977)	11	3465
297	(1.1096, 1.7402, 1.1048)	(0.0642, -0.0161, -0.0112, -0.9977)	11	3476
298	(1.2321, 0.0742, -0.0118)	(0.0642, -0.0160, -0.0112, -0.9977)	11	3487
299	(1.9660, 0.4526, 0.5219)	(0.0639, -0.0161, -0.0113, -0.9978)	11	3498
300	(2.2063, 0.1300, -0.1359)	(0.0637, -0.0160, -0.0112, -0.9978)	11	3509
301	(2.5755, -0.5268, 0.1794)	(0.0635, -0.0160, -0.0113, -0.9978)	11	3520
302	(3.0628, -0.1487, 0.7138)	(0.0631, -0.0159, -0.0115, -0.9978)	11	3531
303	(1.5430, -2.0346, 0.9393)	(0.0628, -0.0154, -0.0117, -0.9978)	23	3554
304	(0.7513, -1.6001, 1.2361)	(0.0628, -0.0154, -0.0119, -0.9978)	11	3564
305	(0.8731, -1.7073, 1.8500)	(0.0626, -0.0152, -0.0121, -0.9978)	11	3575
306	(1.2357, 0.1748, 2.0513)	(0.0626, -0.0153, -0.0123, -0.9978)	11	3586
307	(0.8707, -0.0448, 2.7890)	(0.0625, -0.0153, -0.0126, -0.9978)	11	3597
308	(0.6834, 0.6585, 1.6770)	(0.0625, -0.0154, -0.0126, -0.9978)	11	3608
309	(0.7419, 2.6730, 1.9394)	(0.0624, -0.0159, -0.0129, -0.9978)	11	3619
310	(0.7419, 2.2955, 1.4036)	(0.0624, -0.0160, -0.0130, -0.9978)	11	3630
311	(0.4953, 2.6715, 1.8830)	(0.0624, -0.0163, -0.0132, -0.9978)	11	3641
312	(0.3118, 2.4819, 1.5842)	(0.0624, -0.0164, -0.0132, -0.9978)	11	3652
313	(1.7143, 2.5190, 0.5439)	(0.0621, -0.0167, -0.0132, -0.9978)	11	3663
314	(0.3084, 2.5021, -0.1782)	(0.0623, -0.0169, -0.0131, -0.9978)	11	3674
315	(0.6139, 3.7095, -0.7526)	(0.0622, -0.0174, -0.0130, -0.9978)	11	3685
316	(-0.0494, 3.1049, -0.6126)	(0.0623, -0.0175, -0.0131, -0.9978)	11	3696
317	(-0.7217, 4.5872, 0.5093)	(0.0623, -0.0183, -0.0132, -0.9978)	11	3707
318	(0.1825, 5.0122, 0.2521)	(0.0622, -0.0189, -0.0131, -0.9978)	11	3718
319	(0.3639, 5.4886, -0.2385)	(0.0622, -0.0195, -0.0130, -0.9978)	11	3729
320	(0.0594, 7.4169, -1.0659)	(0.0623, -0.0210, -0.0127, -0.9978)	11	3740
321	(0.4210, 8.4885, 0.6104)	(0.0622, -0.0220, -0.0131, -0.9977)	11	3751
322	(0.2945, 7.9830, -0.2886)	(0.0621, -0.0227, -0.0129, -0.9977)	11	3762
323	(1.1453, 9.2642, -0.3798)	(0.0619, -0.0239, -0.0127, -0.9977)	11	3774
324	(1.8163, 10.0159, 0.7586)	(0.0616, -0.0250, -0.0130, -0.9977)	11	3785
325	(1.0856, 11.2400, 1.0392)	(0.0617, -0.0263, -0.0131, -0.9977)	11	3796
326	(0.2295, 11.5351, 0.4237)	(0.0619, -0.0275, -0.0130, -0.9976)	11	3807
327	(0.8334, 13.4296, 0.9329)	(0.0617, -0.0292, -0.0132, -0.9976)	11	3818
328	(0.5267, 14.5920, 0.9733)	(0.0617, -0.0308, -0.0133, -0.9975)	11	3829
329	(1.0728, 16.2975, 0.9373)	(0.0616, -0.0327, -0.0133, -0.9975)	11	3840
330	(-0.3299, 17.7535, 0.8492)	(0.0619, -0.0348, -0.0133, -0.9974)	11	3851
331	(-2.3539, 21.6910, -0.1338)	(0.0626, -0.0376, -0.0129, -0.9972)	11	3862
332	(-1.0681, 20.2701, 1.8990)	(0.0624, -0.0394, -0.0134, -0.9972)	11	3874
333	(1.0021, 20.9688, 3.1545)	(0.0619, -0.0416, -0.0138, -0.9971)	11	3885
334	(0.1421, 22.8442, 2.5700)	(0.0621, -0.0442, -0.0137, -0.9970)	11	3896
335	(-0.0970, 24.3047, 2.3582)	(0.0621, -0.0468, -0.0137, -0.9969)	11	3907
336	(0.3847, 24.8069, 3.0789)	(0.0620, -0.0493, -0.0140, -0.9968)	11	3918
337	(1.9077, 24.5975, 1.7401)	(0.0616, -0.0516, -0.0137, -0.9967)	11	3929
338	(1.5410, 23.9753, 1.0215)	(0.0616, -0.0539, -0.0136, -0.9966)	11	3940
339	(2.0311, 23.6900, 2.1241)	(0.0613, -0.0562, -0.0139, -0.9964)	11	3951
340	(2.0945, 23.1350, 1.5859)	(0.0611, -0.0584, -0.0138, -0.9963)	11	3962
341	(2.8249, 22.4671, 1.9004)	(0.0607, -0.0605, -0.0139, -0.9962)	11	3973
342	(2.5862, 21.3023, 1.5013)	(0.0605, -0.0623, -0.0139, -0.9961)	11	3985
343	(3.2676, 17.2907, 1.7632)	(0.0594, -0.0668, -0.0141, -0.9959)	24	4008
344	(3.2748, 14.5527, 1.9385)	(0.0592, -0.0674, -0.0143, -0.9959)	9	4017
345	(1.9910, 14.3027, 1.8272)	(0.0594, -0.0688, -0.0144, -0.9958)	11	4029
346	(3.0332, 12.3535, 1.6174)	(0.0591, -0.0682, -0.0143, -0.9958)	11	4040
347	(2.7985, 9.5383, 1.1257)	(0.0589, -0.0685, -0.0143, -0.9958)	11	4051
348	(2.5528, 8.8584, 0.6539)	(0.0588, -0.0694, -0.0142, -0.9958)	11	4062
349	(3.1052, 7.5693, 0.0147)	(0.0584, -0.0699, -0.0140, -0.9957)	11	4073
350	(3.2283, 6.3458, -0.2013)	(0.0581, -0.0703, -0.0139, -0.9957)	11	4084
351	(3.2294, 5.9167, -0.1926)	(0.0579, -0.0708, -0.0139, -0.9957)	11	4095
352	(1.8896, 4.7454, -0.8344)	(0.0581, -0.0709, -0.0137, -0.9957)	11	4106
353	(1.2204, 5.0745, 0.4309)	(0.0580, -0.0715, -0.0140, -0.9957)	11	4117
354	(1.5872, 5.0152, 0.3109)	(0.0578, -0.0719, -0.0139, -0.9956)	11	4129
355	(1.2844, 4.2081, -0.2154)	(0.0577, -0.0722, -0.0138, -0.9956)	11	4140
356	(1.7086, 4.3384, -0.0362)	(0.0575, -0.0727, -0.0138, -0.9956)	11	4151
357	(0.7364, 3.1096, -0.4376)	(0.0576, -0.0728, -0.0137, -0.9956)	11	4162
358	(1.6473, 5.4812, -0.6655)	(0.0572, -0.0740, -0.0135, -0.9955)	11	4173
359	(1.1021, 3.7203, -0.2680)	(0.0573, -0.0738, -0.0136, -0.9955)	11	4184
360	(1.5259, 4.0336, -0.0925)	(0.0570, -0.0743, -0.0135, -0.9955)	11	4195
361	(1.0398, 3.1703, -0.5599)	(0.0570, -0.0743, -0.0134, -0.9955)	11	4206
362	(2.1398, 3.0330, -1.1667)	(0.0567, -0.0746, -0.0132, -0.9955)	11	4217
363	(0.0716, 2.6695, -0.9131)	(0.0570, -0.0747, -0.0132, -0.9955)	11	4228
364	(0.9811, 1.2772, -0.7618)	(0.0568, -0.0746, -0.0132, -0.9955)	11	4240
365	(1.5981, -0.1180, -0.7355)	(0.0566, -0.0746, -0.0131, -0.9955)	11	4251
366	(1.8352, 1.1472, -1.0077)	(0.0565, -0.0748, -0.0130, -0.9955)	11	4262
367	(2.5735, -0.2961, -0.5517)	(0.0562, -0.0746, -0.0129, -0.9955)	11	4273
368	(1.5341, -0.8837, -2.3045)	(0.0561, -0.0746, -0.0125, -0.9956)	11	4284
369	(2.8743, -0.3958, -2.3182)	(0.0555, -0.0746, -0.0122, -0.9956)	11	4295
370	(4.0983, -0.9854, -1.5777)	(0.0548, -0.0745, -0.0121, -0.9956)	11	4306
371	(4.8905, 0.7693, -1.7413)	(0.0541, -0.0748, -0.0118, -0.9957)	11	4318
372	(4.1575, 0.7189, -1.3720)	(0.0540, -0.0748, -0.0117, -0.9957)	10	4328
373	(4.0945, 0.5307, -1.6083)	(0.0536, -0.0748, -0.0115, -0.9957)	11	4339
374	(3.2392, 1.7726, -0.4753)	(0.0534, -0.0751, -0.0116, -0.9957)	11	4350
375	(4.1613, -0.7972, -1.3415)	(0.0526, -0.0746, -0.0112, -0.9958)	15	4365
376	(4.2794, 0.1711, -1.2984)	(0.0522, -0.0748, -0.0111, -0.9958)	9	4375
377	(3.8552, 0.7950, -0.4574)	(0.0521, -0.0748, -0.0112, -0.9958)	8	4383
378	(3.2457, -1.2210, -1.0270)	(0.0520, -0.0744, -0.0110, -0.9958)	11	4394
379	(2.1493, -1.2389, -1.8129)	(0.0519, -0.0743, -0.0108, -0.9958)	11	4405
380	(3.0080, -1.8098, -0.1621)	(0.0514, -0.0740, -0.0109, -0.9959)	11	4416
381	(2.9445, -2.8170, -1.7834)	(0.0511, -0.0734, -0.0105, -0.9959)	11	4427
382	(2.2140, -4.4104, -2.1153)	(0.0509, -0.0726, -0.0103, -0.9960)	11	4438
383	(2.8273, -4.4108, -2.1743)	(0.0506, -0.0722, -0.0100, -0.9961)	11	4450
384	(1.7252, -4.7410, -3.3828)	(0.0506, -0.0715, -0.0095, -0.9961)	11	4461
385	(1.4827, -3.7598, -2.9786)	(0.0505, -0.0714, -0.0093, -0.9961)	11	4472
386	(1.7238, -4.0093, -3.1573)	(0.0503, -0.0710, -0.0090, -0.9962)	11	4483
387	(2.0235, -2.4897, -3.3089)	(0.0502, -0.0710, -0.0087, -0.9962)	11	4494
388	(1.6599, -1.5760, -3.3892)	(0.0502, -0.0710, -0.0085, -0.9962)	11	4505
389	(2.2054, -1.3115, -2.5438)	(0.0499, -0.0709, -0.0084, -0.9962)	11	4516
390	(2.2647, 0.4527, -2.2134)	(0.0498, -0.0711, -0.0082, -0.9962)	11	4528
391	(2.8706, 1.0631, -2.3476)	(0.0494, -0.0713, -0.0079, -0.9962)	11	4539
392	Index trigger pushed	3	4542
392	(3.4201, 0.9893, -2.8969)	(0.0490, -0.0715, -0.0074, -0.9962)	11	4550
393	(2.9932, 3.0250, -1.5981)	(0.0488, -0.0721, -0.0074, -0.9962)	11	4561
394	(2.8095, 2.8983, -1.8982)	(0.0485, -0.0723, -0.0072, -0.9962)	11	4572
395	(2.3858, 1.2146, -0.8276)	(0.0485, -0.0721, -0.0073, -0.9962)	11	4583
396	(1.8967, 1.9477, -0.7780)	(0.0483, -0.0724, -0.0072, -0.9962)	11	4595
397	(1.2282, 1.7843, 0.1997)	(0.0482, -0.0725, -0.0073, -0.9962)	11	4606
398	(1.3498, 0.8561, -0.3940)	(0.0481, -0.0725, -0.0072, -0.9962)	11	4617
399	(2.6330, 0.3459, -1.6003)	(0.0477, -0.0725, -0.0070, -0.9962)	11	4628
400	(2.5739, -0.4150, -0.4921)	(0.0476, -0.0725, -0.0071, -0.9962)	11	4639
401	(2.0248, -1.1557, -0.8417)	(0.0474, -0.0724, -0.0070, -0.9962)	11	4650
402	(4.0423, -1.4706, -1.5106)	(0.0467, -0.0722, -0.0066, -0.9963)	11	4661
403	(4.0411, -0.5481, -0.9171)	(0.0464, -0.0724, -0.0066, -0.9963)	11	4672
404	(4.3467, -1.2171, -0.9045)	(0.0459, -0.0722, -0.0065, -0.9963)	11	4684
405	(5.1385, -1.3967, -0.7831)	(0.0451, -0.0720, -0.0064, -0.9964)	11	4695
406	(6.0570, -1.0040, 0.4191)	(0.0441, -0.0720, -0.0066, -0.9964)	11	4706
407	(7.0957, -1.2392, 0.6038)	(0.0430, -0.0717, -0.0065, -0.9965)	12	4718
408	(7.5232, -2.2665, 0.9894)	(0.0421, -0.0712, -0.0066, -0.9965)	9	4727
409	(8.7419, -2.7936, -1.0115)	(0.0411, -0.0708, -0.0060, -0.9966)	11	4739
410	(9.5329, -2.2935, -0.4118)	(0.0400, -0.0707, -0.0061, -0.9967)	11	4750
411	(8.9885, -2.3570, -0.4089)	(0.0393, -0.0704, -0.0060, -0.9967)	11	4761
412	(10.3303, -2.7878, -0.8332)	(0.0380, -0.0700, -0.0057, -0.9968)	11	4772
413	(12.4027, -1.7524, -0.9803)	(0.0364, -0.0701, -0.0055, -0.9969)	11	4783
414	(10.9366, -1.8659, -0.3044)	(0.0357, -0.0700, -0.0056, -0.9969)	11	4794
415	(11.7900, -0.8090, 0.6385)	(0.0343, -0.0702, -0.0058, -0.9969)	11	4805
416	(12.8251, 0.1579, 0.5588)	(0.0329, -0.0704, -0.0057, -0.9970)	11	4817
417	(11.4202, 0.6596, 1.0963)	(0.0321, -0.0706, -0.0059, -0.9970)	11	4828
418	(12.0872, 1.9299, 0.7655)	(0.0307, -0.0710, -0.0058, -0.9970)	11	4839
419	(12.0873, 2.4316, 1.4876)	(0.0295, -0.0713, -0.0060, -0.9970)	11	4850
420	(12.3280, 3.9962, 0.4829)	(0.0283, -0.0720, -0.0057, -0.9970)	11	4861
421	(12.0240, 5.1193, 1.9199)	(0.0272, -0.0727, -0.0060, -0.9970)	11	4872
422	(13.0585, 5.6493, 0.9337)	(0.0257, -0.0733, -0.0057, -0.9970)	11	4883
423	(14.7690, 5.1752, 1.4244)	(0.0240, -0.0737, -0.0058, -0.9970)	11	4895
424	(14.8889, 5.5467, 1.6626)	(0.0226, -0.0744, -0.0059, -0.9970)	11	4905
425	(15.8626, 5.1599, 0.6321)	(0.0209, -0.0748, -0.0056, -0.9970)	11	4917
426	(19.1081, 1.2931, 1.9133)	(0.0184, -0.0741, -0.0059, -0.9971)	11	4928
427	(20.7028, -1.1899, 2.1417)	(0.0161, -0.0735, -0.0060, -0.9972)	11	4939
428	(22.3578, -4.7159, 2.5740)	(0.0135, -0.0723, -0.0062, -0.9973)	11	4950
429	(28.1589, -6.6529, 2.6589)	(0.0095, -0.0713, -0.0062, -0.9974)	11	4961
430	(28.9595, -7.6748, 3.2835)	(0.0065, -0.0705, -0.0065, -0.9975)	11	4972
431	(33.1703, -8.8267, 3.2372)	(0.0024, -0.0694, -0.0064, -0.9976)	11	4983
432	(36.9600, -11.2621, 3.1493)	(-0.0020, -0.0679, -0.0065, -0.9977)	11	4995
433	(36.5241, -11.0193, 0.2911)	(-0.0054, -0.0669, -0.0057, -0.9977)	11	5006
434	(41.1142, -17.7295, -0.6225)	(-0.0103, -0.0639, -0.0050, -0.9979)	11	5017
435	(43.2614, -20.5753, 0.2809)	(-0.0150, -0.0614, -0.0049, -0.9980)	11	5028
436	(44.2353, -20.2639, 0.3347)	(-0.0195, -0.0596, -0.0046, -0.9980)	11	5039
437	(45.6490, -22.8545, 1.7156)	(-0.0242, -0.0568, -0.0047, -0.9981)	11	5050
438	(48.5843, -25.2935, 1.5102)	(-0.0295, -0.0539, -0.0044, -0.9981)	11	5061
439	(48.3713, -13.9149, 0.9782)	(-0.0483, -0.0486, -0.0033, -0.9976)	46	5107
440	(47.5712, -9.5021, 2.1101)	(-0.0574, -0.0477, -0.0034, -0.9972)	10	5117
441	(45.7247, -4.7543, 2.0828)	(-0.0613, -0.0486, -0.0034, -0.9969)	11	5128
442	(43.2196, -4.1968, -0.1063)	(-0.0647, -0.0484, -0.0025, -0.9967)	11	5139
443	(38.7002, -3.9702, -0.7669)	(-0.0671, -0.0481, -0.0021, -0.9966)	11	5150
444	(32.4155, -2.3038, 0.7339)	(-0.0684, -0.0484, -0.0026, -0.9965)	11	5161
445	(27.7802, -1.4648, 3.3449)	(-0.0698, -0.0484, -0.0037, -0.9964)	11	5172
446	(20.5202, 1.3177, 5.9930)	(-0.0676, -0.0492, -0.0047, -0.9965)	11	5183
447	(17.7094, 3.8681, 8.5012)	(-0.0688, -0.0500, -0.0060, -0.9964)	11	5195
448	(14.3523, 5.8286, 9.3869)	(-0.0695, -0.0509, -0.0072, -0.9963)	11	5206
449	(11.3589, 8.2584, 9.1636)	(-0.0700, -0.0522, -0.0081, -0.9962)	11	5217
450	(11.2295, 9.7865, 9.4364)	(-0.0711, -0.0534, -0.0091, -0.9960)	11	5228
451	(8.9048, 11.8762, 7.6964)	(-0.0715, -0.0550, -0.0096, -0.9959)	11	5239
452	(6.7656, 13.3706, 6.2138)	(-0.0716, -0.0567, -0.0101, -0.9958)	11	5250
453	(5.9129, 13.1980, 6.7690)	(-0.0721, -0.0579, -0.0109, -0.9957)	11	5261
454	(4.2572, 14.8329, 6.4949)	(-0.0722, -0.0596, -0.0116, -0.9955)	11	5272
455	(3.6503, 13.6522, 5.3650)	(-0.0724, -0.0606, -0.0119, -0.9955)	11	5283
456	(4.6227, 14.0041, 4.6228)	(-0.0730, -0.0619, -0.0123, -0.9953)	11	5294
457	(3.4627, 13.9155, 3.4725)	(-0.0731, -0.0632, -0.0125, -0.9952)	11	5305
458	(4.4358, 14.3350, 3.2209)	(-0.0738, -0.0647, -0.0128, -0.9951)	11	5316
459	(4.6179, 14.0076, 2.0657)	(-0.0742, -0.0659, -0.0128, -0.9950)	11	5327
460	(3.1582, 13.0307, 1.9695)	(-0.0742, -0.0670, -0.0131, -0.9949)	11	5339
461	(4.3720, 14.2033, 2.6746)	(-0.0749, -0.0685, -0.0136, -0.9947)	11	5350
462	(2.9722, 13.2535, 0.8672)	(-0.0748, -0.0696, -0.0133, -0.9947)	11	5361
463	(3.6417, 13.0522, -0.0345)	(-0.0753, -0.0708, -0.0132, -0.9946)	12	5373
464	(4.0070, 13.9699, 0.3063)	(-0.0757, -0.0724, -0.0134, -0.9944)	10	5383
465	(2.7197, 14.3090, -0.9095)	(-0.0756, -0.0739, -0.0132, -0.9943)	11	5394
466	(2.7805, 15.0961, -1.0457)	(-0.0759, -0.0755, -0.0132, -0.9942)	11	5405
467	(1.1908, 15.9517, -0.8180)	(-0.0756, -0.0773, -0.0133, -0.9940)	11	5416
468	(0.6997, 17.2918, -1.0266)	(-0.0756, -0.0792, -0.0133, -0.9939)	11	5427
469	(-0.5161, 18.4111, 0.2873)	(-0.0752, -0.0811, -0.0138, -0.9938)	11	5438
470	(-1.6154, 20.1789, 0.3178)	(-0.0748, -0.0834, -0.0141, -0.9936)	11	5449
471	(-4.4279, 22.0802, 1.0772)	(-0.0737, -0.0859, -0.0146, -0.9935)	11	5460
472	(-4.3681, 23.1680, 0.8148)	(-0.0733, -0.0884, -0.0148, -0.9933)	11	5471
473	(-7.6714, 26.2834, 1.3681)	(-0.0718, -0.0916, -0.0155, -0.9931)	11	5482
474	(-9.3786, 26.2955, 2.0422)	(-0.0706, -0.0941, -0.0161, -0.9929)	11	5493
475	(-12.3791, 29.8989, 2.6477)	(-0.0688, -0.0977, -0.0170, -0.9927)	11	5505
476	(-14.5792, 31.7240, 2.7432)	(-0.0669, -0.1012, -0.0177, -0.9925)	11	5516
477	(-17.0862, 35.8990, 4.3711)	(-0.0647, -0.1055, -0.0191, -0.9921)	11	5527
478	(-21.2422, 38.8419, 5.4796)	(-0.0617, -0.1098, -0.0204, -0.9918)	11	5538
479	(-24.1731, 41.7601, 5.6124)	(-0.0587, -0.1144, -0.0216, -0.9915)	11	5549
480	(-26.9268, 45.9335, 7.1782)	(-0.0555, -0.1196, -0.0233, -0.9910)	11	5560
481	(-28.8908, 49.4598, 7.0499)	(-0.0523, -0.1250, -0.0245, -0.9905)	11	5571
482	(-29.4537, 52.1999, 4.0160)	(-0.0492, -0.1306, -0.0249, -0.9899)	11	5583
483	(-28.7905, 54.6811, 3.2947)	(-0.0464, -0.1363, -0.0257, -0.9892)	11	5594
484	(-30.9932, 56.2942, 1.7470)	(-0.0429, -0.1419, -0.0263, -0.9886)	11	5605
485	(-29.1657, 57.5929, -0.2924)	(-0.0403, -0.1477, -0.0264, -0.9879)	11	5616
486	(-27.2813, 57.6987, -1.0895)	(-0.0379, -0.1532, -0.0267, -0.9871)	11	5627
487	(-26.7899, 58.0577, -1.4643)	(-0.0353, -0.1588, -0.0271, -0.9863)	11	5638
488	(-24.7198, 58.0011, -1.2862)	(-0.0333, -0.1643, -0.0275, -0.9855)	11	5649
489	(-21.8483, 56.9949, -3.0363)	(-0.0315, -0.1695, -0.0274, -0.9846)	11	5660
490	(-21.3032, 56.3775, -3.5746)	(-0.0294, -0.1748, -0.0275, -0.9838)	11	5671
491	(-16.9002, 54.1883, -3.4233)	(-0.0286, -0.1795, -0.0275, -0.9830)	11	5683
492	(-15.6209, 53.1339, -4.3783)	(-0.0271, -0.1843, -0.0273, -0.9821)	11	5694
493	(-12.8023, 49.3002, -4.4923)	(-0.0263, -0.1882, -0.0271, -0.9814)	11	5705
494	(-9.6246, 46.0027, -4.9844)	(-0.0258, -0.1919, -0.0267, -0.9807)	11	5716
495	(-7.9080, 42.9065, -4.8012)	(-0.0252, -0.1954, -0.0265, -0.9800)	11	5727
496	(-4.7284, 38.9422, -5.1596)	(-0.0251, -0.1983, -0.0259, -0.9795)	11	5738
497	(-4.9049, 35.8894, -5.5209)	(-0.0244, -0.2012, -0.0256, -0.9789)	11	5749
498	(-2.6387, 33.0327, -5.4128)	(-0.0245, -0.2038, -0.0251, -0.9784)	11	5761
499	(0.0530, 29.6858, -5.2331)	(-0.0248, -0.2059, -0.0246, -0.9779)	11	5772
500	(-1.0919, 25.3250, -4.0435)	(-0.0244, -0.2074, -0.0246, -0.9777)	11	5783
501	(1.1147, 19.8177, -2.6004)	(-0.0249, -0.2081, -0.0245, -0.9775)	11	5794
502	(1.1307, 15.7393, 0.5194)	(-0.0251, -0.2087, -0.0252, -0.9773)	11	5805
503	(-1.4604, 5.0960, -1.3808)	(-0.0242, -0.2089, -0.0249, -0.9773)	34	5839
504	(-3.8353, 1.8858, -3.3799)	(-0.0230, -0.2082, -0.0243, -0.9775)	11	5851
505	(-6.8785, -0.5441, -3.0760)	(-0.0213, -0.2075, -0.0244, -0.9777)	11	5861
506	(-9.2582, -1.6839, -4.8766)	(-0.0195, -0.2070, -0.0237, -0.9779)	11	5872
507	(-12.1862, -2.6702, -5.3344)	(-0.0174, -0.2064, -0.0234, -0.9780)	11	5883
508	(-16.6370, -4.5121, -5.8333)	(-0.0144, -0.2053, -0.0233, -0.9783)	11	5894
509	(-17.7396, -4.7232, -7.1015)	(-0.0140, -0.2052, -0.0229, -0.9783)	11	5905
510	(-19.3249, -4.0057, -7.7234)	(-0.0117, -0.2050, -0.0226, -0.9784)	11	5916
511	(-19.3912, -2.9778, -8.1043)	(-0.0096, -0.2049, -0.0221, -0.9785)	11	5927
512	(-19.2116, -2.6504, -9.6960)	(-0.0075, -0.2048, -0.0213, -0.9786)	11	5939
513	(-19.3974, -2.1130, -10.2555)	(-0.0053, -0.2047, -0.0206, -0.9786)	11	5950
514	(-21.4732, -3.1868, -11.9324)	(-0.0026, -0.2041, -0.0196, -0.9787)	11	5961
515	(-22.8091, -4.8792, -11.2251)	(0.0001, -0.2032, -0.0192, -0.9789)	11	5972
516	(-26.0437, -5.2092, -12.3016)	(0.0035, -0.2026, -0.0185, -0.9791)	11	5983
517	(-28.6015, -6.0983, -10.8803)	(0.0068, -0.2017, -0.0184, -0.9793)	11	5994
518	(-29.3922, -6.8425, -11.6524)	(0.0100, -0.2008, -0.0178, -0.9794)	11	6005
519	(-27.3756, -7.6669, -10.4233)	(0.0124, -0.1998, -0.0175, -0.9796)	11	6016
520	(-26.4610, -9.1382, -10.7624)	(0.0150, -0.1985, -0.0169, -0.9798)	11	6027
521	(-26.0959, -9.3476, -12.0349)	(0.0177, -0.1976, -0.0160, -0.9800)	11	6038
522	(-25.6707, -8.8363, -13.8771)	(0.0205, -0.1967, -0.0148, -0.9801)	11	6049
523	(-25.0574, -11.3390, -14.2517)	(0.0230, -0.1950, -0.0139, -0.9804)	11	6060
524	(-24.0747, -11.8114, -13.6387)	(0.0253, -0.1937, -0.0132, -0.9806)	11	6071
525	(-23.4637, -13.5271, -14.1551)	(0.0277, -0.1919, -0.0122, -0.9809)	11	6082
526	(-22.1776, -15.8221, -13.1344)	(0.0297, -0.1899, -0.0116, -0.9813)	11	6093
527	(-19.3684, -15.8773, -13.2045)	(0.0312, -0.1883, -0.0106, -0.9816)	11	6105
528	(-17.7217, -16.8023, -13.7398)	(0.0327, -0.1864, -0.0095, -0.9819)	11	6115
529	(-15.4011, -16.5014, -13.9930)	(0.0340, -0.1848, -0.0083, -0.9822)	11	6127
530	(-16.8764, -15.7731, -17.1096)	(0.0363, -0.1834, -0.0064, -0.9824)	11	6138
531	(-18.7044, -16.2082, -17.2785)	(0.0388, -0.1816, -0.0051, -0.9826)	11	6149
532	(-20.0487, -16.3658, -18.9761)	(0.0413, -0.1799, -0.0034, -0.9828)	11	6160
533	(-23.5217, -18.4218, -18.0091)	(0.0446, -0.1776, -0.0025, -0.9831)	11	6171
534	(-23.1555, -17.6165, -17.2999)	(0.0470, -0.1761, -0.0015, -0.9833)	12	6183
535	(-24.2412, -19.4546, -14.8228)	(0.0497, -0.1738, -0.0012, -0.9835)	10	6193
536	(-23.8170, -19.3898, -14.7624)	(0.0522, -0.1719, -0.0003, -0.9837)	11	6204
537	(-26.8681, -19.1538, -15.0614)	(0.0557, -0.1700, 0.0005, -0.9839)	11	6215
538	(-27.5407, -18.4280, -15.0740)	(0.0587, -0.1683, 0.0014, -0.9840)	11	6226
539	(-26.9914, -18.6869, -15.9857)	(0.0615, -0.1663, 0.0025, -0.9841)	11	6238
540	(-29.4327, -19.7446, -16.8725)	(0.0653, -0.1641, 0.0036, -0.9843)	11	6249
541	(-29.6185, -20.0838, -18.5698)	(0.0685, -0.1620, 0.0051, -0.9844)	11	6260
542	(-31.8762, -21.6415, -20.1106)	(0.0725, -0.1595, 0.0065, -0.9845)	11	6271
543	(-33.3368, -24.1369, -22.7390)	(0.0765, -0.1565, 0.0085, -0.9847)	12	6283
544	(-37.7238, -26.8477, -24.0100)	(0.0814, -0.1532, 0.0100, -0.9848)	10	6293
545	(-42.4669, -33.8270, -25.1940)	(0.0868, -0.1483, 0.0116, -0.9851)	11	6304
546	(-48.6230, -36.8240, -25.5388)	(0.0933, -0.1439, 0.0128, -0.9851)	11	6316
547	(-52.2135, -38.9054, -23.0551)	(0.0994, -0.1397, 0.0132, -0.9851)	11	6326
548	(-53.8556, -42.3788, -22.9173)	(0.1053, -0.1347, 0.0140, -0.9852)	11	6338
549	(-59.0942, -45.5604, -23.3870)	(0.1126, -0.1295, 0.0149, -0.9851)	11	6349
550	(-59.6404, -48.2108, -24.7335)	(0.1188, -0.1240, 0.0163, -0.9850)	11	6360
551	(-61.0321, -51.2625, -24.9710)	(0.1254, -0.1182, 0.0174, -0.9849)	11	6371
552	(-62.5502, -55.6381, -27.1895)	(0.1322, -0.1117, 0.0190, -0.9847)	11	6382
553	(-64.0668, -60.8084, -29.6379)	(0.1392, -0.1044, 0.0208, -0.9845)	11	6393
554	(-64.3110, -64.1631, -32.9217)	(0.1460, -0.0970, 0.0230, -0.9842)	11	6404
555	(-65.0340, -69.2445, -33.9098)	(0.1529, -0.0890, 0.0247, -0.9839)	15	6419
556	(-64.5995, -71.1944, -34.1178)	(0.1594, -0.0814, 0.0264, -0.9835)	8	6427
557	(-64.5342, -73.2988, -32.6740)	(0.1661, -0.0737, 0.0274, -0.9830)	10	6437
558	(-63.1718, -77.0093, -29.5599)	(0.1722, -0.0652, 0.0277, -0.9825)	11	6448
559	(-62.4454, -77.3398, -30.8940)	(0.1784, -0.0573, 0.0293, -0.9818)	11	6459
560	(-60.1721, -81.9933, -29.4053)	(0.1841, -0.0482, 0.0299, -0.9813)	11	6470
561	(-57.6033, -83.3613, -27.9266)	(0.1894, -0.0397, 0.0305, -0.9806)	11	6482
562	(-59.1130, -85.1307, -22.1603)	(0.1956, -0.0311, 0.0295, -0.9798)	11	6493
563	(-55.6811, -87.7083, -17.5534)	(0.2004, -0.0222, 0.0283, -0.9790)	11	6504
564	(-52.5055, -87.7087, -14.7654)	(0.2050, -0.0138, 0.0274, -0.9783)	11	6515
565	(-46.5068, -91.1125, -9.0512)	(0.2083, -0.0046, 0.0251, -0.9777)	11	6526
566	(-38.3182, -92.1370, -3.2711)	(0.2105, 0.0041, 0.0223, -0.9773)	11	6537
567	(-28.8509, -89.5890, 4.3781)	(0.2114, 0.0117, 0.0186, -0.9772)	11	6549
568	(-19.6943, -87.1198, 11.2976)	(0.2115, 0.0189, 0.0145, -0.9771)	11	6560
569	(-17.9848, -85.0380, 14.6600)	(0.2127, 0.0260, 0.0107, -0.9767)	11	6571
570	(-11.3289, -84.0225, 19.0076)	(0.2128, 0.0331, 0.0063, -0.9765)	11	6582
571	(-8.4558, -85.1968, 20.9678)	(0.2132, 0.0408, 0.0020, -0.9762)	11	6593
572	(-5.3459, -82.4078, 23.0362)	(0.2132, 0.0474, -0.0022, -0.9758)	11	6604
573	(0.5473, -75.2702, 23.2411)	(0.2116, 0.0527, -0.0059, -0.9759)	11	6616
574	(7.2007, -78.4826, 20.6034)	(0.2095, 0.0606, -0.0090, -0.9759)	11	6627
575	(16.4937, -85.1698, 20.7738)	(0.2061, 0.0698, -0.0132, -0.9759)	11	6638
576	(30.9575, -86.9700, 21.1337)	(0.2002, 0.0780, -0.0174, -0.9765)	11	6649
577	(47.4268, -87.2874, 16.7669)	(0.1921, 0.0860, -0.0204, -0.9774)	11	6660
578	(56.4489, -87.7374, 12.2475)	(0.1847, 0.0942, -0.0229, -0.9780)	11	6671
579	(67.2269, -84.6015, 7.2215)	(0.1758, 0.1015, -0.0247, -0.9789)	11	6682
580	(75.0329, -84.1784, 3.4717)	(0.1668, 0.1093, -0.0265, -0.9796)	11	6694
581	(84.4701, -80.1581, 0.0221)	(0.1564, 0.1160, -0.0279, -0.9805)	11	6705
582	(87.9953, -75.5338, -0.2016)	(0.1472, 0.1219, -0.0299, -0.9811)	11	6716
583	(84.9935, -71.3821, -2.6504)	(0.1394, 0.1278, -0.0309, -0.9815)	11	6727
584	(82.0494, -68.2318, -6.1776)	(0.1319, 0.1336, -0.0313, -0.9817)	11	6738
585	(85.3336, -64.8589, -8.2002)	(0.1228, 0.1390, -0.0320, -0.9821)	11	6749
586	(91.8510, -57.7858, -5.3816)	(0.1125, 0.1426, -0.0339, -0.9828)	11	6761
587	(99.7091, -53.3519, -3.4861)	(0.1011, 0.1464, -0.0359, -0.9834)	11	6772
588	(114.2102, -42.4155, 0.2094)	(0.0870, 0.1475, -0.0388, -0.9845)	11	6783
589	(132.3192, -33.3253, 5.4474)	(0.0704, 0.1479, -0.0426, -0.9856)	11	6794
590	(127.6469, -34.6969, 15.9001)	(0.0595, 0.1506, -0.0483, -0.9856)	11	6805
591	(118.2402, -54.0945, 18.0807)	(0.0499, 0.1590, -0.0526, -0.9846)	11	6816
592	(139.9723, -79.4207, 23.0923)	(0.0317, 0.1709, -0.0596, -0.9830)	11	6827
593	(139.0945, -91.1927, 28.3891)	(0.0182, 0.1812, -0.0662, -0.9810)	11	6838
594	(125.0445, -85.8740, 24.1186)	(0.0089, 0.1877, -0.0695, -0.9797)	11	6849
595	(92.2119, -85.4791, 21.7130)	(0.0075, 0.1954, -0.0715, -0.9781)	11	6860
596	(77.2065, -86.1458, 22.7430)	(0.0032, 0.2034, -0.0748, -0.9762)	11	6872
597	(41.8833, -87.7827, 22.3936)	(-0.0054, 0.2331, -0.0858, -0.9686)	35	6906
598	(1.9325, -97.6463, 13.5170)	(-0.0044, 0.2724, -0.0881, -0.9581)	32	6938
599	(-28.6127, -86.7387, 6.8141)	(0.0114, 0.2863, -0.0830, -0.9545)	22	6960
600	(-17.8752, -91.0531, 0.7886)	(0.0068, 0.2876, -0.0816, -0.9542)	12	6972
601	(-0.3155, -89.1009, -2.9578)	(0.0005, 0.2948, -0.0816, -0.9521)	10	6982
602	(-3.6816, -86.4271, -5.9822)	(0.0005, 0.3021, -0.0798, -0.9499)	11	6993
603	(-19.1739, -87.9673, -5.9056)	(0.0062, 0.3112, -0.0774, -0.9472)	11	7005
604	(-28.1016, -80.6732, -6.0893)	(0.0108, 0.3169, -0.0752, -0.9454)	11	7016
605	(-27.6335, -72.8727, -5.8818)	(0.0127, 0.3215, -0.0740, -0.9439)	11	7027
606	(-13.0145, -62.7783, -4.6695)	(0.0094, 0.3240, -0.0750, -0.9430)	11	7038
607	(1.1740, -55.5702, -7.5966)	(0.0051, 0.3215, -0.0754, -0.9439)	11	7049
608	(1.9532, -52.3275, -9.6722)	(0.0040, 0.3256, -0.0742, -0.9426)	11	7060
609	(-4.8846, -47.3742, -11.3308)	(0.0051, 0.3291, -0.0722, -0.9415)	11	7071
610	(-7.3436, -41.4278, -12.2958)	(0.0056, 0.3318, -0.0706, -0.9407)	11	7082
611	(-1.5002, -33.9577, -10.7016)	(0.0043, 0.3334, -0.0702, -0.9402)	11	7093
612	(3.9113, -28.6343, -9.9095)	(0.0025, 0.3349, -0.0699, -0.9397)	11	7104
613	(8.4163, -25.5096, -9.3794)	(0.0004, 0.3364, -0.0698, -0.9391)	11	7115
614	(6.7743, -26.5393, -8.9877)	(-0.0003, 0.3389, -0.0691, -0.9383)	11	7126
615	(4.4518, -26.3615, -9.1046)	(-0.0006, 0.3412, -0.0682, -0.9375)	11	7137
616	(16.1143, -22.8751, -0.5025)	(-0.0147, 0.3631, -0.0701, -0.9290)	100	7238
617	(19.5807, -19.5816, -3.3192)	(-0.0174, 0.3641, -0.0701, -0.9286)	12	7250
618	(24.5150, -16.6522, -3.3928)	(-0.0208, 0.3647, -0.0710, -0.9282)	11	7260
619	(32.3747, -8.8203, 0.8654)	(-0.0248, 0.3636, -0.0737, -0.9283)	11	7272
620	(41.8239, -5.2210, 3.2592)	(-0.0302, 0.3630, -0.0767, -0.9282)	11	7283
621	(48.2271, -0.6494, 6.0714)	(-0.0353, 0.3618, -0.0800, -0.9282)	11	7294
622	(50.9405, 11.8868, 8.4250)	(-0.0485, 0.3559, -0.0885, -0.9291)	33	7327
623	(50.8157, 12.5253, 6.9538)	(-0.0528, 0.3542, -0.0906, -0.9293)	11	7338
624	(54.7214, 11.6057, 6.5375)	(-0.0584, 0.3528, -0.0933, -0.9292)	11	7349
625	(57.1610, 12.8977, 6.8647)	(-0.0636, 0.3509, -0.0962, -0.9293)	11	7360
626	(59.9667, 13.7382, 6.1130)	(-0.0693, 0.3489, -0.0989, -0.9294)	11	7371
627	(63.4419, 13.5656, 6.4094)	(-0.0754, 0.3471, -0.1021, -0.9292)	11	7383
628	(69.5441, 11.0908, 4.3076)	(-0.0828, 0.3457, -0.1050, -0.9288)	12	7394
629	(71.6121, 10.6313, -0.2484)	(-0.0900, 0.3440, -0.1067, -0.9285)	10	7405
630	(75.7670, 7.1167, -2.6839)	(-0.0980, 0.3431, -0.1088, -0.9278)	11	7416
631	(79.9134, 8.2620, -3.4514)	(-0.1061, 0.3412, -0.1114, -0.9273)	11	7427
632	(84.7360, 7.6584, -0.5932)	(-0.1125, 0.3395, -0.1080, -0.9276)	11	7438
633	(88.2833, 5.8935, -0.6252)	(-0.1211, 0.3383, -0.1111, -0.9266)	11	7449
634	(92.7995, 2.7513, -2.5259)	(-0.1306, 0.3375, -0.1139, -0.9252)	11	7460
635	(95.4775, 3.5736, -4.1349)	(-0.1399, 0.3359, -0.1166, -0.9241)	11	7471
636	(95.4501, 10.9667, -8.8488)	(-0.1487, 0.3322, -0.1183, -0.9239)	11	7483
637	(95.4236, 18.1806, -13.3760)	(-0.1577, 0.3277, -0.1198, -0.9238)	11	7494
638	(97.4092, 28.7815, -16.4558)	(-0.1669, 0.3214, -0.1217, -0.9241)	11	7505
639	(99.5310, 32.0442, -17.9293)	(-0.1764, 0.3163, -0.1237, -0.9239)	11	7516
640	(104.2811, 33.8340, -19.9243)	(-0.1871, 0.3110, -0.1257, -0.9233)	11	7527
641	(110.1838, 39.6951, -19.4535)	(-0.1980, 0.3044, -0.1287, -0.9228)	11	7538
642	(110.6545, 49.1561, -18.6731)	(-0.2076, 0.2964, -0.1318, -0.9229)	11	7549
643	(110.8749, 57.1960, -18.7728)	(-0.2171, 0.2879, -0.1348, -0.9229)	11	7560
644	(112.2674, 61.5043, -19.4759)	(-0.2271, 0.2795, -0.1376, -0.9227)	11	7571
645	(111.0986, 64.8301, -20.7522)	(-0.2365, 0.2711, -0.1399, -0.9225)	11	7583
646	(111.2816, 64.4474, -21.5402)	(-0.2463, 0.2633, -0.1422, -0.9219)	11	7594
647	(113.6648, 63.9318, -20.0723)	(-0.2563, 0.2556, -0.1453, -0.9208)	11	7605
648	(116.5382, 61.4471, -19.7275)	(-0.2670, 0.2483, -0.1481, -0.9193)	11	7616
649	(116.1764, 59.7507, -19.2689)	(-0.2769, 0.2411, -0.1507, -0.9179)	11	7627
650	(115.6846, 59.1330, -22.4814)	(-0.2871, 0.2335, -0.1523, -0.9165)	11	7638
651	(114.5778, 58.4370, -26.6630)	(-0.2971, 0.2258, -0.1531, -0.9151)	11	7649
652	(110.7321, 54.6154, -34.2458)	(-0.3066, 0.2188, -0.1521, -0.9138)	11	7660
653	(106.0849, 52.6237, -41.8632)	(-0.3157, 0.2114, -0.1503, -0.9127)	11	7671
654	(99.3711, 44.3343, -53.2433)	(-0.3246, 0.2055, -0.1459, -0.9117)	11	7683
655	(91.4480, 35.9900, -61.4495)	(-0.3326, 0.2005, -0.1409, -0.9107)	11	7694
656	(86.3591, 20.6732, -62.5273)	(-0.3405, 0.1984, -0.1361, -0.9089)	11	7705
657	(69.1833, 7.9464, -64.1081)	(-0.3451, 0.1976, -0.1303, -0.9082)	11	7716
658	(56.5869, -7.3452, -66.8061)	(-0.3497, 0.1985, -0.1231, -0.9073)	11	7727
659	(43.2434, -22.8026, -76.8037)	(-0.3536, 0.2001, -0.1130, -0.9067)	11	7738
660	(35.5688, -35.6972, -86.9326)	(-0.3580, 0.2019, -0.1015, -0.9060)	11	7749
661	(25.3835, -43.9543, -96.8443)	(-0.3610, 0.2033, -0.0889, -0.9058)	11	7760
662	(17.8304, -49.5630, -96.6461)	(-0.3635, 0.2054, -0.0782, -0.9053)	11	7771
663	(13.8325, -56.7219, -91.9880)	(-0.3658, 0.2089, -0.0686, -0.9043)	11	7783
664	(22.8149, -60.0354, -87.8689)	(-0.3718, 0.2118, -0.0603, -0.9018)	11	7794
665	(15.4701, -54.3006, -92.8940)	(-0.3740, 0.2116, -0.0497, -0.9016)	11	7805
666	(-6.4978, -35.3728, -106.8486)	(-0.3723, 0.2068, -0.0367, -0.9040)	11	7816
667	(-0.2575, -24.5203, -115.3633)	(-0.3763, 0.2018, -0.0253, -0.9039)	11	7827
668	(1.1735, -28.6976, -134.4584)	(-0.3802, 0.1985, -0.0087, -0.9033)	11	7838
669	(-19.3522, -24.8754, -148.5419)	(-0.3780, 0.1935, 0.0090, -0.9053)	11	7849
670	(-28.7848, -23.4929, -166.0753)	(-0.3772, 0.1876, 0.0288, -0.9065)	11	7860
671	(14.8252, -55.4371, -178.7683)	(-0.3951, 0.1846, 0.0830, -0.8961)	33	7894
672	(25.1676, -66.6231, -178.3902)	(-0.4019, 0.1858, 0.1010, -0.8909)	11	7905
673	(37.3656, -86.5263, -175.4048)	(-0.4095, 0.1909, 0.1195, -0.8841)	11	7916
674	(56.5262, -111.4589, -174.6554)	(-0.4195, 0.1992, 0.1389, -0.8747)	11	7927
675	(84.3009, -142.1710, -173.8148)	(-0.4328, 0.2117, 0.1591, -0.8617)	11	7938
676	(94.7580, -171.6220, -167.2225)	(-0.4424, 0.2267, 0.1792, -0.8490)	11	7949
677	(100.1984, -192.0067, -157.8807)	(-0.4508, 0.2422, 0.1978, -0.8360)	11	7960
678	(103.0959, -216.8000, -140.8286)	(-0.4574, 0.2615, 0.2152, -0.8223)	11	7971
679	(103.4201, -233.4523, -121.6220)	(-0.4622, 0.2816, 0.2305, -0.8087)	11	7983
680	(104.1430, -214.7716, -102.3965)	(-0.4685, 0.2946, 0.2399, -0.7976)	11	7994
681	(101.5509, -210.3745, -78.4915)	(-0.4724, 0.3111, 0.2484, -0.7863)	11	8005
682	(110.5510, -155.5857, -54.4177)	(-0.4816, 0.3166, 0.2465, -0.7791)	11	8016
683	(109.2271, -83.3120, -12.3433)	(-0.4896, 0.3169, 0.2339, -0.7779)	11	8027
684	(111.9606, -38.2366, 10.7204)	(-0.4983, 0.3175, 0.2227, -0.7754)	11	8038
685	(91.5950, -12.6207, 16.4135)	(-0.5021, 0.3163, 0.2168, -0.7752)	11	8049
686	(76.6397, -10.2373, 17.6851)	(-0.5048, 0.3184, 0.2139, -0.7733)	11	8060
687	(51.0811, -16.4174, 11.9183)	(-0.5038, 0.3204, 0.2155, -0.7727)	11	8072
688	(29.2427, -20.4714, 8.7806)	(-0.5018, 0.3223, 0.2174, -0.7727)	11	8083
689	(8.6949, -20.8734, 14.0205)	(-0.4979, 0.3243, 0.2176, -0.7743)	11	8094
690	(-3.0428, -31.8672, 16.4103)	(-0.4938, 0.3289, 0.2194, -0.7745)	12	8105
691	(-15.0668, -45.4056, 27.9193)	(-0.4874, 0.3361, 0.2204, -0.7752)	11	8116
692	(-35.5185, -60.1490, 34.6092)	(-0.4776, 0.3438, 0.2235, -0.7770)	11	8127
693	(-32.7019, -68.2100, 30.8048)	(-0.4729, 0.3507, 0.2267, -0.7758)	11	8138
694	(-24.1755, -65.6190, 25.8536)	(-0.4707, 0.3559, 0.2286, -0.7743)	11	8149
695	(-22.5618, -53.1389, 22.6169)	(-0.4682, 0.3581, 0.2293, -0.7746)	11	8160
696	(-6.4995, -35.7367, 23.6777)	(-0.4693, 0.3597, 0.2263, -0.7740)	11	8171
697	(11.7026, -22.7618, 22.5732)	(-0.4727, 0.3612, 0.2227, -0.7723)	11	8183
698	(30.1507, -11.6772, 15.6598)	(-0.4785, 0.3617, 0.2195, -0.7695)	11	8194
699	(38.8606, -10.4701, 8.8539)	(-0.4828, 0.3633, 0.2183, -0.7663)	11	8205
700	(38.2528, -11.2181, 10.8787)	(-0.4848, 0.3657, 0.2165, -0.7644)	11	8216
701	(29.9623, -7.0351, 19.2222)	(-0.4844, 0.3676, 0.2132, -0.7647)	11	8227
702	(27.5113, -0.1185, 23.8380)	(-0.4851, 0.3686, 0.2092, -0.7649)	11	8238
703	(8.7079, 7.1904, 27.9448)	(-0.4821, 0.3681, 0.2064, -0.7678)	11	8249
704	(-1.4725, 11.7054, 34.7655)	(-0.4791, 0.3683, 0.2023, -0.7707)	11	8260
705	(-3.5379, 10.3100, 38.2091)	(-0.4763, 0.3691, 0.1990, -0.7728)	11	8272
706	(3.6208, -6.4738, 30.0600)	(-0.4767, 0.3733, 0.1994, -0.7705)	11	8283
707	(11.3397, -25.7895, 20.6903)	(-0.4772, 0.3791, 0.2019, -0.7667)	11	8294
708	(13.0459, -32.8934, 9.9310)	(-0.4781, 0.3825, 0.2045, -0.7637)	11	8305
709	(12.4141, -29.8517, 1.1020)	(-0.4791, 0.3836, 0.2066, -0.7619)	11	8316
710	(15.4797, -17.2324, -7.3131)	(-0.4819, 0.3821, 0.2073, -0.7608)	11	8327
711	(13.7851, -0.6284, -8.3121)	(-0.4838, 0.3792, 0.2060, -0.7614)	11	8338
712	(8.6029, 23.2079, -6.7694)	(-0.4852, 0.3732, 0.2028, -0.7643)	11	8349
713	(4.2417, 37.9956, -4.4347)	(-0.4860, 0.3678, 0.1997, -0.7672)	11	8361
714	(3.0577, 49.3496, -3.0812)	(-0.4875, 0.3622, 0.1962, -0.7699)	11	8372
715	(8.6460, 57.9755, -4.4843)	(-0.4907, 0.3564, 0.1924, -0.7714)	11	8383
716	(19.9174, 61.9354, -8.1897)	(-0.4960, 0.3512, 0.1886, -0.7714)	11	8394
717	(58.7277, 57.4525, -9.1916)	(-0.5079, 0.3499, 0.1820, -0.7658)	11	8405
718	(80.3969, 49.3852, -14.6931)	(-0.5189, 0.3485, 0.1780, -0.7600)	11	8416
719	(99.3985, 34.1598, -21.5641)	(-0.5308, 0.3492, 0.1759, -0.7519)	11	8427
720	(107.3392, 31.1113, -19.2091)	(-0.5408, 0.3489, 0.1713, -0.7460)	11	8438
721	(103.9724, 42.1763, -11.3278)	(-0.5487, 0.3460, 0.1640, -0.7432)	11	8449
722	(90.5545, 60.3361, -16.0363)	(-0.5556, 0.3382, 0.1587, -0.7428)	11	8460
723	(82.5286, 68.2660, -23.6035)	(-0.5630, 0.3309, 0.1549, -0.7413)	11	8472
724	(82.2650, 73.0784, -29.3573)	(-0.5715, 0.3240, 0.1509, -0.7387)	11	8483
725	(65.2649, 80.0941, -39.3109)	(-0.5769, 0.3141, 0.1494, -0.7391)	11	8494
726	(55.8891, 81.4094, -60.3155)	(-0.5838, 0.3025, 0.1514, -0.7380)	11	8505
727	(60.6940, 76.0908, -73.1908)	(-0.5928, 0.2932, 0.1530, -0.7343)	11	8516
728	(79.8739, 70.2649, -70.2065)	(-0.6044, 0.2873, 0.1505, -0.7277)	11	8527
729	(75.8509, 74.1068, -64.1856)	(-0.6119, 0.2795, 0.1474, -0.7251)	11	8538
730	(64.1987, 83.7798, -49.6103)	(-0.6165, 0.2715, 0.1414, -0.7255)	11	8549
731	(44.2267, 103.8751, -34.0079)	(-0.6184, 0.2609, 0.1327, -0.7293)	11	8560
732	(33.1555, 131.4143, -12.7982)	(-0.6204, 0.2493, 0.1187, -0.7341)	11	8572
733	(29.0622, 166.4727, 0.5681)	(-0.6237, 0.2337, 0.1014, -0.7390)	11	8583
734	(15.8648, 188.5654, 17.9352)	(-0.6236, 0.2196, 0.0834, -0.7457)	11	8594
735	(10.3714, 201.5604, 68.4646)	(-0.6223, 0.1897, 0.0249, -0.7591)	33	8627
736	(13.6866, 202.0940, 79.2215)	(-0.6222, 0.1809, 0.0047, -0.7617)	11	8638
737	(10.5716, 206.2082, 83.7127)	(-0.6207, 0.1705, -0.0153, -0.7651)	11	8649
738	(8.9081, 214.9543, 85.7323)	(-0.6191, 0.1585, -0.0362, -0.7683)	11	8661
739	(4.4935, 225.6537, 87.7205)	(-0.6162, 0.1453, -0.0580, -0.7719)	11	8672
740	(-0.9348, 229.2911, 93.0805)	(-0.6122, 0.1336, -0.0799, -0.7753)	11	8683
741	(-14.1983, 216.1022, 95.1530)	(-0.6059, 0.1255, -0.0979, -0.7795)	11	8694
742	(-13.6159, 178.9662, 93.1597)	(-0.6023, 0.1236, -0.1098, -0.7810)	11	8705
743	(0.4135, 152.7649, 92.1249)	(-0.6025, 0.1216, -0.1226, -0.7792)	11	8716
744	(0.3677, 148.4527, 95.5585)	(-0.5996, 0.1171, -0.1384, -0.7795)	11	8727
745	(-5.9618, 146.7542, 99.2667)	(-0.5947, 0.1126, -0.1546, -0.7809)	11	8738
746	(-0.3795, 139.9952, 104.6837)	(-0.5922, 0.1097, -0.1708, -0.7798)	11	8749
747	(19.1842, 125.4752, 111.1886)	(-0.5938, 0.1091, -0.1863, -0.7751)	11	8760
748	(37.6570, 112.0011, 118.2247)	(-0.5966, 0.1095, -0.2021, -0.7689)	11	8772
749	(50.4755, 89.5555, 124.6631)	(-0.6000, 0.1132, -0.2156, -0.7620)	11	8783
750	(57.3577, 71.7608, 126.7063)	(-0.6031, 0.1172, -0.2280, -0.7553)	11	8794
751	(64.0033, 50.6930, 126.6252)	(-0.6072, 0.1228, -0.2384, -0.7479)	11	8805
752	(68.6764, 33.5544, 125.4352)	(-0.6113, 0.1287, -0.2481, -0.7404)	11	8816
753	(77.4251, 23.4317, 124.2120)	(-0.6165, 0.1337, -0.2581, -0.7317)	11	8827
754	(85.9325, 13.7969, 123.3458)	(-0.6224, 0.1390, -0.2676, -0.7223)	11	8838
755	(96.1350, 8.0942, 123.7340)	(-0.6291, 0.1439, -0.2775, -0.7117)	11	8849
756	(110.6092, 0.7124, 122.1412)	(-0.6376, 0.1486, -0.2866, -0.6994)	11	8860
757	(113.1122, -4.0091, 117.6584)	(-0.6445, 0.1531, -0.2946, -0.6887)	11	8872
758	(91.4395, -1.8073, 113.4159)	(-0.6456, 0.1580, -0.3025, -0.6832)	11	8883
759	(68.1019, 0.7250, 99.1265)	(-0.6454, 0.1612, -0.3076, -0.6804)	11	8894
760	(59.1041, 6.9240, 90.6875)	(-0.6462, 0.1632, -0.3143, -0.6760)	11	8905
761	(62.3110, 11.6385, 82.7917)	(-0.6489, 0.1638, -0.3210, -0.6701)	11	8916
762	(66.6920, 13.3368, 79.4610)	(-0.6522, 0.1648, -0.3280, -0.6633)	11	8927
763	(70.3538, 11.7589, 79.6022)	(-0.6556, 0.1667, -0.3350, -0.6558)	11	8938
764	(74.5696, 9.7200, 77.9262)	(-0.6596, 0.1684, -0.3414, -0.6481)	11	8949
765	(70.7283, 5.7680, 75.5802)	(-0.6624, 0.1710, -0.3467, -0.6417)	11	8961
766	(61.4625, 2.3628, 73.4222)	(-0.6640, 0.1742, -0.3514, -0.6366)	12	8972
767	(44.5543, 2.1916, 69.2765)	(-0.6636, 0.1777, -0.3554, -0.6338)	11	8983
768	(26.8457, 5.4870, 64.8173)	(-0.6615, 0.1808, -0.3595, -0.6329)	11	8994
769	(2.0515, 4.2640, 51.4030)	(-0.6581, 0.1838, -0.3602, -0.6351)	11	9005
770	(-16.0925, 5.2985, 37.9809)	(-0.6542, 0.1858, -0.3602, -0.6386)	11	9016
771	(-20.7915, -2.9556, 24.8895)	(-0.6530, 0.1880, -0.3580, -0.6404)	11	9027
772	(-18.4130, -8.5440, 17.0208)	(-0.6528, 0.1897, -0.3565, -0.6409)	11	9038
773	(-19.3931, -10.9861, 13.9037)	(-0.6519, 0.1919, -0.3556, -0.6417)	11	9049
774	(-27.7429, -15.9712, 11.9579)	(-0.6499, 0.1956, -0.3535, -0.6438)	11	9060
775	(-34.5098, -17.5621, 11.8268)	(-0.6473, 0.1993, -0.3519, -0.6461)	11	9072
776	(-43.9606, -20.4907, 9.4824)	(-0.6441, 0.2035, -0.3492, -0.6494)	11	9083
777	(-59.4071, -20.6571, 5.2065)	(-0.6389, 0.2078, -0.3458, -0.6550)	11	9094
778	(-75.2208, -20.8345, -2.2888)	(-0.6330, 0.2116, -0.3412, -0.6619)	11	9105
779	(-87.3074, -21.7527, -7.4061)	(-0.6268, 0.2158, -0.3361, -0.6691)	11	9116
780	(-88.1608, -24.5588, -10.6935)	(-0.6222, 0.2196, -0.3312, -0.6745)	11	9127
781	(-82.7316, -25.8056, -12.3319)	(-0.6187, 0.2228, -0.3269, -0.6787)	11	9138
782	(-76.1425, -24.2736, -9.2759)	(-0.6155, 0.2261, -0.3240, -0.6819)	11	9149
783	(-83.1892, -10.4598, -6.5532)	(-0.6083, 0.2280, -0.3229, -0.6883)	11	9160
784	(-56.3727, 3.1265, -4.9552)	(-0.6073, 0.2256, -0.3249, -0.6890)	11	9172
785	(-13.9159, 10.8637, 1.4570)	(-0.6113, 0.2222, -0.3294, -0.6844)	11	9183
786	(16.1930, 25.4876, 8.3788)	(-0.6150, 0.2170, -0.3363, -0.6794)	11	9194
787	(40.1793, 48.9811, 12.0336)	(-0.6175, 0.2083, -0.3457, -0.6751)	11	9205
788	(54.2495, 65.6772, 22.9194)	(-0.6186, 0.2015, -0.3569, -0.6703)	11	9216
789	(76.4045, 66.1729, 25.0352)	(-0.6235, 0.1945, -0.3656, -0.6631)	11	9227
790	(118.1673, 58.1437, 31.5900)	(-0.6344, 0.1874, -0.3749, -0.6495)	11	9238
791	(174.3266, -48.6413, 65.5950)	(-0.6601, 0.2023, -0.3730, -0.6198)	11	9249
792	(163.0367, -58.1988, 51.8800)	(-0.6715, 0.2050, -0.3705, -0.6082)	11	9261
793	(126.9112, 8.9659, 73.5258)	(-0.6656, 0.2014, -0.3886, -0.6045)	11	9272
794	(160.0462, 34.7140, 79.6081)	(-0.6739, 0.1929, -0.4047, -0.5873)	11	9283
795	(159.7514, 16.2645, 59.6445)	(-0.6841, 0.1885, -0.4072, -0.5750)	11	9294
796	(134.0056, -40.4013, 48.5632)	(-0.6943, 0.1963, -0.3996, -0.5654)	11	9305
797	(100.5797, -66.8102, 51.6307)	(-0.6992, 0.2063, -0.3949, -0.5591)	11	9316
798	(101.8104, -83.8311, 67.6787)	(-0.7075, 0.2161, -0.3942, -0.5453)	11	9327
799	(131.0358, -78.6090, 73.9403)	(-0.7184, 0.2181, -0.3982, -0.5270)	11	9338
800	(116.3602, -64.5394, 74.8554)	(-0.7227, 0.2214, -0.4015, -0.5172)	11	9350
801	(101.2914, -63.0776, 78.5828)	(-0.7264, 0.2279, -0.4032, -0.5078)	11	9360
802	(101.7978, -67.9974, 82.2100)	(-0.7323, 0.2342, -0.4044, -0.4954)	11	9372
803	(104.7541, -76.3953, 85.2366)	(-0.7392, 0.2409, -0.4047, -0.4814)	11	9383
804	(98.7456, -86.9829, 86.1942)	(-0.7454, 0.2490, -0.4029, -0.4691)	11	9394
805	(85.4361, -101.5401, 95.5994)	(-0.7501, 0.2615, -0.3999, -0.4572)	11	9405
806	(80.3616, -113.8695, 106.2112)	(-0.7552, 0.2747, -0.3971, -0.4433)	11	9416
807	(85.2687, -122.0635, 110.3835)	(-0.7614, 0.2859, -0.3943, -0.4278)	11	9427
808	(87.0599, -126.7803, 114.6092)	(-0.7669, 0.2973, -0.3918, -0.4123)	11	9438
809	(88.0097, -121.2411, 108.7743)	(-0.7718, 0.3054, -0.3900, -0.3987)	11	9450
810	(92.5137, -107.2620, 89.5444)	(-0.7773, 0.3079, -0.3889, -0.3870)	11	9460
811	(98.9529, -91.0051, 62.8377)	(-0.7835, 0.3056, -0.3882, -0.3768)	11	9472
812	(99.6603, -93.4425, 45.4144)	(-0.7907, 0.3059, -0.3839, -0.3658)	11	9483
813	(92.3253, -95.2388, 35.5470)	(-0.7967, 0.3077, -0.3789, -0.3565)	11	9494
814	(85.6816, -84.6794, 22.5684)	(-0.8016, 0.3068, -0.3758, -0.3494)	11	9505
815	(87.0787, -65.7522, 10.1926)	(-0.8060, 0.3031, -0.3758, -0.3424)	11	9516
816	(90.3064, -50.0502, -2.4267)	(-0.8107, 0.2977, -0.3763, -0.3355)	11	9527
817	(93.7884, -37.9657, -18.8753)	(-0.8160, 0.2901, -0.3764, -0.3292)	11	9538
818	(93.3229, -31.9223, -29.7732)	(-0.8211, 0.2830, -0.3757, -0.3232)	11	9549
819	(101.0792, -24.8052, -48.0791)	(-0.8276, 0.2719, -0.3753, -0.3168)	11	9560
820	(106.0955, -14.1767, -61.4595)	(-0.8332, 0.2601, -0.3762, -0.3110)	11	9572
821	(116.1111, -5.4242, -77.2480)	(-0.8396, 0.2454, -0.3772, -0.3042)	11	9583
822	(123.2055, 0.7866, -92.0672)	(-0.8460, 0.2298, -0.3778, -0.2978)	11	9594
823	(132.1961, 8.2468, -102.8383)	(-0.8522, 0.2131, -0.3795, -0.2905)	11	9605
824	(147.7135, 15.0559, -116.1097)	(-0.8590, 0.1935, -0.3815, -0.2814)	11	9616
825	(162.9319, 22.1686, -123.3569)	(-0.8653, 0.1735, -0.3844, -0.2709)	11	9627
826	(186.8387, 26.5222, -123.5150)	(-0.8720, 0.1530, -0.3882, -0.2560)	11	9639
827	(216.5539, 30.1422, -118.0749)	(-0.8786, 0.1323, -0.3930, -0.2369)	11	9649
828	(240.8168, 26.0125, -101.6852)	(-0.8851, 0.1149, -0.3971, -0.2140)	11	9661
829	(248.2446, 19.1974, -84.3452)	(-0.8904, 0.1007, -0.3997, -0.1931)	11	9672
830	(259.9381, 16.3339, -67.6981)	(-0.8952, 0.0867, -0.4030, -0.1694)	11	9683
831	(271.3084, 17.6336, -55.8247)	(-0.8990, 0.0722, -0.4069, -0.1449)	11	9694
832	(276.4931, 7.4201, -37.7404)	(-0.9033, 0.0605, -0.4079, -0.1182)	11	9705
833	(245.7639, 15.9185, -14.1957)	(-0.9034, 0.0564, -0.4127, -0.1019)	11	9716
834	(205.5337, 13.4241, 2.9513)	(-0.9039, 0.0551, -0.4146, -0.0901)	11	9727
835	(148.5731, 29.5236, 4.3731)	(-0.9016, 0.0541, -0.4201, -0.0875)	11	9738
836	(32.6899, 39.7689, -26.0460)	(-0.8974, 0.0543, -0.4234, -0.1112)	11	9750
837	(-41.0325, 34.8114, -45.9399)	(-0.8945, 0.0541, -0.4230, -0.1340)	11	9761
838	(-51.4941, 20.2005, -15.8452)	(-0.8938, 0.0614, -0.4221, -0.1385)	11	9772
839	(-50.7421, 12.9962, 17.9573)	(-0.8927, 0.0718, -0.4227, -0.1390)	11	9783
840	(-52.8348, 0.6713, 25.8831)	(-0.8927, 0.0785, -0.4204, -0.1422)	11	9794
841	(-46.0714, -14.0894, 32.8594)	(-0.8938, 0.0847, -0.4166, -0.1427)	11	9805
842	(-28.8717, -25.5594, 45.4593)	(-0.8954, 0.0913, -0.4131, -0.1386)	11	9816
843	(-15.4015, -35.8152, 58.0456)	(-0.8972, 0.0989, -0.4091, -0.1334)	11	9827
844	(-13.0558, -43.4337, 63.6096)	(-0.8988, 0.1067, -0.4047, -0.1302)	11	9838
845	(-21.6940, -37.4369, 50.9748)	(-0.8990, 0.1107, -0.4025, -0.1325)	11	9849
846	(-27.8214, -18.9960, 30.3476)	(-0.8977, 0.1106, -0.4040, -0.1371)	11	9860
847	(-22.9749, -11.5892, 22.9991)	(-0.8972, 0.1115, -0.4044, -0.1379)	11	9872
848	(-17.6276, 0.4791, 26.0866)	(-0.8957, 0.1142, -0.4073, -0.1374)	11	9883
849	(-12.3559, 10.9004, 20.2607)	(-0.8942, 0.1144, -0.4104, -0.1376)	11	9894
850	(-2.7637, 14.5906, 1.1031)	(-0.8939, 0.1097, -0.4121, -0.1378)	11	9905
851	(5.8942, 6.2736, -12.5068)	(-0.8952, 0.1051, -0.4109, -0.1373)	11	9916
852	(15.4641, 1.8487, -20.7233)	(-0.8963, 0.1004, -0.4101, -0.1356)	11	9927
853	(23.2072, 1.2666, -25.7283)	(-0.8972, 0.0955, -0.4099, -0.1336)	11	9938
854	(21.7980, 2.2774, -26.8429)	(-0.8976, 0.0921, -0.4101, -0.1332)	11	9949
855	(19.3623, 3.1626, -22.1627)	(-0.8976, 0.0906, -0.4106, -0.1325)	11	9960
856	(14.6166, 2.3618, -16.4121)	(-0.8977, 0.0900, -0.4106, -0.1323)	12	9972
857	(7.3699, 1.8581, -11.0835)	(-0.8975, 0.0904, -0.4106, -0.1330)	11	9983
858	(0.3692, 1.6627, -2.5354)	(-0.8972, 0.0929, -0.4106, -0.1336)	11	9994
859	(-3.9971, 0.3802, 6.1412)	(-0.8968, 0.0951, -0.4108, -0.1340)	11	10005
860	(-8.8012, -2.8059, 11.1506)	(-0.8967, 0.0981, -0.4101, -0.1347)	11	10016
861	(-9.5863, -3.9267, 12.8802)	(-0.8967, 0.1000, -0.4096, -0.1350)	11	10027
862	(-8.3215, -0.0712, 10.7909)	(-0.8963, 0.1009, -0.4101, -0.1353)	18	10045
863	(-6.5524, -1.2277, 7.9488)	(-0.8964, 0.1013, -0.4098, -0.1355)	9	10054
864	(-5.5229, -0.6911, 4.2795)	(-0.8963, 0.1010, -0.4098, -0.1358)	8	10063
865	(-0.2234, 1.1463, 1.7957)	(-0.8964, 0.1001, -0.4100, -0.1352)	9	10072
866	(2.3221, 1.9542, -3.2163)	(-0.8964, 0.0993, -0.4102, -0.1352)	11	10083
867	(5.6757, 0.3890, -5.4485)	(-0.8968, 0.0975, -0.4101, -0.1344)	11	10094
868	(5.6094, 1.1701, -6.1334)	(-0.8968, 0.0964, -0.4103, -0.1343)	12	10106
869	(4.1470, 1.6637, -5.7100)	(-0.8968, 0.0962, -0.4104, -0.1345)	10	10116
870	(3.4214, 0.6270, -2.7066)	(-0.8968, 0.0966, -0.4103, -0.1343)	11	10127
871	(0.3740, 0.8409, -1.0602)	(-0.8968, 0.0968, -0.4103, -0.1345)	11	10138
872	(-0.8904, -0.6899, 1.3427)	(-0.8967, 0.0971, -0.4103, -0.1346)	11	10149
873	(-3.6966, -0.0941, 3.7130)	(-0.8965, 0.0986, -0.4102, -0.1350)	24	10174
874	(-2.8444, -0.1160, 2.6183)	(-0.8966, 0.0986, -0.4101, -0.1350)	9	10183
875	(-1.9288, -1.0122, 0.4999)	(-0.8966, 0.0985, -0.4100, -0.1350)	11	10194
876	(0.9820, 0.2211, -1.7187)	(-0.8966, 0.0983, -0.4101, -0.1349)	11	10205
877	(1.1652, 0.1534, -1.9582)	(-0.8967, 0.0981, -0.4101, -0.1349)	11	10216
878	(1.3459, 0.3753, -3.1187)	(-0.8967, 0.0976, -0.4102, -0.1348)	11	10227
879	(1.8993, 0.7226, -1.0622)	(-0.8967, 0.0975, -0.4102, -0.1346)	12	10239
880	(1.1656, 0.7828, -0.8782)	(-0.8967, 0.0973, -0.4103, -0.1346)	11	10249
881	(0.4986, -0.1053, -0.0632)	(-0.8967, 0.0973, -0.4102, -0.1346)	11	10260
882	(-0.1016, 0.1553, 1.2032)	(-0.8967, 0.0975, -0.4102, -0.1346)	11	10272
883	(-0.7713, 0.1674, 1.8170)	(-0.8967, 0.0977, -0.4102, -0.1346)	11	10283
884	(-1.5023, -0.9848, 1.7795)	(-0.8967, 0.0979, -0.4101, -0.1347)	11	10294
885	(0.0175, 0.3296, 0.7760)	(-0.8967, 0.0979, -0.4102, -0.1347)	11	10305
886	(0.4987, 0.0130, 0.1174)	(-0.8967, 0.0979, -0.4102, -0.1347)	11	10316
887	(0.3782, -0.6058, -0.7221)	(-0.8967, 0.0978, -0.4102, -0.1347)	11	10327
888	(1.5965, 0.2931, -1.0527)	(-0.8967, 0.0975, -0.4102, -0.1346)	11	10338
889	(0.9837, 0.8005, -0.0257)	(-0.8967, 0.0975, -0.4103, -0.1346)	11	10349
890	(0.3160, -0.9733, -0.7774)	(-0.8967, 0.0974, -0.4102, -0.1346)	11	10361
891	(-0.2869, 0.3870, 0.5298)	(-0.8967, 0.0974, -0.4103, -0.1345)	11	10372
892	(-1.9917, -0.8215, 0.8624)	(-0.8967, 0.0976, -0.4102, -0.1346)	11	10383
893	(-0.3473, -0.5189, 0.7313)	(-0.8967, 0.0976, -0.4102, -0.1346)	11	10394
894	(-0.3491, 0.2090, 0.7796)	(-0.8967, 0.0976, -0.4102, -0.1345)	11	10405
895	(0.3150, -0.1723, -0.2444)	(-0.8967, 0.0976, -0.4102, -0.1345)	11	10416
896	(-0.2260, 1.3635, 0.6930)	(-0.8967, 0.0976, -0.4103, -0.1345)	11	10427
897	(-0.1722, 1.8232, -0.5864)	(-0.8967, 0.0974, -0.4104, -0.1345)	11	10438
898	(0.8635, 0.1130, -0.8639)	(-0.8967, 0.0973, -0.4103, -0.1344)	11	10449
899	(0.1381, -0.0981, 0.2981)	(-0.8967, 0.0973, -0.4103, -0.1344)	11	10461
900	(-0.2864, -0.2251, -0.0013)	(-0.8967, 0.0973, -0.4103, -0.1344)	11	10472
901	(0.5014, -0.5154, 0.8489)	(-0.8967, 0.0973, -0.4103, -0.1343)	11	10483
902	(-0.9550, -0.5196, 0.7331)	(-0.8967, 0.0974, -0.4103, -0.1344)	11	10494
903	(-2.3004, 0.5589, 0.1147)	(-0.8967, 0.0975, -0.4104, -0.1345)	11	10505
904	(0.8105, -1.1443, -0.2263)	(-0.8967, 0.0974, -0.4103, -0.1343)	11	10516
905	(1.1092, 0.6691, -0.5669)	(-0.8967, 0.0973, -0.4103, -0.1343)	11	10527
906	(1.6643, -0.4587, 0.4782)	(-0.8968, 0.0973, -0.4103, -0.1342)	11	10538
907	(1.0472, 0.3695, -0.3833)	(-0.8967, 0.0972, -0.4104, -0.1342)	11	10549
908	(0.9870, -0.3456, 0.1804)	(-0.8967, 0.0972, -0.4104, -0.1342)	11	10560
909	(1.2333, 0.1467, 0.7132)	(-0.8967, 0.0972, -0.4104, -0.1341)	11	10572
910	(0.0192, -0.3340, 0.7894)	(-0.8968, 0.0972, -0.4104, -0.1341)	11	10583
911	(-0.7113, 0.3197, 0.3493)	(-0.8967, 0.0972, -0.4104, -0.1342)	12	10594
912	(0.6835, -0.6543, -0.0527)	(-0.8968, 0.0972, -0.4104, -0.1341)	10	10604
913	(0.2569, 0.0666, -0.3120)	(-0.8967, 0.0972, -0.4104, -0.1341)	12	10616
914	(0.0787, 0.2495, -0.3151)	(-0.8967, 0.0972, -0.4104, -0.1341)	11	10627
915	(0.1380, -0.0409, 0.2969)	(-0.8968, 0.0972, -0.4104, -0.1341)	11	10638
916	(-0.1674, 0.3771, 0.0491)	(-0.8967, 0.0971, -0.4104, -0.1341)	11	10650
917	(0.1932, 0.5592, -0.0185)	(-0.8967, 0.0971, -0.4104, -0.1341)	11	10660
918	(0.8643, 0.2518, -0.2546)	(-0.8968, 0.0971, -0.4104, -0.1340)	11	10672
919	(0.9278, -0.0552, -0.4316)	(-0.8968, 0.0971, -0.4104, -0.1340)	11	10683
920	(-0.7710, -1.0718, 0.3204)	(-0.8968, 0.0971, -0.4104, -0.1340)	11	10694
921	(0.0793, 0.0022, -0.3731)	(-0.8968, 0.0971, -0.4104, -0.1340)	11	10705
922	(-0.4081, 0.5020, 0.2876)	(-0.8968, 0.0971, -0.4104, -0.1340)	11	10716
923	(0.2615, -1.6300, -0.1577)	(-0.8968, 0.0970, -0.4103, -0.1339)	11	10727
924	(-0.7767, 0.9230, -0.0802)	(-0.8968, 0.0970, -0.4105, -0.1340)	11	10739
925	(-0.2881, -0.0618, -0.6739)	(-0.8968, 0.0970, -0.4104, -0.1339)	11	10749
926	(0.2575, -0.0510, -0.1895)	(-0.8968, 0.0969, -0.4104, -0.1339)	11	10760
927	(-0.2223, -0.4018, 0.3052)	(-0.8968, 0.0969, -0.4104, -0.1339)	11	10772
928	(-0.2863, 0.0170, 0.3542)	(-0.8968, 0.0969, -0.4104, -0.1339)	11	10783
929	(-0.1048, -0.1227, -0.8563)	(-0.8968, 0.0969, -0.4104, -0.1339)	11	10794
930	(0.6823, -0.2265, -0.1243)	(-0.8968, 0.0969, -0.4104, -0.1338)	11	10805
931	(0.4392, 0.4305, -0.4400)	(-0.8968, 0.0969, -0.4104, -0.1338)	11	10816
932	(-0.3506, 0.0672, -0.2473)	(-0.8968, 0.0968, -0.4104, -0.1338)	11	10827
933	(-0.1026, 0.1437, 0.6543)	(-0.8968, 0.0968, -0.4104, -0.1338)	11	10839
934	(-0.3500, -0.1076, -0.1236)	(-0.8968, 0.0968, -0.4104, -0.1338)	11	10849
935	(-1.1382, -0.5757, 0.7977)	(-0.8968, 0.0969, -0.4104, -0.1338)	11	10861
936	(0.2591, -0.4679, 0.1278)	(-0.8968, 0.0968, -0.4104, -0.1337)	11	10872
937	(0.5622, 0.1420, 0.5322)	(-0.8968, 0.0968, -0.4104, -0.1337)	11	10883
938	(-0.4046, -0.5775, 0.6697)	(-0.8968, 0.0968, -0.4104, -0.1337)	15	10898
939	(0.0791, 0.0651, -0.3743)	(-0.8968, 0.0967, -0.4104, -0.1337)	7	10905
940	(-0.0427, 0.0484, -1.1631)	(-0.8968, 0.0967, -0.4105, -0.1337)	11	10916
941	(-0.1693, 0.7317, -0.5072)	(-0.8968, 0.0967, -0.4105, -0.1337)	11	10927
942	(-0.0433, 0.9187, -0.3283)	(-0.8968, 0.0966, -0.4105, -0.1336)	11	10938
943	(0.4420, -0.2204, 0.1795)	(-0.8969, 0.0966, -0.4105, -0.1336)	11	10949
944	(0.9873, -0.1537, 0.5999)	(-0.8969, 0.0966, -0.4105, -0.1335)	11	10960
945	(-1.3271, 1.2344, 0.3327)	(-0.8968, 0.0966, -0.4106, -0.1336)	11	10972
946	(-0.0395, -0.4091, -0.0555)	(-0.8969, 0.0966, -0.4105, -0.1335)	11	10983
947	(0.5615, 0.1987, 0.2336)	(-0.8969, 0.0966, -0.4105, -0.1335)	11	10994
948	(-0.7750, 0.6311, 0.4634)	(-0.8968, 0.0966, -0.4105, -0.1335)	11	11005
949	(0.0782, 0.1134, -0.7986)	(-0.8969, 0.0965, -0.4105, -0.1335)	11	11016
950	(-0.0414, 0.4999, 0.1664)	(-0.8969, 0.0965, -0.4105, -0.1334)	11	11028
951	(-1.7520, 1.1609, -0.1451)	(-0.8968, 0.0965, -0.4106, -0.1336)	11	11039
952	(-0.6518, -0.7149, 0.1355)	(-0.8969, 0.0965, -0.4105, -0.1334)	11	11049
953	(-0.4729, 0.8578, -0.2056)	(-0.8968, 0.0964, -0.4106, -0.1334)	11	11061
954	(-0.4700, 0.2024, 0.4711)	(-0.8969, 0.0964, -0.4105, -0.1334)	11	11071
955	(-0.1661, -0.0438, 0.1777)	(-0.8969, 0.0964, -0.4105, -0.1334)	12	11083
956	(0.1373, -0.5488, -0.7225)	(-0.8969, 0.0964, -0.4105, -0.1334)	11	11094
957	(0.8074, 0.0686, -0.2507)	(-0.8969, 0.0964, -0.4105, -0.1333)	11	11105
958	(-0.0404, 0.0111, 0.0561)	(-0.8969, 0.0964, -0.4105, -0.1333)	11	11116
959	(0.0808, -0.4746, -0.1804)	(-0.8969, 0.0963, -0.4105, -0.1333)	11	11127
960	(0.7473, -0.9574, -0.0468)	(-0.8969, 0.0963, -0.4105, -0.1333)	12	11139
961	(0.8676, -0.7106, 0.2511)	(-0.8969, 0.0963, -0.4105, -0.1332)	11	11149
962	(-0.3535, 1.4766, 0.0904)	(-0.8969, 0.0963, -0.4106, -0.1333)	11	11161
963	(-0.0404, -0.0487, -0.0628)	(-0.8969, 0.0963, -0.4105, -0.1332)	11	11172
964	(0.4391, 0.9295, 0.1563)	(-0.8969, 0.0963, -0.4106, -0.1332)	12	11183
965	(0.1944, -0.1750, -0.3698)	(-0.8969, 0.0962, -0.4105, -0.1332)	11	11194
966	(-0.0394, -0.5960, -0.2348)	(-0.8969, 0.0962, -0.4105, -0.1332)	11	11205
967	(-0.2227, -0.7248, -0.3575)	(-0.8969, 0.0962, -0.4105, -0.1332)	11	11216
968	(-0.1678, 0.1838, -0.4332)	(-0.8969, 0.0962, -0.4106, -0.1332)	11	11227
969	(-0.5351, 0.4319, -0.3170)	(-0.8969, 0.0962, -0.4106, -0.1332)	11	11238
970	(-0.5926, 0.3650, -0.4985)	(-0.8969, 0.0961, -0.4106, -0.1331)	11	11250
971	(0.9863, 0.3949, 0.8291)	(-0.8969, 0.0961, -0.4106, -0.1331)	11	11261
972	(-0.4700, -0.2921, -0.1825)	(-0.8969, 0.0961, -0.4106, -0.1331)	11	11272
973	(-0.4705, -0.2330, -0.3667)	(-0.8969, 0.0961, -0.4106, -0.1331)	14	11285
974	(0.5606, 0.0002, -0.4946)	(-0.8969, 0.0960, -0.4106, -0.1331)	9	11294
975	(0.1956, -0.7268, -0.4789)	(-0.8970, 0.0960, -0.4105, -0.1330)	11	11305
976	(0.1363, 0.5643, 0.2275)	(-0.8969, 0.0960, -0.4106, -0.1330)	11	11316
977	(0.4992, -0.0393, 0.3530)	(-0.8969, 0.0960, -0.4106, -0.1330)	11	11327
978	(0.9269, 0.3707, -0.3201)	(-0.8969, 0.0960, -0.4106, -0.1330)	11	11338
979	(0.4402, 0.3765, -0.0156)	(-0.8969, 0.0960, -0.4106, -0.1330)	11	11349
980	(0.1374, 0.4530, 0.6474)	(-0.8969, 0.0960, -0.4106, -0.1329)	11	11361
981	(0.0822, -0.2698, 0.8451)	(-0.8969, 0.0960, -0.4106, -0.1329)	11	11372
982	(0.3797, -0.7189, -0.1134)	(-0.8970, 0.0959, -0.4106, -0.1329)	11	11383
983	(-0.1052, -0.1277, -1.0964)	(-0.8969, 0.0959, -0.4106, -0.1329)	11	11394
984	(0.1926, 0.5529, -0.3216)	(-0.8969, 0.0959, -0.4107, -0.1329)	11	11405
985	(0.2584, 0.3954, 0.8941)	(-0.8969, 0.0959, -0.4107, -0.1329)	11	11416
986	(0.3167, -0.9656, -0.4115)	(-0.8970, 0.0958, -0.4106, -0.1329)	11	11427
987	(-0.5906, 0.2652, 0.4702)	(-0.8969, 0.0959, -0.4107, -0.1329)	11	11439
988	(1.1698, -0.0409, 0.2367)	(-0.8970, 0.0958, -0.4107, -0.1328)	11	11449
989	(-0.3522, 0.9858, 0.1575)	(-0.8969, 0.0958, -0.4107, -0.1328)	16	11465
990	(-0.4706, 0.3200, 0.3486)	(-0.8970, 0.0958, -0.4107, -0.1328)	8	11473
991	(0.3129, 1.5524, 0.9336)	(-0.8969, 0.0958, -0.4107, -0.1328)	10	11483
992	(-0.5324, -0.3486, 0.1278)	(-0.8970, 0.0958, -0.4106, -0.1328)	11	11494
993	(0.1380, 0.4607, 1.0133)	(-0.8970, 0.0958, -0.4107, -0.1327)	11	11505
994	(0.3764, 0.3032, -0.5002)	(-0.8970, 0.0957, -0.4107, -0.1327)	11	11516
995	(0.0178, -0.6628, -0.4167)	(-0.8970, 0.0957, -0.4107, -0.1327)	11	11527
996	(-0.2896, 0.8568, -0.2634)	(-0.8970, 0.0957, -0.4107, -0.1327)	11	11539
997	(0.6269, -1.2113, -0.4074)	(-0.8970, 0.0957, -0.4106, -0.1327)	11	11549
998	(0.2557, 0.6172, -0.2601)	(-0.8970, 0.0957, -0.4107, -0.1327)	11	11561

