Missile Rate 5.00 Missile Speed 0.20 
Line_#	VR_Velocity	VR_Orientation	DeltaTime	TotalTime
0	(-0.0039, -1.3253, 0.4940)	(0.2641, 0.2738, 0.1715, -0.9088)	1	3
1	(4.3236, -3.6442, -0.0727)	(0.2611, 0.2789, 0.1695, -0.9085)	9	12
2	(4.9408, -4.9186, 0.2544)	(0.2592, 0.2817, 0.1680, -0.9084)	35	47
3	(7.9324, -7.4929, -0.6750)	(0.2560, 0.2863, 0.1660, -0.9083)	43	90
4	(14.8957, -12.7669, -2.8430)	(0.2493, 0.2942, 0.1633, -0.9081)	44	134
5	(24.1298, -20.2194, -1.5015)	(0.2433, 0.3009, 0.1593, -0.9082)	34	169
6	(31.4026, -24.6163, -2.5326)	(0.2367, 0.3077, 0.1562, -0.9082)	23	192
7	(36.2278, -29.4541, -3.9709)	(0.2326, 0.3126, 0.1544, -0.9079)	12	204
8	(40.4500, -33.4261, -4.7556)	(0.2283, 0.3176, 0.1523, -0.9076)	12	216
9	(46.0765, -38.8361, -4.6002)	(0.2233, 0.3235, 0.1495, -0.9072)	11	227
10	(50.6024, -45.3110, -5.7586)	(0.2184, 0.3303, 0.1468, -0.9064)	11	238
11	(53.4184, -48.9276, -6.9754)	(0.2134, 0.3367, 0.1444, -0.9057)	11	249
12	(60.0207, -55.4528, -7.6527)	(0.2118, 0.3388, 0.1435, -0.9054)	11	260
13	(62.5926, -60.0422, -8.8491)	(0.2066, 0.3460, 0.1408, -0.9043)	11	272
14	(66.9379, -65.7979, -10.6337)	(0.2004, 0.3542, 0.1379, -0.9030)	11	283
15	(70.7376, -73.4423, -12.3785)	(0.1942, 0.3632, 0.1349, -0.9012)	11	294
16	(74.6521, -78.0229, -12.9670)	(0.1876, 0.3722, 0.1316, -0.8994)	11	305
17	(80.0980, -86.4689, -15.3698)	(0.1803, 0.3828, 0.1281, -0.8970)	11	316
18	(83.4636, -92.9124, -17.6810)	(0.1729, 0.3935, 0.1248, -0.8942)	11	327
19	(87.6997, -100.9824, -16.5584)	(0.1654, 0.4051, 0.1204, -0.8911)	11	338
20	(91.3108, -107.6840, -16.7371)	(0.1576, 0.4171, 0.1159, -0.8876)	11	350
21	(95.4109, -114.6791, -19.4684)	(0.1491, 0.4298, 0.1119, -0.8835)	11	361
22	(97.9892, -122.0153, -20.9127)	(0.1407, 0.4430, 0.1077, -0.8789)	11	372
23	(100.3211, -127.0379, -22.2827)	(0.1321, 0.4561, 0.1034, -0.8740)	11	383
24	(103.4475, -132.5799, -22.5406)	(0.1232, 0.4697, 0.0987, -0.8686)	11	394
25	(105.5284, -138.1546, -24.0189)	(0.1141, 0.4836, 0.0941, -0.8627)	11	405
26	(107.2502, -142.5094, -22.7177)	(0.1052, 0.4975, 0.0889, -0.8565)	11	416
27	(108.2452, -147.7920, -21.9449)	(0.0964, 0.5117, 0.0836, -0.8496)	11	428
28	(110.5741, -152.6529, -21.6135)	(0.0872, 0.5261, 0.0781, -0.8423)	11	439
29	(111.1957, -155.5680, -21.1904)	(0.0782, 0.5403, 0.0726, -0.8347)	11	450
30	(111.9285, -158.2105, -22.2320)	(0.0689, 0.5546, 0.0674, -0.8266)	11	461
31	(110.8870, -157.4370, -23.2227)	(0.0598, 0.5678, 0.0626, -0.8186)	11	472
32	(108.7486, -154.8731, -22.8390)	(0.0512, 0.5803, 0.0576, -0.8107)	11	483
33	(110.3281, -152.2130, -23.8126)	(0.0416, 0.5925, 0.0526, -0.8027)	11	494
34	(107.5771, -150.5190, -24.2048)	(0.0331, 0.6045, 0.0480, -0.7944)	11	506
35	(107.2652, -149.4144, -23.9172)	(0.0242, 0.6164, 0.0431, -0.7859)	11	517
36	(103.9044, -147.5630, -25.2260)	(0.0157, 0.6277, 0.0391, -0.7773)	11	528
37	(100.7815, -142.6628, -23.9141)	(0.0078, 0.6380, 0.0348, -0.7692)	11	539
38	(93.6986, -137.3146, -21.2038)	(0.0014, 0.6478, 0.0310, -0.7612)	11	550
39	(87.5223, -128.9550, -17.1495)	(-0.0044, 0.6562, 0.0269, -0.7541)	11	561
40	(79.1441, -118.7839, -13.9205)	(-0.0091, 0.6636, 0.0235, -0.7477)	11	573
41	(74.2482, -110.7188, -12.2438)	(-0.0141, 0.6705, 0.0201, -0.7415)	11	584
42	(65.4911, -98.2430, -12.3494)	(-0.0182, 0.6758, 0.0181, -0.7367)	11	595
43	(59.7891, -86.7696, -11.0423)	(-0.0221, 0.6804, 0.0156, -0.7324)	11	606
44	(53.7895, -76.5436, -8.0616)	(-0.0251, 0.6844, 0.0132, -0.7286)	11	617
45	(46.4449, -63.9740, -3.7914)	(-0.0270, 0.6871, 0.0109, -0.7260)	11	628
46	(39.5311, -53.5250, 1.1325)	(-0.0280, 0.6895, 0.0086, -0.7237)	11	639
47	(33.9693, -45.9647, 4.7033)	(-0.0288, 0.6917, 0.0063, -0.7216)	11	650
48	(28.4024, -36.7724, 7.7608)	(-0.0290, 0.6931, 0.0042, -0.7203)	11	661
49	(24.1717, -29.9539, 7.8188)	(-0.0296, 0.6942, 0.0027, -0.7191)	11	673
50	(20.1911, -21.7155, 8.6999)	(-0.0297, 0.6947, 0.0011, -0.7187)	11	684
51	(14.7420, -16.2449, 8.4226)	(-0.0295, 0.6951, 0.0004, -0.7183)	11	695
52	(11.3125, -11.4482, 8.0957)	(-0.0294, 0.6953, -0.0004, -0.7181)	11	706
53	(8.6828, -7.6124, 8.0261)	(-0.0291, 0.6953, -0.0013, -0.7181)	11	717
54	(7.5734, -4.2039, 7.9607)	(-0.0289, 0.6952, -0.0021, -0.7182)	11	728
55	(3.9109, -2.0081, 8.3505)	(-0.0280, 0.6951, -0.0025, -0.7183)	11	739
56	(1.3984, -0.0869, 7.0435)	(-0.0275, 0.6949, -0.0026, -0.7186)	11	751
57	(-0.7311, 1.1883, 7.3901)	(-0.0266, 0.6946, -0.0028, -0.7189)	11	762
58	(-2.7463, 1.4648, 6.2292)	(-0.0259, 0.6945, -0.0026, -0.7190)	11	773
59	(-4.4035, 4.0240, 6.3656)	(-0.0250, 0.6938, -0.0026, -0.7197)	11	784
60	(-6.1167, 5.2215, 5.4369)	(-0.0242, 0.6933, -0.0023, -0.7202)	11	795
61	(-6.3004, 5.2186, 5.3117)	(-0.0234, 0.6930, -0.0022, -0.7206)	11	806
62	(-6.6115, 7.0781, 3.9365)	(-0.0229, 0.6922, -0.0018, -0.7213)	11	817
63	(-4.9628, 7.6763, 3.4333)	(-0.0226, 0.6916, -0.0019, -0.7219)	11	828
64	(-4.0512, 6.9889, 2.5350)	(-0.0223, 0.6912, -0.0018, -0.7223)	11	839
65	(-3.9311, 6.8624, 2.2283)	(-0.0169, -0.0024, 0.0140, -0.9998)	11	851
66	(-4.5999, 6.1949, 2.3695)	(-0.0164, -0.0029, 0.0137, -0.9998)	11	862
67	(-3.0703, 4.3074, 2.3402)	(-0.0164, -0.0030, 0.0135, -0.9998)	11	873
68	(-3.4970, 5.3437, 2.3834)	(-0.0158, -0.0037, 0.0132, -0.9998)	11	884
69	(-3.2473, 4.1266, 2.4644)	(-0.0155, -0.0039, 0.0129, -0.9998)	11	895
70	(-3.1292, 4.0414, 1.1272)	(-0.0152, -0.0043, 0.0130, -0.9998)	11	906
71	(-1.6012, 2.6352, 0.8479)	(-0.0154, -0.0040, 0.0130, -0.9998)	11	917
72	(-1.8475, 3.1378, 1.6279)	(-0.0151, -0.0045, 0.0127, -0.9998)	11	928
73	(-0.8678, 3.5675, 1.8623)	(-0.0151, -0.0049, 0.0126, -0.9998)	11	939
74	(1.2592, 3.0111, 1.1351)	(-0.0155, -0.0050, 0.0126, -0.9998)	11	950
75	(0.8372, 2.1594, 1.2164)	(-0.0155, -0.0050, 0.0125, -0.9998)	11	961
76	(0.7112, 1.9724, 1.0375)	(-0.0155, -0.0051, 0.0125, -0.9998)	11	972
77	(2.1778, 2.5215, 1.2052)	(-0.0159, -0.0054, 0.0123, -0.9998)	11	983
78	(1.1428, 1.4904, 1.2290)	(-0.0158, -0.0053, 0.0123, -0.9998)	11	994
79	(1.4471, 1.0553, 0.9337)	(-0.0160, -0.0053, 0.0122, -0.9998)	11	1005
80	(1.9983, 1.0649, 1.3552)	(-0.0163, -0.0054, 0.0121, -0.9998)	11	1016
81	(0.6582, 0.1377, 0.8916)	(-0.0162, -0.0053, 0.0121, -0.9998)	11	1028
82	(0.5317, -0.5503, -0.2440)	(-0.0162, -0.0053, 0.0122, -0.9998)	11	1039
83	(-0.0707, -0.3679, -0.2459)	(-0.0163, -0.0053, 0.0121, -0.9998)	11	1050
84	(1.3330, -1.9351, 0.2678)	(-0.0166, -0.0051, 0.0121, -0.9998)	11	1061
85	(0.2936, -1.0204, 0.5499)	(-0.0165, -0.0052, 0.0120, -0.9998)	11	1072
86	(2.9754, -0.2118, 1.0119)	(-0.0171, -0.0051, 0.0119, -0.9998)	11	1083
87	(2.0574, -0.6636, -0.0059)	(-0.0171, -0.0050, 0.0121, -0.9998)	11	1094
88	(2.7302, -1.3925, 0.1326)	(-0.0175, -0.0047, 0.0121, -0.9998)	11	1105
89	(3.6481, -2.0094, -0.4068)	(-0.0180, -0.0044, 0.0122, -0.9998)	11	1117
90	(3.4650, -2.1285, -0.3467)	(-0.0182, -0.0042, 0.0122, -0.9998)	11	1128
91	(2.0024, -2.8278, -1.6669)	(-0.0183, -0.0038, 0.0125, -0.9997)	11	1139
92	(2.6749, -2.6183, -0.4546)	(-0.0187, -0.0036, 0.0125, -0.9997)	11	1150
93	(3.4666, -3.6772, -1.5911)	(-0.0192, -0.0030, 0.0129, -0.9997)	11	1161
94	(3.5285, -2.7534, -0.9406)	(-0.0195, -0.0029, 0.0129, -0.9997)	11	1172
95	(3.0423, -2.9891, -0.6885)	(-0.0197, -0.0026, 0.0130, -0.9997)	11	1183
96	(2.7934, -2.8936, -1.8509)	(-0.0199, -0.0023, 0.0134, -0.9997)	11	1195
97	(2.5535, -4.2023, -3.0995)	(-0.0202, -0.0015, 0.0140, -0.9997)	11	1206
98	(1.9987, -2.4993, -3.1951)	(-0.0203, -0.0017, 0.0142, -0.9997)	11	1217
99	(1.3856, -2.3665, -2.8299)	(-0.0203, -0.0015, 0.0144, -0.9997)	11	1228
100	(0.7758, -2.2034, -3.7467)	(-0.0203, -0.0012, 0.0149, -0.9997)	11	1239
101	(1.4459, -1.4618, -3.0886)	(-0.0206, -0.0011, 0.0151, -0.9997)	11	1250
102	(0.7147, -3.2465, -4.0859)	(-0.0206, -0.0005, 0.0158, -0.9997)	11	1261
103	(0.8967, -2.1383, -3.3822)	(-0.0207, -0.0006, 0.0158, -0.9997)	11	1272
104	(2.0008, -2.5989, -2.2149)	(-0.0210, -0.0004, 0.0158, -0.9997)	11	1284
105	(1.9998, -2.2341, -2.2852)	(-0.0211, -0.0002, 0.0161, -0.9996)	11	1295
106	(1.5664, -0.6421, -1.9499)	(-0.0212, -0.0003, 0.0162, -0.9996)	11	1306
107	(0.9013, -2.2740, -1.1256)	(-0.0212, 0.0001, 0.0163, -0.9996)	11	1317
108	(0.6012, -3.6678, -0.9765)	(-0.0213, 0.0008, 0.0164, -0.9996)	11	1328
109	(0.5391, -3.2215, 0.1130)	(-0.0213, 0.0009, 0.0163, -0.9996)	11	1339
110	(0.7250, -4.2581, 0.0704)	(-0.0214, 0.0016, 0.0163, -0.9996)	11	1350
111	(0.4843, -3.8165, 0.6686)	(-0.0215, 0.0019, 0.0161, -0.9996)	11	1361
112	(2.1915, -3.8285, 0.0003)	(-0.0219, 0.0023, 0.0162, -0.9996)	11	1373
113	(2.1271, -3.3436, -0.0723)	(-0.0221, 0.0025, 0.0162, -0.9996)	11	1384
114	(2.0058, -3.4182, -0.6196)	(-0.0223, 0.0029, 0.0164, -0.9996)	11	1395
115	(2.7338, -2.7884, 0.1608)	(-0.0226, 0.0031, 0.0162, -0.9996)	11	1406
116	(1.7595, -3.2932, -0.3754)	(-0.0225, 0.0035, 0.0163, -0.9996)	11	1417
117	(1.0281, -2.8242, 1.5566)	(-0.0225, 0.0037, 0.0159, -0.9996)	11	1428
118	(-0.6104, -2.9361, 2.0499)	(-0.0222, 0.0040, 0.0157, -0.9996)	11	1439
119	(-1.5798, -4.4437, 2.8153)	(-0.0219, 0.0049, 0.0152, -0.9996)	11	1450
120	(-2.9226, -3.9602, 2.7523)	(-0.0214, 0.0052, 0.0149, -0.9996)	11	1462
121	(-2.6822, -3.5873, 3.0473)	(-0.0212, 0.0055, 0.0145, -0.9997)	11	1473
122	(-2.4345, -4.0149, 3.1124)	(-0.0210, 0.0059, 0.0142, -0.9997)	11	1484
123	(-3.1070, -3.0341, 3.5236)	(-0.0206, 0.0060, 0.0138, -0.9997)	11	1495
124	(-2.3682, -4.2898, 4.4621)	(-0.0204, 0.0067, 0.0132, -0.9997)	11	1506
125	(-1.8842, -2.8838, 4.6096)	(-0.0203, 0.0067, 0.0127, -0.9997)	11	1517
126	(-1.6957, -3.8325, 6.0297)	(-0.0202, 0.0073, 0.0118, -0.9997)	11	1528
127	(-0.2359, -3.5371, 5.2930)	(-0.0204, 0.0075, 0.0115, -0.9997)	11	1540
128	(2.3219, -3.3357, 6.0079)	(-0.0210, 0.0078, 0.0106, -0.9997)	11	1551
129	(3.4840, -5.1072, 5.7999)	(-0.0215, 0.0087, 0.0101, -0.9997)	11	1562
130	(7.1487, -6.4062, 4.7799)	(-0.0230, 0.0095, 0.0098, -0.9996)	11	1573
131	(9.8380, -8.4568, 5.3625)	(-0.0245, 0.0108, 0.0092, -0.9996)	11	1584
132	(11.3705, -12.5078, 3.9752)	(-0.0259, 0.0128, 0.0092, -0.9995)	11	1595
133	(12.5341, -15.1337, 3.4184)	(-0.0274, 0.0148, 0.0089, -0.9995)	11	1606
134	(17.4851, -19.1627, 2.8729)	(-0.0301, 0.0175, 0.0087, -0.9994)	11	1617
135	(20.4921, -26.0134, 1.3604)	(-0.0326, 0.0215, 0.0090, -0.9992)	11	1628
136	(22.3270, -28.8204, 0.8624)	(-0.0352, 0.0249, 0.0091, -0.9990)	11	1640
137	(25.9376, -32.6487, 1.2322)	(-0.0385, 0.0288, 0.0089, -0.9988)	11	1651
138	(26.2450, -34.9864, 0.0084)	(-0.0411, 0.0326, 0.0093, -0.9986)	11	1662
139	(29.3008, -38.0482, -0.9743)	(-0.0446, 0.0369, 0.0096, -0.9983)	11	1673
140	(30.7709, -39.4609, -1.5565)	(-0.0478, 0.0410, 0.0098, -0.9980)	11	1684
141	(30.1051, -40.6586, -0.5007)	(-0.0505, 0.0452, 0.0097, -0.9977)	11	1695
142	(30.2235, -40.1811, -0.9340)	(-0.0535, 0.0489, 0.0100, -0.9973)	11	1706
143	(30.2138, -37.5311, -2.5719)	(-0.0565, 0.0521, 0.0106, -0.9970)	11	1717
144	(31.0642, -35.8258, -2.3628)	(-0.0597, 0.0553, 0.0108, -0.9966)	11	1729
145	(28.7928, -32.3338, -4.3772)	(-0.0621, 0.0577, 0.0116, -0.9963)	11	1740
146	(27.8656, -28.8805, -5.0505)	(-0.0647, 0.0598, 0.0122, -0.9960)	11	1751
147	(22.6723, -24.8113, -5.3003)	(-0.0659, 0.0614, 0.0128, -0.9959)	11	1762
148	(19.9131, -19.5129, -5.2159)	(-0.0674, 0.0624, 0.0132, -0.9957)	11	1773
149	(16.3727, -17.5457, -4.2727)	(-0.0684, 0.0637, 0.0135, -0.9955)	11	1784
150	(15.6908, -12.7222, -3.7558)	(-0.0699, 0.0640, 0.0137, -0.9954)	11	1795
151	(13.9135, -9.7231, -2.8386)	(-0.0709, 0.0644, 0.0137, -0.9953)	11	1806
152	(11.5281, -6.0342, -1.2012)	(-0.0717, 0.0643, 0.0135, -0.9953)	11	1817
153	(9.5113, -3.3977, -0.0929)	(-0.0722, 0.0642, 0.0132, -0.9952)	11	1829
154	(5.8435, -1.0672, 0.7176)	(-0.0721, 0.0639, 0.0130, -0.9953)	11	1840
155	(3.8867, 2.9062, 1.9818)	(-0.0719, 0.0630, 0.0125, -0.9953)	11	1851
156	(-0.1461, 6.1269, 1.8658)	(-0.0713, 0.0618, 0.0123, -0.9955)	11	1862
157	(-3.9327, 7.9095, 2.7563)	(-0.0703, 0.0607, 0.0118, -0.9956)	11	1873
158	(-6.0115, 11.9349, 3.2305)	(-0.0693, 0.0588, 0.0113, -0.9958)	11	1884
159	(-8.9499, 15.9700, 3.9472)	(-0.0679, 0.0566, 0.0107, -0.9960)	11	1895
160	(-12.4366, 19.1437, 4.5628)	(-0.0661, 0.0542, 0.0101, -0.9963)	11	1906
161	(-15.9166, 21.9584, 5.2485)	(-0.0639, 0.0516, 0.0094, -0.9966)	11	1918
162	(-19.5861, 24.9514, 5.9884)	(-0.0613, 0.0486, 0.0086, -0.9969)	11	1929
163	(-21.7224, 27.1631, 7.0484)	(-0.0588, 0.0456, 0.0077, -0.9972)	11	1940
164	(-23.4978, 28.4349, 6.6619)	(-0.0561, 0.0427, 0.0070, -0.9975)	11	1951
165	(-24.3528, 28.6131, 6.4777)	(-0.0536, 0.0398, 0.0064, -0.9977)	11	1962
166	(-25.2808, 32.4337, 5.8543)	(-0.0510, 0.0359, 0.0059, -0.9980)	11	1973
167	(-26.2609, 34.7548, 6.0564)	(-0.0482, 0.0321, 0.0052, -0.9983)	11	1984
168	(-28.9527, 37.2179, 4.6760)	(-0.0449, 0.0280, 0.0050, -0.9986)	11	1996
169	(-31.4636, 40.3471, 5.8388)	(-0.0414, 0.0234, 0.0041, -0.9989)	11	2007
170	(-31.9584, 42.6400, 4.9417)	(-0.0383, 0.0188, 0.0037, -0.9991)	11	2018
171	(-34.0944, 44.7958, 6.0601)	(-0.0346, 0.0141, 0.0027, -0.9993)	11	2029
172	(-35.2558, 45.6912, 5.4333)	(-0.0310, 0.0094, 0.0022, -0.9995)	11	2040
173	(-37.3318, 47.0595, 6.9335)	(-0.0270, 0.0046, 0.0011, -0.9996)	11	2051
174	(-38.0053, 47.8464, 6.5592)	(-0.0232, -0.0002, 0.0004, -0.9997)	11	2062
175	(-37.4559, 48.2118, 6.4873)	(-0.0198, -0.0049, -0.0003, -0.9998)	11	2073
176	(-35.0797, 48.6817, 5.5556)	(-0.0168, -0.0098, -0.0008, -0.9998)	11	2084
177	(-33.0131, 49.3383, 4.8098)	(-0.0140, -0.0147, -0.0012, -0.9998)	11	2096
178	(-31.9158, 50.3661, 4.3568)	(-0.0112, -0.0198, -0.0017, -0.9997)	11	2107
179	(-30.7579, 49.9243, 3.6930)	(-0.0085, -0.0246, -0.0021, -0.9997)	11	2118
180	(-30.3247, 48.4596, 3.4181)	(-0.0057, -0.0290, -0.0025, -0.9996)	11	2129
181	(-30.1363, 46.8852, 3.9355)	(-0.0029, -0.0333, -0.0031, -0.9994)	11	2140
182	(-30.6232, 44.8238, 4.4647)	(0.0002, -0.0372, -0.0038, -0.9993)	11	2151
183	(-29.0914, 43.7138, 3.5730)	(0.0028, -0.0412, -0.0040, -0.9991)	11	2162
184	(-28.5985, 40.6463, 2.4721)	(0.0055, -0.0446, -0.0042, -0.9990)	11	2174
185	(-26.8917, 40.4995, 1.3775)	(0.0078, -0.0485, -0.0043, -0.9988)	11	2185
186	(-26.1605, 39.4698, 1.6363)	(0.0102, -0.0521, -0.0046, -0.9986)	11	2196
187	(-25.4176, 35.9420, 1.7682)	(0.0125, -0.0548, -0.0049, -0.9984)	11	2207
188	(-25.7793, 33.3689, 1.0889)	(0.0150, -0.0576, -0.0050, -0.9982)	11	2218
189	(-24.6144, 31.1289, 1.7427)	(0.0171, -0.0602, -0.0053, -0.9980)	11	2229
190	(-25.4618, 28.5159, 1.9180)	(0.0197, -0.0625, -0.0057, -0.9978)	11	2240
191	(-25.0271, 27.0048, 2.4334)	(0.0220, -0.0648, -0.0061, -0.9976)	11	2252
192	(-24.8408, 25.0940, 1.3788)	(0.0244, -0.0668, -0.0061, -0.9974)	11	2263
193	(-24.6496, 22.0506, 1.4396)	(0.0267, -0.0684, -0.0064, -0.9973)	11	2274
194	(-22.1470, 20.6453, 1.1516)	(0.0284, -0.0702, -0.0065, -0.9971)	11	2285
195	(-20.8016, 18.5593, 0.4003)	(0.0302, -0.0716, -0.0065, -0.9970)	11	2296
196	(-18.9059, 16.5980, -0.1664)	(0.0317, -0.0729, -0.0065, -0.9968)	11	2307
197	(-17.0739, 15.7590, 0.3829)	(0.0329, -0.0742, -0.0066, -0.9967)	11	2318
198	(-15.2340, 12.9432, -0.5326)	(0.0340, -0.0749, -0.0064, -0.9966)	11	2329
199	(-15.7181, 11.0367, -1.3451)	(0.0356, -0.0757, -0.0063, -0.9965)	11	2340
200	(-13.8843, 9.5940, -0.6521)	(0.0366, -0.0763, -0.0065, -0.9964)	11	2352
201	(-13.2105, 8.1225, -0.9905)	(0.0378, -0.0768, -0.0064, -0.9963)	11	2363
202	(-12.7815, 5.9870, -1.3148)	(0.0389, -0.0770, -0.0063, -0.9963)	11	2374
203	(-11.6160, 3.8765, -3.2207)	(0.0399, -0.0770, -0.0057, -0.9962)	11	2385
204	(-10.8267, 3.9796, -4.0775)	(0.0408, -0.0774, -0.0052, -0.9962)	11	2396
205	(-10.5822, 2.3913, -4.2292)	(0.0418, -0.0773, -0.0049, -0.9961)	11	2407
206	(-11.2546, 2.5010, -4.9617)	(0.0430, -0.0776, -0.0043, -0.9961)	11	2418
207	(-10.8878, 1.3698, -6.5188)	(0.0440, -0.0774, -0.0035, -0.9960)	11	2429
208	(-10.7014, 0.9682, -5.4816)	(0.0450, -0.0774, -0.0033, -0.9960)	11	2440
209	(-9.8446, -0.3740, -5.9433)	(0.0459, -0.0771, -0.0027, -0.9960)	11	2452
210	(-10.5185, 0.6443, -6.2021)	(0.0471, -0.0773, -0.0022, -0.9959)	11	2463
211	(-10.8805, -0.9193, -5.6833)	(0.0482, -0.0770, -0.0019, -0.9959)	11	2474
212	(-10.8861, 1.2007, -5.8461)	(0.0493, -0.0774, -0.0013, -0.9958)	11	2485
213	(-12.2214, -0.7905, -5.1957)	(0.0508, -0.0769, -0.0011, -0.9957)	11	2496
214	(-13.6798, -2.6301, -5.7607)	(0.0525, -0.0762, -0.0006, -0.9957)	11	2507
215	(-13.1860, -4.3744, -4.6344)	(0.0537, -0.0756, -0.0005, -0.9957)	11	2519
216	(-12.0295, -4.3909, -5.4898)	(0.0547, -0.0752, 0.0000, -0.9957)	11	2530
217	(-10.8715, -4.8270, -6.1537)	(0.0556, -0.0746, 0.0006, -0.9957)	11	2541
218	(-10.5043, -5.3231, -6.6310)	(0.0565, -0.0740, 0.0012, -0.9957)	11	2552
219	(-7.6936, -6.4977, -7.4050)	(0.0567, -0.0731, 0.0020, -0.9957)	11	2563
220	(-5.3087, -8.2430, -6.7076)	(0.0568, -0.0720, 0.0024, -0.9958)	11	2574
221	(-5.0651, -9.7760, -7.2265)	(0.0573, -0.0708, 0.0031, -0.9958)	11	2585
222	(-2.6203, -11.1221, -7.6928)	(0.0571, -0.0695, 0.0038, -0.9959)	11	2596
223	(-3.5930, -11.7959, -7.5563)	(0.0577, -0.0682, 0.0044, -0.9960)	11	2608
224	(-2.3109, -13.8191, -8.3087)	(0.0578, -0.0665, 0.0053, -0.9961)	11	2619
225	(-1.8174, -16.2500, -8.2611)	(0.0579, -0.0644, 0.0059, -0.9962)	11	2630
226	(-1.5649, -18.2547, -7.7982)	(0.0579, -0.0623, 0.0065, -0.9964)	11	2641
227	(1.1788, -20.0905, -8.4385)	(0.0573, -0.0599, 0.0074, -0.9965)	11	2652
228	(3.4422, -22.6670, -9.4286)	(0.0567, -0.0572, 0.0083, -0.9967)	11	2663
229	(4.3026, -25.4752, -9.9237)	(0.0562, -0.0541, 0.0092, -0.9969)	11	2674
230	(6.6242, -28.1710, -10.6027)	(0.0552, -0.0509, 0.0102, -0.9971)	11	2685
231	(9.3140, -30.5929, -10.2586)	(0.0538, -0.0474, 0.0110, -0.9974)	11	2697
232	(12.0619, -31.5102, -10.4942)	(0.0522, -0.0442, 0.0120, -0.9976)	11	2708
233	(14.0215, -33.5865, -10.8185)	(0.0506, -0.0404, 0.0130, -0.9978)	11	2719
234	(18.3502, -33.7015, -10.8289)	(0.0481, -0.0370, 0.0140, -0.9981)	11	2730
235	(18.4120, -34.2160, -12.1630)	(0.0465, -0.0335, 0.0153, -0.9982)	11	2741
236	(21.4042, -34.7811, -10.0896)	(0.0438, -0.0299, 0.0159, -0.9985)	11	2752
237	(25.0685, -35.1429, -10.0931)	(0.0408, -0.0263, 0.0168, -0.9987)	11	2763
238	(28.6696, -35.3122, -9.9172)	(0.0376, -0.0228, 0.0177, -0.9989)	11	2774
239	(31.1732, -36.0159, -8.6919)	(0.0342, -0.0190, 0.0184, -0.9991)	11	2786
240	(33.3697, -36.6344, -9.1092)	(0.0307, -0.0152, 0.0192, -0.9992)	11	2797
241	(36.3611, -35.3250, -7.9889)	(0.0267, -0.0119, 0.0197, -0.9994)	11	2808
242	(39.2271, -34.8264, -7.5840)	(0.0225, -0.0085, 0.0204, -0.9995)	11	2819
243	(40.2036, -35.1156, -6.9690)	(0.0185, -0.0049, 0.0210, -0.9996)	11	2830
244	(42.7583, -32.5719, -7.8229)	(0.0139, -0.0021, 0.0219, -0.9997)	11	2841
245	(43.6056, -30.5190, -8.7763)	(0.0096, 0.0006, 0.0229, -0.9997)	11	2852
246	(44.5203, -29.6693, -8.9792)	(0.0052, 0.0035, 0.0237, -0.9997)	11	2863
247	(44.0315, -28.4976, -8.2120)	(0.0010, 0.0062, 0.0243, -0.9997)	11	2874
248	(46.9484, -26.3183, -8.9967)	(-0.0041, 0.0085, 0.0253, -0.9996)	11	2885
249	(46.2756, -24.9007, -8.2281)	(-0.0084, 0.0108, 0.0259, -0.9996)	11	2896
250	(46.8254, -24.4703, -7.9352)	(-0.0131, 0.0132, 0.0266, -0.9995)	11	2908
251	(47.0724, -23.2746, -6.0723)	(-0.0176, 0.0154, 0.0268, -0.9994)	11	2919
252	(46.7038, -21.5979, -4.7035)	(-0.0220, 0.0173, 0.0271, -0.9992)	11	2930
253	(45.9678, -20.2459, -4.0593)	(-0.0263, 0.0191, 0.0274, -0.9991)	11	2941
254	(44.2511, -17.2108, -4.4243)	(-0.0303, 0.0203, 0.0279, -0.9989)	11	2952
255	(43.6376, -14.7691, -4.2257)	(-0.0344, 0.0215, 0.0282, -0.9988)	11	2963
256	(42.1093, -12.7423, -3.2896)	(-0.0382, 0.0224, 0.0283, -0.9986)	11	2974
257	(41.6193, -9.8940, -0.9087)	(-0.0421, 0.0230, 0.0279, -0.9985)	11	2986
258	(40.6392, -10.2048, -1.2027)	(-0.0457, 0.0242, 0.0280, -0.9983)	11	2997
259	(39.3553, -7.1358, 0.0149)	(-0.0492, 0.0244, 0.0276, -0.9981)	11	3008
260	(39.0544, -6.4132, 2.5526)	(-0.0529, 0.0251, 0.0268, -0.9979)	11	3019
261	(37.5769, -3.5195, 1.1600)	(-0.0562, 0.0249, 0.0269, -0.9977)	11	3030
262	(36.5348, -1.9410, 0.8910)	(-0.0596, 0.0249, 0.0268, -0.9976)	11	3041
263	(35.6161, 1.2262, 1.3161)	(-0.0629, 0.0243, 0.0265, -0.9974)	11	3052
264	(33.8477, 0.7010, 2.3043)	(-0.0659, 0.0244, 0.0261, -0.9972)	11	3064
265	(33.3524, 3.1102, 1.2218)	(-0.0691, 0.0237, 0.0260, -0.9970)	11	3075
266	(31.8837, 4.5396, 2.5988)	(-0.0719, 0.0231, 0.0254, -0.9968)	11	3086
267	(31.3975, 3.9274, 2.3666)	(-0.0748, 0.0229, 0.0251, -0.9966)	11	3097
268	(30.9074, 5.7082, 3.2475)	(-0.0778, 0.0221, 0.0244, -0.9964)	11	3108
269	(30.1196, 4.6806, 3.6938)	(-0.0805, 0.0220, 0.0238, -0.9962)	11	3119
270	(30.4860, 5.4930, 4.4715)	(-0.0836, 0.0214, 0.0232, -0.9960)	11	3130
271	(28.4092, 5.9101, 4.2861)	(-0.0860, 0.0208, 0.0227, -0.9958)	11	3142
272	(27.4291, 7.5355, 3.5240)	(-0.0885, 0.0198, 0.0223, -0.9956)	11	3153
273	(26.5707, 8.6164, 2.7153)	(-0.0908, 0.0189, 0.0221, -0.9954)	11	3164
274	(24.4971, 7.9445, 2.7350)	(-0.0928, 0.0183, 0.0218, -0.9953)	11	3175
275	(22.6023, 8.2853, 1.6353)	(-0.0946, 0.0175, 0.0217, -0.9951)	11	3186
276	(23.2063, 8.6800, 0.2241)	(-0.0970, 0.0167, 0.0218, -0.9949)	11	3197
277	(21.9333, 6.8624, 0.6935)	(-0.0989, 0.0163, 0.0214, -0.9947)	11	3208
278	(23.0921, 7.7496, 2.2568)	(-0.1014, 0.0155, 0.0208, -0.9945)	11	3219
279	(21.5055, 7.0756, 2.1492)	(-0.1032, 0.0151, 0.0205, -0.9943)	11	3230
280	(21.5040, 7.1817, 1.4778)	(-0.1053, 0.0145, 0.0204, -0.9941)	11	3242
281	(20.5928, 6.6841, 1.0042)	(-0.1071, 0.0140, 0.0203, -0.9939)	11	3253
282	(17.4790, 6.5475, 0.4098)	(-0.1082, 0.0134, 0.0203, -0.9938)	11	3264
283	(15.7075, 5.9142, -0.4818)	(-0.1093, 0.0130, 0.0204, -0.9937)	11	3275
284	(13.2075, 6.0357, -0.5399)	(-0.1101, 0.0124, 0.0203, -0.9936)	11	3286
285	(13.0865, 6.0878, -0.7808)	(-0.1113, 0.0118, 0.0204, -0.9935)	11	3297
286	(11.4345, 6.1397, -1.2060)	(-0.1122, 0.0113, 0.0206, -0.9934)	11	3308
287	(12.4200, 3.8804, -1.4666)	(-0.1135, 0.0113, 0.0208, -0.9933)	11	3319
288	(11.5028, 4.3810, -0.7418)	(-0.1145, 0.0108, 0.0207, -0.9932)	11	3331
289	(12.1110, 3.6982, -1.3991)	(-0.1157, 0.0106, 0.0209, -0.9930)	11	3342
290	(10.0439, 2.5992, -1.5539)	(-0.1162, 0.0106, 0.0211, -0.9929)	11	3353
291	(8.3361, 2.1629, -1.7861)	(-0.1167, 0.0104, 0.0213, -0.9929)	11	3364
292	(6.5676, 1.7592, -0.7373)	(-0.1170, 0.0102, 0.0211, -0.9928)	11	3375
293	(5.3447, 2.4271, -0.7472)	(-0.1174, 0.0099, 0.0211, -0.9928)	11	3386
294	(3.5763, 1.6413, -0.1770)	(-0.1173, 0.0099, 0.0211, -0.9928)	11	3397
295	(2.1099, 2.5948, -1.2902)	(-0.1173, 0.0095, 0.0214, -0.9928)	11	3408
296	(1.3199, 1.6644, -1.9385)	(-0.1173, 0.0096, 0.0216, -0.9928)	11	3419
297	(-0.3818, 1.1736, -2.0437)	(-0.1172, 0.0094, 0.0218, -0.9928)	11	3430
298	(-0.7470, 0.9400, -1.4258)	(-0.1172, 0.0093, 0.0219, -0.9928)	11	3442
299	(-1.1804, 2.0957, -1.6938)	(-0.1170, 0.0090, 0.0221, -0.9928)	11	3453
300	(-3.1923, 1.6552, -2.1081)	(-0.1165, 0.0088, 0.0224, -0.9929)	11	3464
301	(-2.8246, 1.7887, -1.4997)	(-0.1163, 0.0086, 0.0224, -0.9929)	11	3475
302	(-3.6143, 1.6162, -0.9448)	(-0.1158, 0.0084, 0.0225, -0.9930)	11	3486
303	(-4.4126, 1.9749, -1.2586)	(-0.1152, 0.0081, 0.0226, -0.9930)	11	3497
304	(-4.9560, 1.8002, -0.8244)	(-0.1146, 0.0078, 0.0226, -0.9931)	11	3508
305	(-4.8377, 2.2179, -1.3823)	(-0.1142, 0.0075, 0.0228, -0.9932)	11	3519
306	(-6.0594, 2.7105, -1.0226)	(-0.1134, 0.0071, 0.0228, -0.9933)	11	3531
307	(-8.6195, 1.5466, -1.2376)	(-0.1122, 0.0070, 0.0230, -0.9934)	11	3542
308	(-9.5410, 3.6880, -0.6030)	(-0.1112, 0.0063, 0.0229, -0.9935)	11	3553
309	(-11.2438, 2.0605, 0.2242)	(-0.1098, 0.0063, 0.0227, -0.9937)	11	3564
310	(-12.2199, 2.2952, -0.2639)	(-0.1084, 0.0060, 0.0228, -0.9938)	11	3575
311	(-12.0356, 2.3640, 0.2776)	(-0.1073, 0.0058, 0.0227, -0.9940)	11	3586
312	(-13.3154, 2.2887, -0.5065)	(-0.1058, 0.0055, 0.0229, -0.9941)	11	3597
313	(-13.3801, 2.1398, -1.5959)	(-0.1045, 0.0053, 0.0232, -0.9942)	11	3608
314	(-13.4416, 1.4093, -1.7641)	(-0.1032, 0.0053, 0.0235, -0.9944)	11	3619
315	(-14.5390, 2.1281, -2.0842)	(-0.1016, 0.0049, 0.0237, -0.9945)	11	3631
316	(-16.0024, 0.6097, -1.8034)	(-0.0998, 0.0050, 0.0238, -0.9947)	11	3642
317	(-17.9541, 1.7084, -1.6996)	(-0.0977, 0.0047, 0.0238, -0.9949)	11	3653
318	(-19.3552, 0.8696, -0.9464)	(-0.0955, 0.0047, 0.0238, -0.9951)	11	3664
319	(-21.4242, -0.9972, -0.0503)	(-0.0930, 0.0051, 0.0237, -0.9954)	11	3675
320	(-24.2304, -0.4679, -0.8422)	(-0.0902, 0.0049, 0.0239, -0.9956)	11	3686
321	(-23.9248, -0.5768, -0.0514)	(-0.0880, 0.0049, 0.0238, -0.9958)	11	3697
322	(-25.8166, -1.0781, -0.6422)	(-0.0852, 0.0050, 0.0240, -0.9961)	11	3708
323	(-26.1210, -0.2081, 0.1936)	(-0.0826, 0.0049, 0.0238, -0.9963)	11	3720
324	(-28.7416, -1.8419, 0.7719)	(-0.0793, 0.0053, 0.0237, -0.9966)	11	3731
325	(-29.5336, -2.1650, -0.1231)	(-0.0763, 0.0055, 0.0240, -0.9968)	11	3742
326	(-31.1157, -3.8540, 0.7623)	(-0.0730, 0.0060, 0.0238, -0.9970)	11	3753
327	(-31.3625, -3.6102, 0.9411)	(-0.0700, 0.0062, 0.0237, -0.9972)	11	3764
328	(-31.7892, -3.3266, 0.0271)	(-0.0668, 0.0064, 0.0238, -0.9975)	11	3775
329	(-32.0363, -2.3912, 0.9757)	(-0.0636, 0.0064, 0.0236, -0.9977)	11	3786
330	(-34.7212, -2.2277, 0.1966)	(-0.0598, 0.0066, 0.0237, -0.9979)	11	3797
331	(-34.2881, -2.9456, 0.8734)	(-0.0566, 0.0070, 0.0236, -0.9981)	11	3808
332	(-36.7934, -4.1374, -0.6741)	(-0.0525, 0.0075, 0.0240, -0.9983)	11	3819
333	(-38.9270, -3.1506, 0.1075)	(-0.0484, 0.0075, 0.0240, -0.9985)	11	3831
334	(-40.0885, -3.3145, -1.8994)	(-0.0444, 0.0078, 0.0245, -0.9987)	11	3842
335	(-40.2715, -3.6872, -2.1946)	(-0.0404, 0.0081, 0.0248, -0.9988)	11	3853
336	(-41.1905, -3.7673, -3.2257)	(-0.0362, 0.0084, 0.0253, -0.9990)	11	3864
337	(-42.7784, -4.3979, -3.9977)	(-0.0317, 0.0088, 0.0259, -0.9991)	11	3875
338	(-44.2406, -5.0921, -5.0778)	(-0.0272, 0.0093, 0.0266, -0.9992)	11	3886
339	(-46.1904, -6.4782, -4.1917)	(-0.0223, 0.0099, 0.0269, -0.9993)	11	3897
340	(-47.1636, -7.2753, -4.4760)	(-0.0175, 0.0106, 0.0275, -0.9994)	11	3908
341	(-47.2255, -8.2633, -5.1881)	(-0.0128, 0.0114, 0.0282, -0.9995)	11	3920
342	(-45.9378, -9.5407, -5.0403)	(-0.0086, 0.0124, 0.0287, -0.9995)	11	3931
343	(-44.0461, -9.9759, -5.7064)	(-0.0045, 0.0134, 0.0294, -0.9995)	11	3942
344	(-44.5887, -12.2077, -4.5672)	(0.0000, 0.0148, 0.0298, -0.9994)	11	3953
345	(-41.9632, -12.0832, -4.5145)	(0.0036, 0.0159, 0.0303, -0.9994)	11	3964
346	(-41.2377, -11.1694, -4.6552)	(0.0075, 0.0167, 0.0307, -0.9994)	11	3975
347	(-43.2517, -11.9464, -6.6472)	(0.0121, 0.0180, 0.0317, -0.9993)	11	3986
348	(-42.6983, -13.6648, -7.2835)	(0.0162, 0.0195, 0.0325, -0.9992)	11	3997
349	(-42.7643, -11.8205, -6.4052)	(0.0203, 0.0202, 0.0331, -0.9990)	11	4008
350	(-42.3971, -13.0650, -7.9029)	(0.0244, 0.0216, 0.0341, -0.9989)	11	4020
351	(-41.2388, -12.5607, -7.1270)	(0.0281, 0.0226, 0.0347, -0.9987)	11	4031
352	(-39.3439, -14.0308, -7.4691)	(0.0316, 0.0240, 0.0356, -0.9986)	11	4042
353	(-38.1275, -12.7644, -8.2876)	(0.0350, 0.0249, 0.0366, -0.9984)	11	4053
354	(-34.2811, -12.1991, -7.7611)	(0.0377, 0.0259, 0.0373, -0.9983)	11	4064
355	(-33.4863, -13.3518, -7.3741)	(0.0409, 0.0273, 0.0380, -0.9981)	11	4075
356	(-31.8393, -14.3327, -7.8454)	(0.0437, 0.0288, 0.0389, -0.9979)	11	4086
357	(-29.3312, -15.2330, -7.5315)	(0.0462, 0.0304, 0.0396, -0.9977)	11	4097
358	(-29.9424, -15.7142, -6.9708)	(0.0492, 0.0319, 0.0402, -0.9975)	11	4108
359	(-27.3139, -17.0576, -7.3176)	(0.0514, 0.0337, 0.0409, -0.9973)	11	4120
360	(-26.2769, -17.1226, -7.7483)	(0.0538, 0.0353, 0.0417, -0.9971)	11	4131
361	(-25.0012, -15.1502, -6.5734)	(0.0561, 0.0364, 0.0421, -0.9969)	11	4142
362	(-24.2020, -16.6248, -7.3354)	(0.0583, 0.0383, 0.0430, -0.9966)	11	4153
363	(-23.4114, -16.7599, -7.8213)	(0.0604, 0.0398, 0.0438, -0.9964)	11	4164
364	(-22.0719, -16.3396, -8.3256)	(0.0623, 0.0413, 0.0447, -0.9962)	11	4175
365	(-21.0975, -16.3410, -8.4486)	(0.0642, 0.0428, 0.0455, -0.9960)	11	4186
366	(-21.3395, -16.2899, -8.9981)	(0.0663, 0.0444, 0.0464, -0.9957)	11	4197
367	(-20.3618, -17.2605, -8.6725)	(0.0681, 0.0461, 0.0471, -0.9955)	11	4208
368	(-19.4400, -18.3960, -7.7428)	(0.0700, 0.0480, 0.0476, -0.9953)	11	4220
369	(-19.1337, -19.1800, -7.4819)	(0.0718, 0.0499, 0.0483, -0.9950)	11	4231
370	(-19.0095, -20.2668, -6.9112)	(0.0736, 0.0520, 0.0489, -0.9947)	11	4242
371	(-16.6841, -21.8483, -7.1321)	(0.0749, 0.0543, 0.0495, -0.9945)	11	4253
372	(-16.1333, -24.1622, -6.9670)	(0.0764, 0.0570, 0.0501, -0.9942)	11	4264
373	(-14.9651, -27.3083, -8.8519)	(0.0778, 0.0601, 0.0512, -0.9938)	12	4276
374	(-15.9435, -28.9770, -10.0339)	(0.0796, 0.0632, 0.0522, -0.9935)	10	4286
375	(-14.4694, -32.4107, -11.1875)	(0.0808, 0.0670, 0.0533, -0.9930)	11	4297
376	(-14.8945, -34.9223, -11.9250)	(0.0824, 0.0708, 0.0543, -0.9926)	11	4308
377	(-13.7315, -35.8711, -10.5707)	(0.0837, 0.0744, 0.0549, -0.9922)	11	4319
378	(-12.5628, -37.9389, -10.7156)	(0.0847, 0.0785, 0.0557, -0.9917)	11	4330
379	(-10.0623, -38.8679, -11.4936)	(0.0854, 0.0825, 0.0567, -0.9913)	11	4341
380	(-9.5754, -38.8070, -11.6221)	(0.0863, 0.0863, 0.0576, -0.9909)	11	4353
381	(-8.1072, -39.2408, -11.9209)	(0.0870, 0.0903, 0.0585, -0.9904)	11	4364
382	(-6.8287, -39.8039, -12.6455)	(0.0875, 0.0943, 0.0596, -0.9899)	11	4375
383	(-5.7947, -38.2782, -12.5534)	(0.0879, 0.0977, 0.0606, -0.9895)	11	4386
384	(-4.5734, -38.9640, -13.3956)	(0.0883, 0.1017, 0.0617, -0.9890)	11	4397
385	(-5.1260, -36.9817, -11.9122)	(0.0889, 0.1049, 0.0624, -0.9885)	11	4408
386	(-3.2346, -36.7964, -11.9215)	(0.0890, 0.1084, 0.0633, -0.9881)	11	4419
387	(-3.1703, -35.5921, -9.6349)	(0.0895, 0.1116, 0.0636, -0.9877)	11	4430
388	(-3.2385, -33.5854, -9.7381)	(0.0899, 0.1146, 0.0645, -0.9872)	11	4442
389	(-1.9003, -32.1782, -9.5873)	(0.0899, 0.1175, 0.0651, -0.9868)	11	4453
390	(-2.0196, -30.9111, -7.2957)	(0.0903, 0.1202, 0.0652, -0.9865)	11	4464
391	(-1.2278, -29.5896, -5.1967)	(0.0904, 0.1229, 0.0651, -0.9861)	11	4475
392	(-0.8619, -28.4701, -4.2421)	(0.0905, 0.1255, 0.0652, -0.9858)	11	4486
393	(1.0802, -27.0406, -3.0639)	(0.0902, 0.1279, 0.0651, -0.9855)	11	4497
394	(0.1713, -24.7625, -1.6427)	(0.0905, 0.1299, 0.0648, -0.9853)	11	4509
395	(0.2266, -23.6551, -1.2418)	(0.0906, 0.1320, 0.0648, -0.9850)	11	4520
396	(0.3998, -21.5748, -0.8552)	(0.0905, 0.1337, 0.0646, -0.9848)	11	4531
397	(1.6148, -19.4541, -1.3306)	(0.0903, 0.1353, 0.0647, -0.9846)	11	4542
398	(0.1585, -18.8912, -0.6054)	(0.0907, 0.1370, 0.0645, -0.9843)	11	4553
399	(0.0376, -17.2657, 1.3071)	(0.0908, 0.1384, 0.0639, -0.9841)	11	4564
400	(0.8227, -16.0784, 2.7396)	(0.0907, 0.1397, 0.0632, -0.9840)	11	4575
401	(0.2128, -14.2259, 4.0427)	(0.0910, 0.1407, 0.0625, -0.9839)	11	4587
402	(-1.0018, -13.8420, 4.9538)	(0.0915, 0.1418, 0.0618, -0.9837)	11	4598
403	(-1.6834, -10.3931, 3.7879)	(0.0918, 0.1422, 0.0617, -0.9836)	11	4609
404	(-2.7303, -6.9909, 3.4192)	(0.0923, 0.1423, 0.0615, -0.9836)	11	4620
405	(-3.5280, -6.7540, 3.2967)	(0.0928, 0.1429, 0.0612, -0.9835)	11	4631
406	(-3.7729, -4.8586, 3.6253)	(0.0934, 0.1430, 0.0608, -0.9834)	11	4642
407	(-4.0167, -5.6396, 4.0651)	(0.0940, 0.1436, 0.0604, -0.9833)	11	4653
408	(-4.0158, -5.4411, 4.7933)	(0.0945, 0.1439, 0.0598, -0.9832)	11	4664
409	(-3.2200, -5.2634, 4.4842)	(0.0948, 0.1444, 0.0594, -0.9832)	11	4675
410	(-5.1765, -3.8468, 5.5540)	(0.0957, 0.1444, 0.0588, -0.9831)	11	4686
411	(-4.3252, -3.8803, 3.9104)	(0.0960, 0.1448, 0.0587, -0.9830)	11	4697
412	(-6.4033, -2.5949, 4.1938)	(0.0970, 0.1447, 0.0584, -0.9830)	11	4708
413	(-6.5913, -1.0809, 3.7977)	(0.0976, 0.1445, 0.0583, -0.9830)	11	4720
414	(-6.7806, -0.3949, 1.5935)	(0.0982, 0.1444, 0.0586, -0.9829)	11	4731
415	(-7.9363, -1.2474, 1.6770)	(0.0992, 0.1446, 0.0585, -0.9828)	11	4742
416	(-7.0192, -0.6233, 2.4511)	(0.0996, 0.1444, 0.0582, -0.9828)	11	4753
417	(-7.0822, -0.6233, 2.4513)	(0.1003, 0.1444, 0.0580, -0.9827)	11	4764
418	(-5.4367, -0.2425, 3.0452)	(0.1006, 0.1443, 0.0576, -0.9827)	11	4775
419	(-6.2289, -0.1907, 2.5602)	(0.1014, 0.1442, 0.0576, -0.9827)	11	4786
420	(-4.8290, 1.0645, 1.7414)	(0.1015, 0.1438, 0.0576, -0.9827)	11	4797
421	(-5.1988, 2.0970, 1.6015)	(0.1021, 0.1434, 0.0577, -0.9827)	11	4809
422	(-3.7396, 3.1330, 1.5134)	(0.1022, 0.1429, 0.0576, -0.9828)	11	4820
423	(-4.1623, 3.0861, 2.3051)	(0.1028, 0.1425, 0.0574, -0.9828)	11	4831
424	(-3.0627, 1.1372, 2.1008)	(0.1028, 0.1427, 0.0573, -0.9827)	11	4842
425	(-1.8959, 0.9849, 3.5020)	(0.1030, 0.1425, 0.0567, -0.9828)	11	4853
426	(-0.5517, 0.5181, 4.3598)	(0.1030, 0.1424, 0.0561, -0.9828)	11	4864
427	(0.1804, -0.1833, 5.5273)	(0.1030, 0.1425, 0.0553, -0.9829)	11	4875
428	(1.4026, -2.7354, 5.7583)	(0.1027, 0.1432, 0.0546, -0.9828)	11	4886
429	(1.5877, -3.0282, 6.2499)	(0.1027, 0.1435, 0.0538, -0.9828)	11	4898
430	(0.2507, -4.1091, 7.1851)	(0.1031, 0.1440, 0.0529, -0.9828)	11	4909
431	(-1.3329, -4.1251, 6.5208)	(0.1035, 0.1443, 0.0525, -0.9827)	11	4920
432	(-1.1489, -4.3663, 6.4679)	(0.1036, 0.1446, 0.0518, -0.9827)	11	4931
433	(-2.2466, -4.0278, 5.4861)	(0.1041, 0.1449, 0.0514, -0.9826)	11	4942
434	(-4.4447, -2.8625, 5.7780)	(0.1050, 0.1448, 0.0509, -0.9826)	11	4953
435	(-4.5106, -2.3357, 4.9724)	(0.1055, 0.1450, 0.0506, -0.9825)	11	4964
436	(-5.9708, -2.7543, 5.2941)	(0.1064, 0.1453, 0.0501, -0.9824)	11	4975
437	(-6.0935, -4.6579, 4.6006)	(0.1070, 0.1460, 0.0498, -0.9822)	11	4986
438	(-6.2798, -3.6893, 4.3985)	(0.1076, 0.1461, 0.0495, -0.9822)	11	4998
439	(-5.7875, -3.9456, 3.6128)	(0.1081, 0.1464, 0.0493, -0.9821)	11	5009
440	(-6.2817, -3.3933, 3.7805)	(0.1088, 0.1465, 0.0490, -0.9820)	11	5020
441	(-6.8261, -3.2686, 4.0255)	(0.1096, 0.1467, 0.0486, -0.9819)	11	5031
442	(-6.6482, -1.9539, 2.8430)	(0.1102, 0.1466, 0.0487, -0.9818)	11	5042
443	(-4.6964, -2.4225, 3.5789)	(0.1104, 0.1468, 0.0482, -0.9818)	11	5053
444	(-3.9639, -1.8127, 3.6846)	(0.1107, 0.1468, 0.0480, -0.9818)	11	5064
445	(-1.7097, -0.0421, 3.6423)	(0.1105, 0.1466, 0.0479, -0.9818)	11	5075
446	(-1.4018, -1.6863, 3.5544)	(0.1107, 0.1469, 0.0476, -0.9818)	11	5086
447	(-1.2183, -1.1260, 4.3320)	(0.1108, 0.1468, 0.0470, -0.9818)	11	5098
448	(-0.1270, 0.5237, 4.5987)	(0.1108, 0.1465, 0.0466, -0.9819)	11	5109
449	(-2.1366, -0.0081, 5.2846)	(0.1114, 0.1464, 0.0459, -0.9819)	11	5120
450	(-1.8393, 1.6017, 3.9756)	(0.1114, 0.1460, 0.0459, -0.9819)	11	5131
451	(-4.3402, 1.3353, 2.8900)	(0.1122, 0.1458, 0.0459, -0.9819)	11	5142
452	(-3.0676, 3.0836, 2.1188)	(0.1123, 0.1453, 0.0459, -0.9819)	11	5153
453	(-2.3355, 3.1937, 1.3250)	(0.1124, 0.1450, 0.0460, -0.9819)	11	5164
454	(-2.8222, 4.2016, 3.0109)	(0.1130, 0.1442, 0.0455, -0.9820)	11	5175
455	(-2.1497, 3.1566, 2.5437)	(0.1129, 0.1443, 0.0454, -0.9820)	11	5186
456	(-1.4115, 2.9550, 4.6164)	(0.1131, 0.1437, 0.0445, -0.9821)	11	5198
457	(-0.9241, 2.9568, 4.6721)	(0.1131, 0.1434, 0.0442, -0.9822)	11	5209
458	(-0.3752, 3.8176, 5.0193)	(0.1131, 0.1428, 0.0436, -0.9823)	11	5220
459	(-1.0477, 4.6744, 5.2500)	(0.1134, 0.1421, 0.0432, -0.9824)	11	5231
460	(-1.5396, 5.7519, 4.2572)	(0.1137, 0.1414, 0.0431, -0.9825)	11	5242
461	(-2.5805, 6.7142, 3.8119)	(0.1141, 0.1405, 0.0430, -0.9825)	11	5253
462	(-3.3208, 9.2707, 3.7625)	(0.1145, 0.1392, 0.0428, -0.9827)	11	5264
463	(-3.5729, 11.0853, 3.2404)	(0.1149, 0.1378, 0.0428, -0.9828)	11	5275
464	(-3.3309, 13.0416, 3.4405)	(0.1150, 0.1363, 0.0427, -0.9830)	11	5287
465	(-1.5014, 12.5510, 3.1419)	(0.1149, 0.1352, 0.0425, -0.9832)	11	5298
466	(-1.6872, 14.6552, 4.6846)	(0.1151, 0.1334, 0.0421, -0.9835)	11	5309
467	(-0.4047, 14.5734, 3.7100)	(0.1148, 0.1320, 0.0421, -0.9837)	11	5320
468	(-1.1390, 14.7556, 3.7085)	(0.1150, 0.1305, 0.0419, -0.9839)	11	5331
469	(-0.4698, 16.2395, 4.8321)	(0.1149, 0.1287, 0.0415, -0.9841)	11	5342
470	(0.0106, 18.1038, 3.6376)	(0.1148, 0.1267, 0.0416, -0.9844)	11	5353
471	(-1.6969, 17.6117, 3.4695)	(0.1153, 0.1251, 0.0416, -0.9845)	11	5364
472	(-2.6754, 18.7560, 2.9630)	(0.1157, 0.1231, 0.0417, -0.9847)	11	5375
473	(-3.2275, 18.8645, 2.1673)	(0.1160, 0.1212, 0.0419, -0.9849)	11	5387
474	(-2.8009, 20.0740, 1.9586)	(0.1162, 0.1190, 0.0420, -0.9852)	11	5398
475	(-2.4955, 19.8456, 2.5115)	(0.1164, 0.1171, 0.0418, -0.9854)	11	5409
476	(-2.4326, 19.9672, 2.5718)	(0.1166, 0.1151, 0.0418, -0.9856)	11	5420
477	(-2.4288, 19.5103, 3.9825)	(0.1168, 0.1133, 0.0414, -0.9858)	11	5431
478	(-1.7028, 19.9287, 3.4228)	(0.1168, 0.1113, 0.0413, -0.9860)	11	5442
479	(-2.1916, 21.7903, 5.1486)	(0.1171, 0.1088, 0.0408, -0.9863)	11	5453
480	(-2.9816, 21.6139, 5.5206)	(0.1175, 0.1067, 0.0406, -0.9865)	11	5464
481	(-2.7991, 22.7929, 6.5946)	(0.1177, 0.1042, 0.0401, -0.9868)	11	5475
482	(-3.4140, 23.5881, 6.8836)	(0.1180, 0.1018, 0.0397, -0.9870)	11	5486
483	(-3.9667, 24.3146, 6.6246)	(0.1184, 0.0992, 0.0395, -0.9872)	11	5498
484	(-3.9065, 25.8480, 7.1427)	(0.1187, 0.0964, 0.0391, -0.9875)	11	5509
485	(-3.7887, 26.1296, 6.1012)	(0.1190, 0.0939, 0.0389, -0.9877)	11	5520
486	(-3.9082, 25.9516, 6.3512)	(0.1193, 0.0913, 0.0385, -0.9879)	11	5531
487	(-3.8429, 25.4184, 6.8480)	(0.1195, 0.0889, 0.0381, -0.9881)	11	5542
488	(-3.0547, 26.3867, 6.5802)	(0.1196, 0.0861, 0.0378, -0.9884)	11	5553
489	(-2.7523, 26.7469, 6.2688)	(0.1197, 0.0835, 0.0376, -0.9886)	11	5564
490	(-1.7722, 27.1816, 6.7434)	(0.1196, 0.0807, 0.0371, -0.9888)	11	5575
491	(-1.8332, 27.2701, 7.9603)	(0.1198, 0.0780, 0.0364, -0.9891)	11	5586
492	(-0.3726, 27.1326, 7.0492)	(0.1195, 0.0754, 0.0362, -0.9893)	11	5598
493	(-1.3450, 26.4028, 7.2441)	(0.1197, 0.0729, 0.0357, -0.9895)	11	5609
494	(-0.3678, 24.8681, 6.6029)	(0.1195, 0.0707, 0.0354, -0.9897)	11	5620
495	(1.2187, 23.7869, 7.3522)	(0.1192, 0.0685, 0.0348, -0.9899)	11	5631
496	(-0.5531, 25.6002, 6.5887)	(0.1195, 0.0656, 0.0347, -0.9901)	11	5642
497	(0.4800, 24.9256, 6.2960)	(0.1192, 0.0633, 0.0344, -0.9902)	11	5653
498	(0.4772, 25.7063, 5.8570)	(0.1192, 0.0607, 0.0343, -0.9904)	11	5664
499	(-0.1285, 26.2864, 4.6286)	(0.1192, 0.0581, 0.0344, -0.9906)	11	5676
500	(1.5104, 26.4689, 4.5000)	(0.1187, 0.0555, 0.0342, -0.9908)	11	5687
501	(-0.7401, 27.7478, 4.4808)	(0.1191, 0.0525, 0.0342, -0.9909)	11	5698
502	(1.6864, 28.0783, 2.6365)	(0.1183, 0.0499, 0.0345, -0.9911)	11	5709
503	(0.5280, 28.1971, 2.6375)	(0.1184, 0.0471, 0.0345, -0.9912)	11	5720
504	(0.9481, 29.5929, 2.3049)	(0.1180, 0.0440, 0.0348, -0.9914)	11	5731
505	(1.6109, 33.5049, 0.2162)	(0.1175, 0.0402, 0.0355, -0.9916)	11	5742
506	(2.0256, 35.4681, -2.2558)	(0.1171, 0.0366, 0.0366, -0.9918)	11	5753
507	(1.5827, 41.8301, -3.7213)	(0.1168, 0.0316, 0.0377, -0.9919)	11	5764
508	(1.5080, 44.9530, -5.7290)	(0.1165, 0.0268, 0.0392, -0.9921)	11	5775
509	(-0.1476, 50.8495, -6.3922)	(0.1166, 0.0210, 0.0407, -0.9921)	11	5787
510	(1.1206, 52.8668, -6.0705)	(0.1160, 0.0156, 0.0419, -0.9922)	11	5798
511	(1.1212, 53.8752, -4.3861)	(0.1158, 0.0102, 0.0426, -0.9923)	11	5809
512	(1.3691, 55.0811, -2.0371)	(0.1154, 0.0046, 0.0431, -0.9924)	11	5820
513	(0.5745, 55.7369, 0.0743)	(0.1153, -0.0009, 0.0434, -0.9924)	11	5831
514	(1.6142, 56.2616, 1.8283)	(0.1146, -0.0064, 0.0436, -0.9924)	11	5842
515	(2.2251, 57.0467, 1.5647)	(0.1141, -0.0121, 0.0441, -0.9924)	11	5853
516	(3.3857, 56.7653, 2.5395)	(0.1133, -0.0176, 0.0442, -0.9924)	11	5864
517	(3.8115, 56.0297, 2.3757)	(0.1127, -0.0229, 0.0446, -0.9924)	11	5875
518	(4.3665, 54.5817, 2.8895)	(0.1120, -0.0280, 0.0447, -0.9923)	11	5887
519	(3.6404, 51.4132, 2.7725)	(0.1116, -0.0324, 0.0449, -0.9922)	11	5898
520	(4.2626, 48.6296, 3.7363)	(0.1108, -0.0366, 0.0448, -0.9922)	11	5909
521	(4.6425, 43.8276, 4.2610)	(0.1101, -0.0401, 0.0447, -0.9921)	11	5920
522	(4.2249, 39.5229, 5.0812)	(0.1096, -0.0433, 0.0444, -0.9920)	11	5931
523	(4.2354, 35.3808, 5.1647)	(0.1091, -0.0461, 0.0443, -0.9920)	11	5942
524	(4.6755, 30.9860, 4.6399)	(0.1084, -0.0484, 0.0442, -0.9919)	11	5953
525	(2.1809, 26.4658, 4.3150)	(0.1085, -0.0503, 0.0440, -0.9918)	11	5964
526	(2.4397, 21.2197, 3.8708)	(0.1081, -0.0514, 0.0438, -0.9918)	11	5975
527	(2.5202, 13.9652, 3.4676)	(0.1078, -0.0516, 0.0435, -0.9919)	11	5987
528	(1.8563, 8.6564, 3.0904)	(0.1077, -0.0515, 0.0433, -0.9919)	11	5998
529	(3.0920, 2.4948, 2.6046)	(0.1073, -0.0506, 0.0431, -0.9920)	11	6009
530	(2.7392, -3.9804, 1.4547)	(0.1071, -0.0493, 0.0430, -0.9921)	11	6020
531	(3.0578, -8.2640, 0.5047)	(0.1068, -0.0477, 0.0429, -0.9922)	11	6031
532	(3.4310, -11.8897, -1.0022)	(0.1064, -0.0459, 0.0431, -0.9923)	11	6042
533	(3.8667, -17.6462, -2.5921)	(0.1060, -0.0432, 0.0433, -0.9925)	11	6053
534	(6.0725, -22.0445, -3.1163)	(0.1052, -0.0402, 0.0434, -0.9927)	11	6064
535	(5.4183, -28.6203, -3.0448)	(0.1050, -0.0364, 0.0433, -0.9929)	11	6075
536	(5.1844, -31.7984, -3.6493)	(0.1047, -0.0327, 0.0435, -0.9930)	11	6087
537	(5.9857, -36.6333, -4.7098)	(0.1042, -0.0282, 0.0436, -0.9932)	11	6098
538	(5.8102, -40.1750, -5.1870)	(0.1038, -0.0237, 0.0438, -0.9934)	11	6109
539	(6.6042, -42.3388, -6.6045)	(0.1032, -0.0192, 0.0441, -0.9935)	11	6120
540	(6.6105, -45.4633, -7.3939)	(0.1028, -0.0142, 0.0444, -0.9936)	11	6131
541	(6.7403, -47.2997, -7.9064)	(0.1023, -0.0092, 0.0447, -0.9937)	11	6142
542	(7.4134, -48.8387, -8.7297)	(0.1017, -0.0040, 0.0451, -0.9938)	11	6153
543	(7.4787, -51.5021, -8.0069)	(0.1012, 0.0016, 0.0452, -0.9938)	11	6165
544	(7.6621, -51.8153, -8.4874)	(0.1006, 0.0068, 0.0456, -0.9939)	11	6176
545	(7.9664, -51.3737, -7.6448)	(0.1001, 0.0118, 0.0457, -0.9939)	11	6187
546	(6.7493, -49.6394, -6.2118)	(0.0998, 0.0164, 0.0456, -0.9938)	11	6198
547	(6.6815, -47.7515, -6.2496)	(0.0994, 0.0208, 0.0458, -0.9938)	11	6209
548	(6.3140, -47.5702, -6.3151)	(0.0990, 0.0255, 0.0460, -0.9937)	11	6220
549	(6.6768, -45.8026, -6.1116)	(0.0986, 0.0297, 0.0460, -0.9936)	11	6231
550	(5.7002, -44.3841, -5.2849)	(0.0984, 0.0337, 0.0460, -0.9935)	11	6242
551	(4.5896, -39.3575, -3.7984)	(0.0982, 0.0368, 0.0458, -0.9934)	11	6253
552	(4.1606, -37.7237, -4.1962)	(0.0980, 0.0402, 0.0459, -0.9933)	11	6265
553	(4.6971, -33.7409, -3.1797)	(0.0975, 0.0428, 0.0457, -0.9933)	11	6276
554	(3.0415, -28.3482, -1.3958)	(0.0976, 0.0446, 0.0454, -0.9932)	11	6287
555	(4.1365, -25.7164, -0.9658)	(0.0971, 0.0467, 0.0452, -0.9931)	11	6298
556	(2.7246, -21.6030, 0.6602)	(0.0972, 0.0480, 0.0448, -0.9931)	11	6309
557	(3.1438, -19.2168, 1.1543)	(0.0969, 0.0494, 0.0445, -0.9931)	11	6320
558	(3.6248, -16.0905, 1.9994)	(0.0966, 0.0504, 0.0441, -0.9931)	11	6331
559	(3.3806, -15.1881, 1.3756)	(0.0965, 0.0517, 0.0439, -0.9930)	11	6342
560	(3.0050, -11.2198, 2.0289)	(0.0963, 0.0521, 0.0436, -0.9930)	11	6353
561	(2.6971, -8.6932, 3.2545)	(0.0961, 0.0525, 0.0430, -0.9931)	11	6364
562	(3.2390, -6.1569, 2.1664)	(0.0958, 0.0526, 0.0429, -0.9931)	11	6376
563	(3.3566, -4.1217, 3.4064)	(0.0955, 0.0527, 0.0423, -0.9931)	11	6387
564	(2.1941, -2.2313, 3.5548)	(0.0955, 0.0525, 0.0420, -0.9932)	11	6398
565	(2.9863, -1.5290, 5.0600)	(0.0950, 0.0525, 0.0411, -0.9932)	11	6409
566	(2.9813, 0.2210, 4.7158)	(0.0948, 0.0522, 0.0407, -0.9933)	11	6420
567	(1.8244, 0.8637, 6.2279)	(0.0948, 0.0519, 0.0399, -0.9933)	11	6431
568	(1.7561, 2.1165, 5.1102)	(0.0946, 0.0515, 0.0397, -0.9934)	11	6442
569	(2.9772, 2.7480, 5.9463)	(0.0941, 0.0511, 0.0390, -0.9935)	11	6453
570	(3.1585, 2.7227, 4.7278)	(0.0938, 0.0509, 0.0388, -0.9935)	11	6464
571	(2.1834, 2.4042, 4.0678)	(0.0938, 0.0508, 0.0386, -0.9935)	11	6475
572	(2.9703, 4.0458, 3.9695)	(0.0934, 0.0500, 0.0382, -0.9936)	11	6487
573	(2.7254, 3.0627, 3.5037)	(0.0932, 0.0500, 0.0379, -0.9937)	11	6498
574	(3.5257, 2.1611, 4.1317)	(0.0928, 0.0497, 0.0372, -0.9937)	11	6509
575	(2.9730, 3.8242, 5.1352)	(0.0926, 0.0489, 0.0366, -0.9938)	11	6520
576	(4.2550, 4.2420, 4.5109)	(0.0920, 0.0485, 0.0362, -0.9939)	11	6531
577	(5.0466, 4.4960, 5.1155)	(0.0914, 0.0480, 0.0357, -0.9940)	11	6542
578	(5.8393, 4.2027, 5.5424)	(0.0907, 0.0476, 0.0351, -0.9941)	11	6553
579	(8.7675, 4.4432, 5.1057)	(0.0893, 0.0470, 0.0346, -0.9943)	11	6564
580	(9.8004, 6.7100, 5.6004)	(0.0883, 0.0460, 0.0340, -0.9945)	11	6576
581	(11.4433, 6.4957, 4.0210)	(0.0869, 0.0455, 0.0339, -0.9946)	11	6587
582	(10.8340, 7.0359, 3.8861)	(0.0859, 0.0448, 0.0335, -0.9947)	11	6598
583	(13.7639, 6.4188, 3.2206)	(0.0839, 0.0443, 0.0333, -0.9949)	11	6609
584	(15.5856, 7.9058, 1.4234)	(0.0821, 0.0434, 0.0334, -0.9951)	11	6620
585	(17.4742, 8.3700, 0.2472)	(0.0801, 0.0425, 0.0335, -0.9953)	11	6631
586	(17.9568, 10.3839, 0.4512)	(0.0783, 0.0413, 0.0334, -0.9955)	11	6642
587	(19.3613, 10.1961, 0.1476)	(0.0761, 0.0404, 0.0335, -0.9957)	11	6653
588	(21.0669, 10.6069, -0.8324)	(0.0738, 0.0394, 0.0337, -0.9959)	11	6664
589	(21.4927, 10.5610, -0.0433)	(0.0716, 0.0384, 0.0336, -0.9961)	11	6675
590	(24.1168, 10.9881, -0.3056)	(0.0687, 0.0373, 0.0336, -0.9964)	11	6687
591	(25.0866, 13.1893, 0.0705)	(0.0660, 0.0358, 0.0336, -0.9966)	11	6698
592	(27.4109, 12.4661, 0.3814)	(0.0629, 0.0348, 0.0335, -0.9968)	11	6709
593	(29.4794, 12.7680, 0.1862)	(0.0597, 0.0337, 0.0335, -0.9971)	11	6720
594	(30.7019, 13.0385, 1.2755)	(0.0566, 0.0325, 0.0332, -0.9973)	11	6731
595	(32.5355, 13.4068, 1.2626)	(0.0531, 0.0313, 0.0332, -0.9975)	11	6742
596	(33.6949, 12.6053, 0.9093)	(0.0495, 0.0303, 0.0331, -0.9978)	11	6753
597	(37.9610, 14.4385, 0.7339)	(0.0450, 0.0287, 0.0331, -0.9980)	11	6764
598	(39.9119, 12.9520, -0.3916)	(0.0409, 0.0279, 0.0333, -0.9982)	11	6775
599	(41.4313, 14.7744, -0.9191)	(0.0366, 0.0263, 0.0334, -0.9984)	11	6787
600	(42.0451, 13.9022, -1.8758)	(0.0323, 0.0252, 0.0337, -0.9986)	11	6798
601	(44.2963, 13.9416, -2.8557)	(0.0276, 0.0240, 0.0340, -0.9988)	11	6809
602	(46.6190, 13.6424, -2.7993)	(0.0227, 0.0228, 0.0342, -0.9989)	11	6820
603	(46.9241, 13.0923, -2.8463)	(0.0181, 0.0217, 0.0344, -0.9990)	11	6831
604	(47.7790, 13.7310, -1.6489)	(0.0133, 0.0204, 0.0343, -0.9991)	11	6842
605	(48.6319, 13.3403, -2.8563)	(0.0084, 0.0193, 0.0347, -0.9992)	11	6853
606	(48.9998, 12.8518, -2.9734)	(0.0035, 0.0183, 0.0349, -0.9992)	11	6864
607	(48.2100, 11.8001, -3.6764)	(-0.0011, 0.0175, 0.0353, -0.9992)	11	6875
608	(49.4226, 12.1459, -4.7223)	(-0.0062, 0.0164, 0.0358, -0.9992)	11	6887
609	(49.0616, 11.9598, -4.8434)	(-0.0109, 0.0155, 0.0362, -0.9992)	11	6898
610	(49.5497, 11.6514, -4.8386)	(-0.0159, 0.0145, 0.0366, -0.9991)	11	6909
611	(49.8568, 11.0646, -3.9124)	(-0.0208, 0.0137, 0.0368, -0.9990)	11	6920
612	(50.1607, 10.5003, -4.6341)	(-0.0258, 0.0130, 0.0373, -0.9989)	11	6931
613	(50.1091, 8.1877, -4.6446)	(-0.0307, 0.0127, 0.0377, -0.9987)	11	6942
614	(51.0197, 8.7430, -4.4182)	(-0.0358, 0.0119, 0.0380, -0.9986)	11	6953
615	(50.4115, 8.3596, -5.1981)	(-0.0407, 0.0114, 0.0386, -0.9984)	11	6964
616	(49.8615, 7.8624, -5.6727)	(-0.0454, 0.0109, 0.0391, -0.9981)	11	6976
617	(49.0732, 7.2645, -4.9318)	(-0.0501, 0.0104, 0.0394, -0.9979)	11	6987
618	(48.2773, 6.1492, -5.9367)	(-0.0547, 0.0101, 0.0401, -0.9976)	11	6998
619	(47.9742, 6.5939, -4.9151)	(-0.0593, 0.0096, 0.0403, -0.9974)	11	7009
620	(49.3126, 7.8141, -4.9436)	(-0.0643, 0.0088, 0.0407, -0.9971)	11	7020
621	(46.7524, 6.4608, -5.4523)	(-0.0684, 0.0086, 0.0413, -0.9968)	11	7031
622	(46.3302, 6.2952, -4.5953)	(-0.0728, 0.0082, 0.0415, -0.9964)	11	7042
623	(46.5709, 6.4824, -4.4167)	(-0.0774, 0.0077, 0.0419, -0.9961)	11	7053
624	(45.1090, 6.6046, -4.2319)	(-0.0816, 0.0072, 0.0422, -0.9957)	11	7065
625	(44.6764, 7.8933, -3.8962)	(-0.0859, 0.0064, 0.0425, -0.9954)	11	7076
626	(44.4392, 6.6153, -3.6866)	(-0.0902, 0.0061, 0.0427, -0.9950)	11	7087
627	(43.2792, 8.1575, -2.6789)	(-0.0942, 0.0052, 0.0427, -0.9946)	11	7098
628	(41.6881, 9.2516, -2.8164)	(-0.0979, 0.0044, 0.0429, -0.9943)	11	7109
629	(37.6022, 8.8240, -2.4926)	(-0.1009, 0.0037, 0.0430, -0.9940)	11	7120
630	(34.6083, 9.1828, -2.6741)	(-0.1038, 0.0029, 0.0432, -0.9937)	11	7131
631	(33.3282, 10.2926, -2.0806)	(-0.1068, 0.0018, 0.0431, -0.9933)	11	7142
632	(29.7921, 10.3011, -1.4640)	(-0.1091, 0.0010, 0.0430, -0.9931)	11	7153
633	(28.8123, 9.9885, -1.5750)	(-0.1117, 0.0001, 0.0430, -0.9928)	11	7164
634	(26.1950, 10.0160, -0.1091)	(-0.1138, -0.0007, 0.0427, -0.9926)	11	7175
635	(23.2044, 9.8529, 0.7496)	(-0.1157, -0.0016, 0.0424, -0.9924)	11	7187
636	(22.5344, 9.2311, 0.3408)	(-0.1179, -0.0023, 0.0424, -0.9921)	11	7198
637	(19.8465, 10.8026, -0.1635)	(-0.1194, -0.0035, 0.0423, -0.9919)	11	7209
638	(19.5454, 9.7679, -0.0845)	(-0.1213, -0.0042, 0.0422, -0.9917)	11	7220
639	(16.4959, 9.0808, -0.7310)	(-0.1224, -0.0050, 0.0423, -0.9916)	11	7231
640	(16.0028, 9.8914, 0.2838)	(-0.1239, -0.0060, 0.0420, -0.9914)	11	7242
641	(15.2777, 7.9225, -0.7613)	(-0.1252, -0.0064, 0.0422, -0.9912)	11	7253
642	(14.1779, 7.3668, -0.9929)	(-0.1263, -0.0070, 0.0422, -0.9911)	11	7264
643	(11.7422, 7.2501, -0.6802)	(-0.1271, -0.0076, 0.0421, -0.9910)	11	7276
644	(11.6152, 7.7986, -0.4449)	(-0.1282, -0.0084, 0.0420, -0.9908)	11	7287
645	(6.9819, 6.3457, 0.1415)	(-0.1281, -0.0088, 0.0419, -0.9908)	11	7298
646	(4.7856, 6.7715, 0.3796)	(-0.1283, -0.0095, 0.0417, -0.9908)	11	7309
647	(4.1179, 6.3704, 1.4880)	(-0.1286, -0.0100, 0.0414, -0.9908)	11	7320
648	(1.0667, 6.0405, 0.4053)	(-0.1281, -0.0106, 0.0415, -0.9908)	11	7331
649	(-0.4533, 6.1526, 0.1100)	(-0.1279, -0.0112, 0.0414, -0.9909)	11	7342
650	(-2.6496, 6.0196, -0.3671)	(-0.1272, -0.0118, 0.0414, -0.9909)	11	7353
651	(-4.8481, 6.6094, -1.0418)	(-0.1264, -0.0125, 0.0416, -0.9910)	11	7365
652	(-7.7764, 5.9313, -1.2655)	(-0.1252, -0.0131, 0.0416, -0.9912)	11	7376
653	(-9.3666, 6.9702, -1.0358)	(-0.1241, -0.0140, 0.0416, -0.9913)	11	7387
654	(-12.2979, 7.2584, -1.5822)	(-0.1224, -0.0148, 0.0417, -0.9915)	11	7398
655	(-14.5507, 7.1998, -1.5114)	(-0.1206, -0.0156, 0.0417, -0.9917)	11	7409
656	(-17.1794, 8.3511, -1.5898)	(-0.1186, -0.0167, 0.0416, -0.9919)	11	7420
657	(-18.5847, 9.2184, -0.8138)	(-0.1166, -0.0178, 0.0414, -0.9922)	11	7431
658	(-19.9248, 8.4795, -1.0352)	(-0.1145, -0.0186, 0.0415, -0.9924)	11	7442
659	(-21.4519, 9.5196, -0.7485)	(-0.1123, -0.0198, 0.0413, -0.9926)	11	7453
660	(-22.7300, 9.0215, -1.2209)	(-0.1099, -0.0207, 0.0414, -0.9929)	11	7465
661	(-26.2109, 9.8826, -0.6217)	(-0.1068, -0.0219, 0.0411, -0.9932)	11	7476
662	(-28.6495, 8.3554, -0.7038)	(-0.1037, -0.0226, 0.0410, -0.9935)	11	7487
663	(-31.1456, 8.0810, 0.8250)	(-0.1003, -0.0235, 0.0405, -0.9939)	11	7498
664	(-32.3036, 7.9500, 0.6479)	(-0.0970, -0.0244, 0.0404, -0.9942)	11	7509
665	(-33.4024, 6.9054, 0.3061)	(-0.0937, -0.0251, 0.0403, -0.9945)	11	7520
666	(-35.1706, 7.8816, 0.2916)	(-0.0901, -0.0262, 0.0401, -0.9948)	11	7531
667	(-35.7188, 6.2104, -0.7600)	(-0.0865, -0.0267, 0.0402, -0.9951)	11	7542
668	(-38.9488, 5.7445, 0.4087)	(-0.0823, -0.0273, 0.0397, -0.9954)	11	7553
669	(-41.2090, 6.1672, 0.2295)	(-0.0779, -0.0282, 0.0396, -0.9958)	11	7565
670	(-43.0959, 4.2793, 0.3875)	(-0.0735, -0.0285, 0.0393, -0.9961)	11	7576
671	(-44.1305, 3.8708, 1.4342)	(-0.0691, -0.0290, 0.0389, -0.9964)	11	7587
672	(-45.1070, 4.1016, 0.7631)	(-0.0646, -0.0296, 0.0388, -0.9967)	11	7598
673	(-47.0637, 3.7012, -0.7390)	(-0.0598, -0.0301, 0.0389, -0.9970)	11	7609
674	(-46.8201, 5.1706, -0.2831)	(-0.0554, -0.0310, 0.0387, -0.9972)	11	7620
675	(-47.7320, 2.5981, -0.8978)	(-0.0506, -0.0309, 0.0388, -0.9975)	11	7631
676	(-50.1729, 3.8640, -1.5225)	(-0.0453, -0.0318, 0.0389, -0.9977)	11	7643
677	(-49.2589, 3.1392, -1.2074)	(-0.0407, -0.0322, 0.0387, -0.9979)	11	7654
678	(-52.4295, 3.4450, -0.9011)	(-0.0350, -0.0328, 0.0386, -0.9981)	11	7665
679	(-55.2402, 4.5542, -0.2459)	(-0.0292, -0.0336, 0.0383, -0.9983)	11	7676
680	(-55.6645, 3.5517, -1.6259)	(-0.0237, -0.0340, 0.0385, -0.9984)	11	7687
681	(-56.7025, 4.3592, -0.7239)	(-0.0181, -0.0347, 0.0382, -0.9985)	11	7698
682	(-57.1883, 4.1228, -0.2315)	(-0.0125, -0.0353, 0.0380, -0.9986)	11	7709
683	(-56.1530, 4.2269, -1.3292)	(-0.0073, -0.0359, 0.0381, -0.9986)	11	7720
684	(-55.2383, 3.5098, -0.6482)	(-0.0021, -0.0363, 0.0379, -0.9986)	11	7732
685	(-56.1516, 3.9301, -1.0201)	(0.0035, -0.0370, 0.0378, -0.9986)	11	7743
686	(-56.5183, 4.1802, -0.5378)	(0.0090, -0.0377, 0.0375, -0.9985)	11	7754
687	(-55.9657, 3.9584, 0.3174)	(0.0142, -0.0382, 0.0372, -0.9985)	11	7765
688	(-55.3583, 4.3272, 0.6686)	(0.0195, -0.0389, 0.0369, -0.9984)	11	7776
689	(-55.4759, 3.2343, 0.6910)	(0.0250, -0.0392, 0.0366, -0.9982)	11	7787
690	(-55.2958, 4.3209, 0.3654)	(0.0303, -0.0401, 0.0365, -0.9981)	11	7798
691	(-54.2570, 4.2122, 0.8507)	(0.0354, -0.0407, 0.0361, -0.9979)	11	7809
692	(-54.3878, 5.7237, 0.3344)	(0.0407, -0.0416, 0.0359, -0.9977)	11	7820
693	(-55.7799, 3.7984, 1.4070)	(0.0463, -0.0418, 0.0354, -0.9974)	11	7831
694	(-55.4800, 4.7535, 0.5345)	(0.0516, -0.0427, 0.0353, -0.9971)	11	7843
695	(-57.5548, 4.8216, 0.9054)	(0.0575, -0.0434, 0.0348, -0.9968)	11	7854
696	(-56.8191, 4.3382, 1.2790)	(0.0628, -0.0439, 0.0344, -0.9965)	11	7865
697	(-57.3748, 6.0965, 0.8219)	(0.0684, -0.0450, 0.0343, -0.9961)	11	7876
698	(-58.0450, 5.7244, 0.5854)	(0.0740, -0.0456, 0.0340, -0.9956)	11	7887
699	(-59.8153, 5.1120, 0.4199)	(0.0801, -0.0462, 0.0337, -0.9951)	11	7898
700	(-60.9119, 4.9620, -0.6607)	(0.0861, -0.0469, 0.0337, -0.9946)	11	7909
701	(-61.0976, 5.4422, -1.2190)	(0.0921, -0.0477, 0.0336, -0.9940)	11	7920
702	(-62.6239, 5.2953, -2.1269)	(0.0984, -0.0484, 0.0336, -0.9934)	11	7931
703	(-64.9458, 4.6682, -2.9598)	(0.1051, -0.0489, 0.0337, -0.9927)	11	7942
704	(-67.6285, 5.0452, -2.2902)	(0.1121, -0.0497, 0.0335, -0.9919)	11	7953
705	(-71.5958, 4.9096, -2.5161)	(0.1196, -0.0504, 0.0335, -0.9910)	11	7964
706	(-70.8585, 3.7612, -2.1919)	(0.1262, -0.0508, 0.0334, -0.9901)	11	7976
707	(-70.6221, 5.0302, -2.8303)	(0.1329, -0.0517, 0.0335, -0.9892)	11	7987
708	(-69.6373, 3.9521, -1.8961)	(0.1394, -0.0521, 0.0332, -0.9883)	11	7998
709	(-70.0049, 4.6980, -1.2408)	(0.1461, -0.0530, 0.0330, -0.9873)	11	8009
710	(-69.4576, 5.6052, -1.6840)	(0.1526, -0.0539, 0.0329, -0.9863)	11	8020
711	(-70.1263, 5.4990, -0.7074)	(0.1594, -0.0546, 0.0326, -0.9852)	11	8031
712	(-70.7374, 5.3369, 0.3331)	(0.1662, -0.0554, 0.0321, -0.9840)	11	8042
713	(-69.0878, 6.1404, 0.6095)	(0.1725, -0.0564, 0.0317, -0.9829)	11	8053
714	(-68.2277, 4.9547, 2.1525)	(0.1788, -0.0569, 0.0309, -0.9818)	11	8064
715	(-66.7029, 5.0138, 2.1468)	(0.1848, -0.0577, 0.0304, -0.9806)	11	8075
716	(-65.9772, 6.6186, 3.0276)	(0.1910, -0.0589, 0.0298, -0.9794)	11	8087
717	(-67.1390, 7.8924, 2.7022)	(0.1976, -0.0601, 0.0295, -0.9780)	11	8098
718	(-65.8571, 8.2390, 1.9592)	(0.2036, -0.0612, 0.0292, -0.9767)	11	8109
719	(-63.7283, 10.0171, 2.2832)	(0.2092, -0.0627, 0.0287, -0.9754)	11	8120
720	(-61.9575, 11.2005, 3.4726)	(0.2146, -0.0643, 0.0281, -0.9742)	11	8131
721	(-60.8029, 12.6702, 3.6170)	(0.2201, -0.0659, 0.0278, -0.9729)	11	8142
722	(-60.1379, 15.2959, 4.0540)	(0.2255, -0.0680, 0.0273, -0.9715)	11	8153
723	(-59.4654, 15.3814, 5.0857)	(0.2309, -0.0697, 0.0266, -0.9701)	11	8164
724	(-59.8886, 15.5819, 5.9353)	(0.2365, -0.0714, 0.0259, -0.9687)	11	8175
725	(-59.1641, 16.8547, 5.7245)	(0.2418, -0.0735, 0.0255, -0.9672)	11	8187
726	(-60.2009, 17.2401, 6.6922)	(0.2475, -0.0755, 0.0247, -0.9656)	11	8198
727	(-59.4022, 17.3912, 7.8424)	(0.2528, -0.0776, 0.0238, -0.9641)	11	8209
728	(-60.3218, 18.8656, 8.6048)	(0.2584, -0.0800, 0.0230, -0.9624)	11	8220
729	(-58.5506, 18.9294, 8.5411)	(0.2635, -0.0820, 0.0223, -0.9609)	11	8231
730	(-57.0861, 18.2077, 8.9746)	(0.2685, -0.0839, 0.0213, -0.9594)	11	8242
731	(-55.7976, 16.8153, 9.3650)	(0.2733, -0.0856, 0.0203, -0.9579)	11	8254
732	(-54.2162, 16.8069, 8.8743)	(0.2780, -0.0874, 0.0195, -0.9564)	11	8265
733	(-53.8443, 15.4878, 9.8151)	(0.2828, -0.0890, 0.0184, -0.9549)	11	8276
734	(-51.3442, 14.6834, 8.9716)	(0.2870, -0.0905, 0.0177, -0.9535)	11	8287
735	(-50.9120, 13.3908, 8.4472)	(0.2916, -0.0918, 0.0168, -0.9520)	11	8298
736	(-49.0178, 12.2951, 8.2178)	(0.2957, -0.0932, 0.0159, -0.9506)	11	8309
737	(-49.8100, 10.7813, 8.6796)	(0.3004, -0.0943, 0.0148, -0.9490)	11	8320
738	(-49.1901, 7.8470, 8.1878)	(0.3047, -0.0949, 0.0138, -0.9476)	11	8331
739	(-47.6660, 8.2163, 8.2388)	(0.3087, -0.0960, 0.0128, -0.9462)	11	8343
740	(-46.1361, 6.0135, 7.9126)	(0.3127, -0.0965, 0.0118, -0.9449)	11	8354
741	(-42.0507, 6.5585, 7.4606)	(0.3159, -0.0974, 0.0111, -0.9437)	11	8365
742	(-41.2588, 5.9441, 7.0473)	(0.3195, -0.0981, 0.0103, -0.9424)	11	8376
743	(-40.1559, 5.5279, 7.6016)	(0.3228, -0.0989, 0.0093, -0.9412)	11	8387
744	(-39.3008, 4.6038, 6.8855)	(0.3262, -0.0994, 0.0086, -0.9400)	11	8398
745	(-39.7856, 3.6892, 6.9683)	(0.3298, -0.1000, 0.0076, -0.9387)	11	8410
746	(-39.4172, 3.2713, 7.2159)	(0.3332, -0.1005, 0.0067, -0.9375)	11	8421
747	(-37.4035, 3.2248, 7.8802)	(0.3362, -0.1011, 0.0056, -0.9363)	11	8432
748	(-37.3999, 3.3910, 10.0678)	(0.3395, -0.1019, 0.0042, -0.9351)	11	8443
749	(-35.8100, 3.6029, 11.3402)	(0.3423, -0.1026, 0.0028, -0.9340)	11	8454
750	(-36.3055, 4.9513, 11.8008)	(0.3456, -0.1036, 0.0015, -0.9326)	11	8465
751	(-37.5189, 4.5964, 12.4179)	(0.3490, -0.1044, 0.0000, -0.9313)	11	8476
752	(-36.5434, 4.6734, 13.0255)	(0.3520, -0.1053, -0.0015, -0.9301)	11	8488
753	(-34.8958, 4.1350, 13.4549)	(0.3547, -0.1061, -0.0030, -0.9289)	11	8499
754	(-33.6805, 5.0122, 11.5458)	(0.3575, -0.1070, -0.0038, -0.9278)	11	8510
755	(-30.4462, 4.0840, 10.7656)	(0.3596, -0.1076, -0.0048, -0.9269)	11	8521
756	(-27.5203, 3.9868, 8.6881)	(0.3616, -0.1082, -0.0053, -0.9260)	11	8532
757	(-23.6193, 4.6442, 7.8740)	(0.3630, -0.1090, -0.0059, -0.9254)	11	8543
758	(-20.2059, 4.3549, 5.6159)	(0.3643, -0.1094, -0.0061, -0.9248)	11	8554
759	(-15.6904, 4.0237, 4.0247)	(0.3651, -0.1098, -0.0062, -0.9245)	11	8566
760	(-13.5601, 3.6872, 2.3206)	(0.3660, -0.1100, -0.0061, -0.9241)	11	8577
761	(-9.3499, 1.3329, 0.3477)	(0.3662, -0.1097, -0.0060, -0.9240)	11	8588
762	(-7.3288, -0.4376, -0.4062)	(0.3666, -0.1094, -0.0060, -0.9239)	11	8599
763	(-7.1522, -0.8266, -1.4972)	(0.3672, -0.1091, -0.0057, -0.9237)	11	8610
764	(-4.0382, -3.1976, -4.1987)	(0.3671, -0.1082, -0.0052, -0.9238)	11	8621
765	(-3.7902, -4.9342, -5.6861)	(0.3675, -0.1072, -0.0049, -0.9238)	11	8632
766	(-2.0175, -6.8542, -4.5543)	(0.3673, -0.1063, -0.0050, -0.9240)	11	8643
767	(-0.3084, -7.7868, -5.4558)	(0.3671, -0.1052, -0.0047, -0.9242)	11	8655
768	(2.3139, -9.1352, -6.0427)	(0.3665, -0.1039, -0.0044, -0.9246)	11	8666
769	(2.7411, -9.6006, -5.0621)	(0.3662, -0.1029, -0.0044, -0.9248)	11	8677
770	(5.3684, -10.8340, -5.8973)	(0.3654, -0.1015, -0.0041, -0.9253)	11	8688
771	(5.6123, -9.7327, -5.8001)	(0.3650, -0.1005, -0.0038, -0.9256)	11	8699
772	(5.6134, -10.3500, -6.0279)	(0.3645, -0.0992, -0.0036, -0.9259)	11	8710
773	(6.6533, -10.9475, -5.6528)	(0.3638, -0.0980, -0.0035, -0.9263)	11	8721
774	(8.3611, -10.2633, -5.0652)	(0.3629, -0.0971, -0.0034, -0.9268)	11	8732
775	(9.3368, -10.3733, -4.6368)	(0.3620, -0.0960, -0.0033, -0.9272)	11	8743
776	(11.2864, -10.4314, -4.5213)	(0.3608, -0.0948, -0.0031, -0.9278)	11	8755
777	(12.0838, -10.9899, -4.9986)	(0.3596, -0.0935, -0.0028, -0.9284)	11	8766
778	(13.6123, -12.0134, -4.4962)	(0.3582, -0.0921, -0.0028, -0.9291)	11	8777
779	(13.4311, -12.8649, -4.4213)	(0.3570, -0.0906, -0.0028, -0.9297)	11	8788
780	(14.9564, -12.8592, -4.2429)	(0.3555, -0.0893, -0.0028, -0.9304)	11	8799
781	(16.1760, -13.1878, -5.5155)	(0.3540, -0.0878, -0.0024, -0.9311)	11	8810
782	(16.9670, -13.0642, -5.4002)	(0.3524, -0.0864, -0.0023, -0.9319)	11	8821
783	(17.5768, -12.4756, -6.5694)	(0.3508, -0.0851, -0.0018, -0.9326)	11	8832
784	(18.7960, -14.1257, -6.7228)	(0.3490, -0.0833, -0.0016, -0.9334)	11	8843
785	(17.4536, -14.1973, -7.3237)	(0.3476, -0.0818, -0.0012, -0.9341)	11	8855
786	(18.1230, -14.7122, -8.7169)	(0.3459, -0.0801, -0.0005, -0.9348)	11	8866
787	(20.1410, -13.9615, -7.7025)	(0.3438, -0.0787, -0.0003, -0.9357)	11	8877
788	(20.0774, -14.6579, -8.9697)	(0.3421, -0.0769, 0.0004, -0.9365)	11	8888
789	(21.9697, -14.8387, -8.9716)	(0.3400, -0.0751, 0.0008, -0.9374)	11	8899
790	(22.2797, -17.2113, -8.8618)	(0.3379, -0.0728, 0.0011, -0.9383)	11	8910
791	(23.6839, -17.8378, -9.8887)	(0.3356, -0.0707, 0.0017, -0.9393)	11	8921
792	(23.1985, -19.1366, -10.6505)	(0.3336, -0.0684, 0.0022, -0.9402)	11	8932
793	(24.1124, -19.8557, -10.3355)	(0.3313, -0.0662, 0.0026, -0.9412)	11	8943
794	(25.2145, -20.8456, -10.9309)	(0.3288, -0.0637, 0.0031, -0.9422)	11	8954
795	(25.2191, -21.6056, -9.5140)	(0.3265, -0.0615, 0.0032, -0.9432)	11	8965
796	(26.9298, -22.3308, -9.2585)	(0.3239, -0.0590, 0.0035, -0.9443)	11	8977
797	(27.2347, -23.3839, -10.0905)	(0.3214, -0.0564, 0.0039, -0.9453)	11	8988
798	(27.4787, -22.5349, -10.2914)	(0.3189, -0.0541, 0.0044, -0.9462)	11	8999
799	(26.4426, -24.4568, -12.0744)	(0.3167, -0.0510, 0.0050, -0.9471)	11	9010
800	(25.1040, -25.3020, -11.6302)	(0.3147, -0.0482, 0.0053, -0.9479)	11	9021
801	(24.7338, -25.2167, -13.2726)	(0.3126, -0.0455, 0.0062, -0.9488)	11	9032
802	(25.0374, -25.5312, -13.8163)	(0.3103, -0.0426, 0.0068, -0.9497)	11	9043
803	(25.1600, -26.0713, -13.3824)	(0.3081, -0.0397, 0.0073, -0.9505)	11	9054
804	(22.5947, -25.5392, -14.0549)	(0.3065, -0.0369, 0.0081, -0.9511)	11	9065
805	(19.7286, -26.4167, -15.0585)	(0.3052, -0.0338, 0.0089, -0.9516)	11	9077
806	(17.5349, -27.7150, -15.7009)	(0.3040, -0.0306, 0.0096, -0.9521)	11	9088
807	(14.7855, -26.3140, -15.5952)	(0.3032, -0.0280, 0.0103, -0.9525)	11	9099
808	(12.4067, -26.1889, -15.2246)	(0.3025, -0.0253, 0.0109, -0.9528)	11	9110
809	(11.4864, -24.8462, -15.0087)	(0.3016, -0.0228, 0.0116, -0.9531)	11	9121
810	(8.9191, -23.0839, -15.1568)	(0.3013, -0.0205, 0.0124, -0.9532)	11	9132
811	(9.4041, -21.4196, -14.1564)	(0.3004, -0.0184, 0.0130, -0.9535)	11	9143
812	(6.5956, -19.2254, -13.8892)	(0.3004, -0.0165, 0.0138, -0.9536)	11	9154
813	(4.3370, -18.7194, -13.1033)	(0.3004, -0.0145, 0.0143, -0.9536)	11	9165
814	(2.8676, -14.7969, -11.8395)	(0.3005, -0.0135, 0.0150, -0.9536)	11	9176
815	(2.4973, -14.0244, -12.6434)	(0.3004, -0.0119, 0.0159, -0.9536)	11	9188
816	(2.0648, -12.9880, -12.6001)	(0.3004, -0.0105, 0.0168, -0.9536)	11	9199
817	(-0.1248, -12.9213, -12.2918)	(0.3009, -0.0089, 0.0175, -0.9535)	11	9210
818	(-0.6112, -13.2881, -12.2830)	(0.3011, -0.0073, 0.0183, -0.9534)	11	9221
819	(-0.4288, -11.9864, -11.0913)	(0.3012, -0.0062, 0.0189, -0.9533)	11	9232
820	(-1.5836, -13.3933, -11.2426)	(0.3017, -0.0043, 0.0195, -0.9532)	11	9243
821	(-2.4979, -13.2957, -9.5371)	(0.3021, -0.0030, 0.0198, -0.9531)	11	9254
822	(-4.5069, -13.6958, -8.3047)	(0.3029, -0.0015, 0.0200, -0.9528)	11	9265
823	(-4.6859, -14.7111, -7.3112)	(0.3034, 0.0002, 0.0200, -0.9527)	11	9276
824	(-4.5661, -14.4052, -7.1976)	(0.3038, 0.0016, 0.0202, -0.9525)	11	9288
825	(-4.1308, -15.5323, -5.8376)	(0.3042, 0.0033, 0.0200, -0.9524)	11	9299
826	(-5.2338, -14.6239, -5.8527)	(0.3049, 0.0046, 0.0201, -0.9522)	11	9310
827	(-6.8806, -14.0124, -5.7972)	(0.3059, 0.0059, 0.0202, -0.9518)	11	9321
828	(-8.1039, -13.3496, -6.0530)	(0.3069, 0.0072, 0.0204, -0.9515)	11	9332
829	(-10.4183, -12.4551, -3.9304)	(0.3082, 0.0082, 0.0201, -0.9511)	11	9343
830	(-10.4219, -10.4945, -3.2377)	(0.3092, 0.0090, 0.0202, -0.9507)	11	9354
831	(-10.4857, -9.6840, -2.5274)	(0.3103, 0.0098, 0.0200, -0.9504)	11	9365
832	(-7.9780, -11.5306, -0.6670)	(0.3107, 0.0110, 0.0193, -0.9502)	11	9377
833	(-5.2230, -13.0560, 2.0272)	(0.3108, 0.0122, 0.0183, -0.9502)	11	9388
834	(-1.7382, -13.8723, 3.5550)	(0.3105, 0.0135, 0.0173, -0.9503)	11	9399
835	(0.2177, -15.5481, 4.8587)	(0.3102, 0.0150, 0.0161, -0.9504)	11	9410
836	(1.1997, -17.4042, 6.3577)	(0.3101, 0.0166, 0.0146, -0.9505)	11	9421
837	(-1.9050, -18.0027, 6.9281)	(0.3108, 0.0181, 0.0134, -0.9502)	11	9432
838	(-3.7369, -17.0400, 6.5479)	(0.3114, 0.0193, 0.0124, -0.9500)	11	9443
839	(-4.5309, -18.2621, 6.4548)	(0.3120, 0.0209, 0.0112, -0.9498)	11	9454
840	(-4.7679, -18.7835, 7.8046)	(0.3126, 0.0224, 0.0097, -0.9496)	11	9465
841	(-3.2390, -20.1141, 8.1301)	(0.3127, 0.0242, 0.0082, -0.9495)	11	9477
842	(-3.3514, -20.6465, 11.6707)	(0.3131, 0.0257, 0.0060, -0.9493)	11	9488
843	(-2.1295, -21.9480, 13.3981)	(0.3132, 0.0276, 0.0037, -0.9493)	11	9499
844	(-0.8377, -24.3028, 14.2941)	(0.3131, 0.0297, 0.0014, -0.9492)	11	9510
845	(-0.7707, -23.8205, 17.0872)	(0.3133, 0.0312, -0.0014, -0.9492)	11	9521
846	(-0.5847, -24.9156, 16.9829)	(0.3133, 0.0331, -0.0037, -0.9491)	11	9532
847	(-0.1004, -23.7606, 16.9010)	(0.3133, 0.0347, -0.0060, -0.9490)	11	9543
848	(1.1707, -23.1540, 16.8221)	(0.3130, 0.0362, -0.0082, -0.9490)	11	9554
849	(3.6767, -25.7681, 16.7473)	(0.3123, 0.0384, -0.0106, -0.9491)	11	9565
850	(5.3282, -25.7611, 16.9825)	(0.3117, 0.0402, -0.0130, -0.9493)	11	9576
851	(8.6199, -26.5639, 16.4456)	(0.3104, 0.0423, -0.0153, -0.9495)	11	9588
852	(9.8451, -27.2050, 17.7306)	(0.3094, 0.0442, -0.0181, -0.9497)	11	9599
853	(12.1685, -27.0603, 18.7563)	(0.3080, 0.0461, -0.0209, -0.9501)	11	9610
854	(14.3085, -29.0403, 20.0083)	(0.3063, 0.0484, -0.0240, -0.9504)	11	9621
855	(15.8399, -30.5894, 21.3737)	(0.3046, 0.0507, -0.0272, -0.9507)	11	9632
856	(18.5900, -32.3592, 21.1553)	(0.3026, 0.0532, -0.0303, -0.9512)	11	9643
857	(18.8399, -33.1973, 21.8407)	(0.3008, 0.0556, -0.0336, -0.9515)	11	9654
858	(19.6959, -33.5521, 22.3373)	(0.2989, 0.0580, -0.0369, -0.9518)	11	9665
859	(19.9991, -33.1830, 22.4491)	(0.2970, 0.0603, -0.0400, -0.9521)	11	9676
860	(22.6804, -33.7007, 20.8099)	(0.2945, 0.0629, -0.0428, -0.9526)	11	9687
861	(23.4641, -30.4066, 18.1841)	(0.2921, 0.0647, -0.0449, -0.9531)	11	9699
862	(26.8650, -28.3901, 12.3501)	(0.2890, 0.0668, -0.0460, -0.9539)	11	9710
863	(31.6137, -25.9926, 10.4000)	(0.2852, 0.0684, -0.0475, -0.9548)	11	9721
864	(35.6349, -26.4039, 8.0225)	(0.2812, 0.0706, -0.0489, -0.9558)	11	9732
865	(39.8368, -26.1502, 5.1390)	(0.2767, 0.0728, -0.0501, -0.9569)	11	9743
866	(34.3860, -21.9611, -0.8272)	(0.2742, 0.0744, -0.0497, -0.9575)	11	9754
867	(19.4733, -7.5699, -28.1658)	(0.2738, 0.0750, -0.0424, -0.9579)	11	9765
868	(2.5227, 14.7080, -24.9096)	(0.2764, 0.0709, -0.0388, -0.9576)	11	9776
869	(-9.3587, 27.9592, -2.3742)	(0.2797, 0.0651, -0.0405, -0.9570)	11	9787
870	(-17.5873, 27.8083, 2.6413)	(0.2829, 0.0623, -0.0407, -0.9563)	11	9798
871	(-21.5034, 26.5339, -5.4732)	(0.2856, 0.0607, -0.0381, -0.9557)	11	9810
872	(-27.7561, 28.9129, -19.6267)	(0.2891, 0.0591, -0.0328, -0.9549)	11	9821
873	(-29.0968, 43.2993, -30.5700)	(0.2918, 0.0542, -0.0261, -0.9546)	11	9832
874	(-35.0641, 59.6244, -35.8698)	(0.2960, 0.0475, -0.0192, -0.9538)	11	9843
875	(-53.8668, 62.4949, -37.3368)	(0.3036, 0.0424, -0.0131, -0.9518)	11	9854
876	(-69.4450, 54.6454, -27.2707)	(0.3123, 0.0390, -0.0104, -0.9491)	11	9865
877	(-83.4063, 40.6196, -6.9767)	(0.3222, 0.0367, -0.0117, -0.9459)	11	9876
878	(-89.3303, 30.6647, 9.3675)	(0.3314, 0.0344, -0.0141, -0.9428)	11	9887
879	(-94.8332, 22.4799, 23.3065)	(0.3412, 0.0323, -0.0178, -0.9393)	11	9899
880	(-94.5624, 15.2476, 29.6639)	(0.3500, 0.0309, -0.0210, -0.9360)	11	9910
881	(-89.3618, 9.1235, 28.0044)	(0.3572, 0.0303, -0.0230, -0.9332)	11	9921
882	(-78.1757, 0.1445, 28.7646)	(0.3628, 0.0307, -0.0260, -0.9310)	11	9932
883	(-63.9256, -9.9299, 32.5126)	(0.3666, 0.0319, -0.0302, -0.9293)	11	9943
884	(-44.8021, -17.0505, 37.3479)	(0.3682, 0.0331, -0.0352, -0.9285)	11	9954
885	(-28.1678, -29.5133, 40.5993)	(0.3685, 0.0360, -0.0410, -0.9280)	11	9965
886	(-8.3706, -44.6212, 36.2749)	(0.3659, 0.0412, -0.0462, -0.9286)	11	9977
887	(12.2183, -55.4614, 41.0608)	(0.3616, 0.0460, -0.0533, -0.9297)	11	9988
888	(21.2892, -63.9343, 51.8622)	(0.3582, 0.0505, -0.0626, -0.9302)	11	9999
889	(31.0950, -71.7052, 64.1632)	(0.3539, 0.0547, -0.0733, -0.9308)	11	10010
890	(55.8683, -70.9662, 65.7173)	(0.3449, 0.0581, -0.0825, -0.9332)	11	10021
891	(86.2276, -64.8981, 60.1514)	(0.3327, 0.0605, -0.0899, -0.9368)	11	10032
892	(121.2278, -64.2303, 51.9977)	(0.3162, 0.0635, -0.0964, -0.9417)	11	10043
893	(154.1861, -73.3390, 45.5688)	(0.2962, 0.0685, -0.1036, -0.9470)	11	10054
894	(186.7178, -79.1526, 45.3501)	(0.2734, 0.0731, -0.1117, -0.9526)	11	10065
895	(180.4297, -77.1481, 45.5112)	(0.2571, 0.0768, -0.1191, -0.9559)	11	10077
896	(170.8904, -70.4011, 42.4801)	(0.2422, 0.0796, -0.1252, -0.9588)	11	10088
897	(159.6236, -53.9107, 42.3639)	(0.2290, 0.0794, -0.1307, -0.9613)	11	10099
898	(148.7285, -40.4315, 43.8289)	(0.2170, 0.0783, -0.1362, -0.9634)	11	10110
899	(135.2662, -23.1870, 44.8595)	(0.2070, 0.0752, -0.1412, -0.9652)	11	10121
900	(125.3439, -12.5506, 38.4618)	(0.1972, 0.0727, -0.1444, -0.9669)	11	10132
901	(116.3338, -1.9120, 29.3899)	(0.1879, 0.0694, -0.1460, -0.9688)	11	10143
902	(113.4423, 6.1874, 26.8611)	(0.1781, 0.0655, -0.1484, -0.9705)	11	10154
903	(100.2473, 15.5869, 31.5157)	(0.1718, 0.0606, -0.1519, -0.9714)	11	10165
904	(94.3259, 18.7862, 36.2166)	(0.1646, 0.0563, -0.1562, -0.9723)	11	10176
905	(90.3726, 16.3089, 37.3136)	(0.1572, 0.0532, -0.1602, -0.9730)	11	10187
906	(87.4527, 9.4547, 33.2615)	(0.1495, 0.0517, -0.1632, -0.9738)	11	10198
907	(89.5449, -1.6211, 27.3920)	(0.1405, 0.0519, -0.1656, -0.9747)	11	10209
908	(95.9174, -14.7869, 23.6800)	(0.1298, 0.0534, -0.1683, -0.9757)	11	10220
909	(99.9010, -23.2432, 24.1419)	(0.1192, 0.0549, -0.1717, -0.9764)	11	10231
910	(100.7813, -34.7190, 22.7289)	(0.1086, 0.0581, -0.1748, -0.9769)	11	10243
911	(103.9072, -45.4093, 15.2640)	(0.0972, 0.0622, -0.1763, -0.9776)	11	10254
912	(101.5249, -51.0315, 6.0713)	(0.0868, 0.0665, -0.1765, -0.9782)	11	10265
913	(100.6607, -54.4061, -3.8404)	(0.0762, 0.0707, -0.1756, -0.9789)	11	10276
914	(99.0644, -56.5709, -11.1543)	(0.0659, 0.0750, -0.1745, -0.9796)	11	10287
915	(99.0556, -57.3034, -16.8658)	(0.0553, 0.0791, -0.1730, -0.9802)	11	10298
916	(98.3150, -56.2529, -22.1190)	(0.0449, 0.0828, -0.1711, -0.9807)	11	10309
917	(96.0987, -56.4282, -30.3293)	(0.0349, 0.0868, -0.1679, -0.9814)	11	10320
918	(93.7663, -55.7409, -38.0647)	(0.0250, 0.0908, -0.1639, -0.9820)	12	10333
919	(91.2530, -57.8468, -48.2432)	(0.0151, 0.0956, -0.1586, -0.9826)	10	10343
920	(88.0611, -56.3442, -54.7168)	(0.0058, 0.0995, -0.1531, -0.9832)	11	10354
921	(84.6340, -55.2129, -58.6881)	(-0.0031, 0.1035, -0.1477, -0.9836)	11	10365
922	(82.6256, -56.0473, -57.6929)	(-0.0121, 0.1079, -0.1431, -0.9837)	11	10376
923	(85.3882, -60.8069, -55.2883)	(-0.0223, 0.1131, -0.1391, -0.9835)	11	10387
924	(87.1125, -66.8229, -54.8689)	(-0.0326, 0.1191, -0.1347, -0.9832)	11	10398
925	(88.8994, -72.1611, -53.7941)	(-0.0430, 0.1254, -0.1305, -0.9825)	11	10409
926	(87.0763, -76.6716, -53.6978)	(-0.0527, 0.1322, -0.1261, -0.9818)	11	10421
927	(87.9375, -78.9049, -52.9860)	(-0.0630, 0.1388, -0.1218, -0.9808)	11	10432
928	(63.8740, -74.4610, -60.4301)	(-0.1356, 0.1979, -0.0676, -0.9684)	100	10532
929	(54.1846, -79.1780, -60.9758)	(-0.1409, 0.2051, -0.0614, -0.9666)	11	10543
930	(44.1590, -77.9382, -70.8335)	(-0.1456, 0.2110, -0.0528, -0.9651)	11	10554
931	(41.6180, -70.6463, -83.2091)	(-0.1515, 0.2150, -0.0429, -0.9638)	11	10565
932	(36.4580, -61.1471, -88.9858)	(-0.1563, 0.2177, -0.0336, -0.9628)	11	10576
933	(25.8182, -54.3989, -91.8936)	(-0.1592, 0.2202, -0.0240, -0.9621)	11	10587
934	(18.9741, -50.5159, -92.1920)	(-0.1620, 0.2228, -0.0148, -0.9612)	11	10599
935	(12.7511, -48.2979, -87.5963)	(-0.1639, 0.2256, -0.0067, -0.9603)	11	10610
936	(5.5697, -49.3405, -81.7707)	(-0.1650, 0.2292, 0.0009, -0.9593)	11	10621
937	(1.7283, -50.3485, -80.2117)	(-0.1662, 0.2329, 0.0091, -0.9582)	11	10632
938	(2.9365, -47.5518, -83.3779)	(-0.1685, 0.2355, 0.0179, -0.9570)	11	10643
939	(8.8355, -44.8019, -89.0510)	(-0.1723, 0.2377, 0.0273, -0.9555)	11	10654
940	(25.9788, -49.3380, -97.2933)	(-0.1796, 0.2411, 0.0373, -0.9530)	11	10665
941	(39.6458, -50.7041, -99.3767)	(-0.1877, 0.2444, 0.0463, -0.9502)	11	10677
942	(46.8240, -45.7470, -101.6887)	(-0.1957, 0.2461, 0.0554, -0.9477)	11	10688
943	(51.8138, -40.2144, -102.3583)	(-0.2034, 0.2473, 0.0642, -0.9452)	11	10698
944	(58.7584, -32.1640, -96.6375)	(-0.2118, 0.2477, 0.0709, -0.9427)	11	10710
945	(71.9983, -26.6074, -90.9420)	(-0.2221, 0.2482, 0.0764, -0.9398)	11	10721
946	(88.3503, -24.2482, -86.9589)	(-0.2346, 0.2491, 0.0814, -0.9361)	11	10732
947	(97.7931, -22.4836, -90.4317)	(-0.2474, 0.2510, 0.0848, -0.9320)	11	10743
948	(100.5951, -21.7496, -93.2578)	(-0.2591, 0.2514, 0.0916, -0.9280)	11	10754
949	(97.3007, -20.0399, -89.8731)	(-0.2694, 0.2516, 0.0975, -0.9245)	11	10765
950	(93.5211, -15.9800, -82.2097)	(-0.2788, 0.2514, 0.1018, -0.9212)	11	10776
951	(89.8173, -11.9071, -67.6708)	(-0.2873, 0.2515, 0.1039, -0.9184)	11	10787
952	(86.8307, -4.3217, -57.3464)	(-0.2956, 0.2504, 0.1052, -0.9159)	11	10799
953	(82.4501, -6.6450, -54.6095)	(-0.3033, 0.2506, 0.1080, -0.9130)	11	10810
954	(78.5453, -12.0459, -59.1742)	(-0.3111, 0.2513, 0.1128, -0.9096)	11	10821
955	(72.4388, -12.8184, -63.7057)	(-0.3182, 0.2512, 0.1180, -0.9065)	11	10832
956	(64.6083, -4.4335, -64.3379)	(-0.3244, 0.2490, 0.1224, -0.9043)	11	10843
957	(53.3765, 1.9254, -59.3189)	(-0.3288, 0.2467, 0.1257, -0.9029)	11	10854
958	(41.3642, 7.1654, -47.0330)	(-0.3315, 0.2447, 0.1271, -0.9022)	11	10865
959	(34.4069, 16.2076, -36.6004)	(-0.3343, 0.2416, 0.1273, -0.9020)	11	10876
960	(32.7635, 18.7961, -32.0828)	(-0.3379, 0.2390, 0.1278, -0.9013)	11	10888
961	(25.4780, 4.3445, -32.4394)	(-0.3396, 0.2398, 0.1310, -0.9000)	11	10899
962	(2.6302, -10.9752, -35.5930)	(-0.3369, 0.2414, 0.1367, -0.8997)	11	10910
963	(-19.9382, -9.9102, -32.8709)	(-0.3324, 0.2405, 0.1409, -0.9010)	11	10921
964	(-31.2926, -5.0083, -30.9914)	(-0.3287, 0.2385, 0.1445, -0.9023)	11	10932
965	(-41.1781, 2.2198, -22.2755)	(-0.3239, 0.2363, 0.1460, -0.9044)	11	10943
966	(-47.8159, 3.3572, -14.0643)	(-0.3189, 0.2349, 0.1472, -0.9063)	11	10954
967	(-46.8183, -2.3241, -9.3878)	(-0.3147, 0.2351, 0.1489, -0.9075)	11	10965
968	(-46.5004, -6.7969, -7.8970)	(-0.3106, 0.2356, 0.1508, -0.9085)	11	10976
969	(-36.8694, -5.2960, -12.2174)	(-0.3090, 0.2350, 0.1531, -0.9088)	11	10987
970	(-21.5227, -0.4782, -21.3694)	(-0.3102, 0.2334, 0.1560, -0.9083)	11	10999
971	(-7.1512, 3.9027, -28.3760)	(-0.3128, 0.2314, 0.1587, -0.9074)	11	11010
972	(5.0360, 6.6520, -31.4533)	(-0.3160, 0.2296, 0.1611, -0.9063)	11	11021
973	(18.7580, 8.7701, -30.0719)	(-0.3203, 0.2283, 0.1625, -0.9049)	16	11036
974	(22.7778, 10.5987, -30.1835)	(-0.3236, 0.2267, 0.1641, -0.9039)	7	11044
975	(29.1698, 16.8002, -31.2426)	(-0.3282, 0.2239, 0.1652, -0.9027)	10	11054
976	(36.0429, 21.9909, -33.8615)	(-0.3336, 0.2207, 0.1665, -0.9013)	11	11065
977	(43.7694, 25.9810, -41.6359)	(-0.3402, 0.2171, 0.1690, -0.8992)	11	11076
978	(48.4356, 32.1702, -48.8963)	(-0.3471, 0.2123, 0.1717, -0.8972)	11	11087
979	(48.6440, 40.3760, -58.2552)	(-0.3538, 0.2058, 0.1754, -0.8954)	11	11099
980	(46.1809, 45.2076, -62.9732)	(-0.3599, 0.1994, 0.1789, -0.8937)	11	11110
981	(45.8057, 47.3091, -64.5362)	(-0.3660, 0.1934, 0.1821, -0.8919)	11	11121
982	(46.7794, 50.8672, -63.3293)	(-0.3723, 0.1871, 0.1845, -0.8901)	11	11132
983	(46.1002, 54.0905, -63.5182)	(-0.3784, 0.1805, 0.1871, -0.8884)	11	11143
984	(49.8000, 59.4310, -67.5324)	(-0.3858, 0.1729, 0.1900, -0.8861)	11	11154
985	(54.1733, 60.1032, -76.3855)	(-0.3937, 0.1654, 0.1944, -0.8831)	11	11165
986	(57.1997, 58.8335, -90.6758)	(-0.4019, 0.1573, 0.2010, -0.8794)	11	11176
987	(57.4833, 58.4758, -101.9903)	(-0.4098, 0.1488, 0.2081, -0.8756)	11	11187
988	(63.1370, 58.4759, -113.7568)	(-0.4189, 0.1400, 0.2160, -0.8708)	11	11198
989	(67.8889, 57.2813, -118.8608)	(-0.4282, 0.1317, 0.2234, -0.8657)	11	11210
990	(70.3334, 54.0481, -121.9720)	(-0.4372, 0.1240, 0.2312, -0.8603)	11	11221
991	(63.8059, 53.6310, -121.2751)	(-0.4441, 0.1156, 0.2383, -0.8559)	11	11232
992	(62.8959, 51.5752, -123.1759)	(-0.4516, 0.1076, 0.2459, -0.8509)	12	11244
993	(62.5225, 50.2506, -128.4453)	(-0.4594, 0.0991, 0.2544, -0.8452)	10	11254
994	(54.8808, 49.1058, -135.8879)	(-0.4653, 0.0896, 0.2641, -0.8401)	11	11265
995	(47.0773, 43.4497, -140.9280)	(-0.4703, 0.0809, 0.2743, -0.8349)	11	11276
996	(43.6740, 36.0809, -143.5668)	(-0.4751, 0.0732, 0.2849, -0.8293)	11	11287
997	(39.7935, 28.6993, -140.7924)	(-0.4792, 0.0666, 0.2948, -0.8240)	11	11298
998	(31.7059, 25.2805, -132.2333)	(-0.4819, 0.0601, 0.3033, -0.8199)	11	11310
999	(23.6264, 21.0734, -117.3316)	(-0.4837, 0.0550, 0.3099, -0.8167)	11	11321
1000	(10.5925, 18.8461, -109.5200)	(-0.4837, 0.0490, 0.3168, -0.8144)	11	11332
1001	(-2.1808, 10.2016, -102.8555)	(-0.4820, 0.0444, 0.3244, -0.8127)	11	11343
1002	(-12.9506, 3.8401, -94.7155)	(-0.4796, 0.0402, 0.3313, -0.8115)	11	11354
1003	(-24.5566, -4.2523, -82.2821)	(-0.4759, 0.0374, 0.3372, -0.8114)	11	11365
1004	(-37.5608, -13.6566, -65.1903)	(-0.4706, 0.0361, 0.3417, -0.8127)	11	11376
1005	(-35.9934, -25.6977, -58.6825)	(-0.4665, 0.0365, 0.3478, -0.8125)	11	11387
1006	(-32.2239, -36.4120, -46.9108)	(-0.4628, 0.0389, 0.3527, -0.8124)	11	11398
1007	(-23.8031, -28.7675, -37.1702)	(-0.4617, 0.0389, 0.3551, -0.8120)	11	11410
1008	(-27.9755, -21.0616, -38.4689)	(-0.4588, 0.0365, 0.3586, -0.8122)	11	11421
1009	(-24.9159, -25.0231, -41.6816)	(-0.4561, 0.0362, 0.3638, -0.8113)	11	11432
1010	(-18.2447, -34.8033, -43.6378)	(-0.4539, 0.0379, 0.3699, -0.8098)	11	11443
1011	(-4.2492, -40.5835, -38.4483)	(-0.4538, 0.0414, 0.3745, -0.8075)	11	11454
1012	(6.6176, -39.2795, -29.0677)	(-0.4543, 0.0445, 0.3772, -0.8058)	11	11465
1013	(22.8562, -35.2732, -19.1510)	(-0.4570, 0.0484, 0.3785, -0.8034)	11	11476
1014	(42.2478, -22.9995, -7.4023)	(-0.4628, 0.0519, 0.3774, -0.8005)	11	11487
1015	(63.5168, -5.0655, 4.2211)	(-0.4714, 0.0546, 0.3739, -0.7969)	11	11498
1016	(79.4225, 8.6878, 11.6885)	(-0.4806, 0.0571, 0.3700, -0.7930)	11	11510
1017	(94.0517, 13.6343, 11.4256)	(-0.4903, 0.0601, 0.3674, -0.7880)	11	11521
1018	(102.3881, 16.7084, 3.6050)	(-0.5001, 0.0623, 0.3664, -0.7822)	11	11532
1019	(106.2031, 19.5445, -6.5600)	(-0.5095, 0.0634, 0.3663, -0.7760)	11	11543
1020	(109.6561, 23.3131, -15.9019)	(-0.5193, 0.0637, 0.3666, -0.7693)	11	11554
1021	(112.3891, 25.4861, -19.9695)	(-0.5293, 0.0644, 0.3664, -0.7625)	11	11565
1022	(116.4187, 29.8077, -11.4877)	(-0.5397, 0.0661, 0.3635, -0.7565)	11	11576
1023	(119.1896, 31.6710, 4.2895)	(-0.5497, 0.0694, 0.3587, -0.7512)	11	11587
1024	(119.4627, 33.0389, 20.3357)	(-0.5593, 0.0734, 0.3526, -0.7466)	11	11598
1025	(116.1265, 34.8773, 35.2847)	(-0.5683, 0.0777, 0.3453, -0.7428)	11	11610
1026	(104.4065, 40.0350, 38.1956)	(-0.5757, 0.0795, 0.3389, -0.7399)	11	11621
1027	(92.2614, 42.4989, 40.1323)	(-0.5820, 0.0809, 0.3326, -0.7377)	11	11632
1028	(76.0899, 42.3674, 37.5625)	(-0.5868, 0.0814, 0.3274, -0.7361)	11	11643
1029	(58.4645, 41.6331, 41.5248)	(-0.5899, 0.0820, 0.3214, -0.7362)	11	11654
1030	(38.7328, 37.1323, 54.5790)	(-0.5908, 0.0842, 0.3142, -0.7384)	11	11665
1031	(29.0121, 32.0930, 67.5574)	(-0.5917, 0.0878, 0.3062, -0.7405)	11	11676
1032	(15.8103, 25.0336, 80.2206)	(-0.5908, 0.0923, 0.2983, -0.7440)	11	11687
1033	(17.0593, 19.6569, 87.9336)	(-0.5915, 0.0980, 0.2902, -0.7459)	11	11698
1034	(17.9889, 12.7794, 85.2664)	(-0.5921, 0.1031, 0.2841, -0.7471)	11	11709
1035	(16.1470, 11.0607, 79.0368)	(-0.5925, 0.1068, 0.2785, -0.7483)	11	11721
1036	(18.1538, 6.2340, 66.5889)	(-0.5936, 0.1101, 0.2750, -0.7483)	11	11732
1037	(16.8665, 0.3708, 57.0317)	(-0.5938, 0.1135, 0.2724, -0.7485)	11	11743
1038	(15.6474, -4.0538, 52.1934)	(-0.5941, 0.1173, 0.2697, -0.7487)	11	11754
1039	(9.9838, -9.0651, 48.8388)	(-0.5933, 0.1209, 0.2676, -0.7496)	11	11765
1040	(5.1832, -11.7811, 56.3328)	(-0.5918, 0.1259, 0.2636, -0.7513)	11	11776
1041	(0.9425, -15.9460, 67.0236)	(-0.5897, 0.1322, 0.2587, -0.7536)	11	11787
1042	(-1.4726, -21.9684, 70.3785)	(-0.5875, 0.1388, 0.2550, -0.7554)	11	11798
1043	(-1.6430, -30.5930, 65.8048)	(-0.5853, 0.1454, 0.2533, -0.7564)	11	11809
1044	(15.7396, -36.7123, 57.6567)	(-0.5867, 0.1524, 0.2521, -0.7543)	11	11821
1045	(43.9534, -32.7325, 42.4600)	(-0.5925, 0.1575, 0.2512, -0.7491)	11	11832
1046	(63.7923, -21.2978, 31.6970)	(-0.5993, 0.1608, 0.2488, -0.7437)	11	11843
1047	(93.3761, -2.9207, 20.3421)	(-0.6103, 0.1624, 0.2450, -0.7356)	11	11854
1048	(112.2963, 39.7813, 13.9512)	(-0.6231, 0.1582, 0.2362, -0.7286)	11	11865
1049	(121.3115, 66.7939, 11.9158)	(-0.6353, 0.1538, 0.2268, -0.7221)	11	11876
1050	(133.4008, 88.8224, 13.0208)	(-0.6486, 0.1493, 0.2156, -0.7145)	11	11887
1051	(139.2137, 112.1785, 19.6550)	(-0.6615, 0.1437, 0.2018, -0.7078)	11	11898
1052	(132.1811, 123.7712, 26.9930)	(-0.6722, 0.1386, 0.1881, -0.7025)	11	11909
1053	(118.1483, 127.4105, 32.6814)	(-0.6805, 0.1338, 0.1752, -0.6988)	11	11921
1054	(85.5702, 129.2121, 36.4535)	(-0.6839, 0.1277, 0.1632, -0.6996)	11	11932
1055	(62.5734, 123.3382, 30.6730)	(-0.6873, 0.1219, 0.1537, -0.6994)	11	11943
1056	(45.7451, 112.8955, 21.7401)	(-0.6898, 0.1160, 0.1465, -0.6995)	11	11954
1057	(15.4616, 91.7378, 13.8579)	(-0.6882, 0.1115, 0.1431, -0.7025)	11	11965
1058	(-5.0894, 65.7625, 13.6467)	(-0.6857, 0.1102, 0.1412, -0.7055)	11	11976
1059	(-27.4943, 43.0090, 10.5215)	(-0.6811, 0.1094, 0.1414, -0.7101)	11	11987
1060	(-45.5074, 26.4015, 12.7970)	(-0.6753, 0.1097, 0.1416, -0.7154)	11	11998
1061	(-63.3178, 30.9779, 19.9992)	(-0.6690, 0.1079, 0.1380, -0.7223)	12	12009
1062	(-67.3605, 43.4925, 30.1702)	(-0.6643, 0.1056, 0.1313, -0.7283)	11	12021
1063	(-65.9614, 49.1963, 34.8620)	(-0.6600, 0.1033, 0.1251, -0.7335)	11	12032
1064	(-55.2111, 49.1654, 41.4668)	(-0.6573, 0.1028, 0.1186, -0.7371)	11	12043
1065	(-41.4196, 47.5944, 41.3321)	(-0.6561, 0.1021, 0.1131, -0.7392)	11	12054
1066	(-31.7255, 47.7238, 38.2005)	(-0.6550, 0.1005, 0.1078, -0.7411)	11	12065
1067	(-21.5421, 47.5647, 32.7507)	(-0.6549, 0.0986, 0.1031, -0.7422)	11	12076
1068	(-13.1896, 45.6253, 29.8478)	(-0.6551, 0.0971, 0.0985, -0.7428)	11	12087
1069	(-1.6611, 44.2486, 24.6646)	(-0.6566, 0.0953, 0.0945, -0.7422)	11	12098
1070	(7.6639, 42.6637, 21.1396)	(-0.6584, 0.0936, 0.0906, -0.7413)	11	12109
1071	(20.4158, 39.2551, 17.5155)	(-0.6616, 0.0923, 0.0873, -0.7391)	11	12121
1072	(30.3628, 37.9508, 15.8707)	(-0.6651, 0.0910, 0.0837, -0.7365)	11	12132
1073	(36.2771, 33.5459, 8.8201)	(-0.6687, 0.0895, 0.0818, -0.7336)	11	12143
1074	(37.4280, 34.0277, 2.5373)	(-0.6719, 0.0868, 0.0797, -0.7312)	11	12154
1075	(37.1171, 29.8723, -3.7049)	(-0.6749, 0.0845, 0.0790, -0.7288)	11	12165
1076	(31.5052, 25.8023, -8.8406)	(-0.6768, 0.0822, 0.0787, -0.7273)	11	12176
1077	(23.9497, 21.6668, -10.9889)	(-0.6779, 0.0802, 0.0786, -0.7265)	11	12187
1078	(10.2301, 17.5109, -10.7447)	(-0.6772, 0.0786, 0.0788, -0.7273)	11	12198
1079	(2.3517, 18.2977, -13.4146)	(-0.6768, 0.0759, 0.0788, -0.7280)	11	12209
1080	(-9.8524, 19.9858, -16.5190)	(-0.6750, 0.0726, 0.0791, -0.7299)	11	12221
1081	(-16.0778, 19.6085, -16.6761)	(-0.6734, 0.0700, 0.0793, -0.7317)	11	12232
1082	(-21.3184, 17.5929, -16.6773)	(-0.6714, 0.0677, 0.0797, -0.7337)	11	12243
1083	(-22.6469, 13.4130, -15.3135)	(-0.6697, 0.0661, 0.0804, -0.7353)	11	12254
1084	(-24.8296, 10.5522, -12.1432)	(-0.6678, 0.0651, 0.0806, -0.7371)	11	12264
1085	(-22.9766, 5.8212, -5.6005)	(-0.6663, 0.0655, 0.0805, -0.7384)	12	12276
1086	(-21.3147, 2.6937, -0.9145)	(-0.6649, 0.0660, 0.0803, -0.7397)	11	12287
1087	(-16.3520, -0.6867, 5.7062)	(-0.6641, 0.0674, 0.0796, -0.7403)	11	12298
1088	(-13.4644, -3.8924, 9.5951)	(-0.6633, 0.0691, 0.0790, -0.7409)	11	12309
1089	(-7.9612, -6.8246, 14.6320)	(-0.6632, 0.0714, 0.0781, -0.7409)	11	12321
1090	(-5.2633, -7.5278, 18.5968)	(-0.6629, 0.0737, 0.0768, -0.7411)	11	12331
1091	(-1.4149, -8.6933, 20.9201)	(-0.6630, 0.0761, 0.0757, -0.7409)	11	12343
1092	(-0.8626, -8.7935, 21.8358)	(-0.6627, 0.0783, 0.0745, -0.7410)	11	12354
1093	(0.2857, -8.1497, 20.5380)	(-0.6626, 0.0800, 0.0736, -0.7410)	11	12365
1094	(-0.4428, -8.0971, 20.3618)	(-0.6623, 0.0818, 0.0727, -0.7412)	11	12376
1095	(-1.3042, -7.3032, 17.6082)	(-0.6619, 0.0830, 0.0722, -0.7414)	11	12387
1096	(-3.5637, -6.1270, 15.7034)	(-0.6612, 0.0842, 0.0717, -0.7420)	11	12398
1097	(-4.1837, -5.2610, 13.3709)	(-0.6607, 0.0851, 0.0713, -0.7424)	11	12409
1098	(-6.2579, -6.5050, 12.3095)	(-0.6598, 0.0864, 0.0711, -0.7430)	11	12420
1099	(-6.6226, -5.3561, 11.9842)	(-0.6592, 0.0873, 0.0706, -0.7436)	11	12432
1100	(-6.2653, -4.3998, 11.1687)	(-0.6586, 0.0881, 0.0701, -0.7440)	11	12443
1101	(-4.9250, -3.3471, 8.8897)	(-0.6584, 0.0886, 0.0699, -0.7442)	11	12454
1102	(-3.4029, -2.3778, 8.6254)	(-0.6582, 0.0893, 0.0693, -0.7443)	11	12465
1103	(-2.3101, -1.2703, 8.9660)	(-0.6581, 0.0899, 0.0686, -0.7444)	11	12476
1104	(0.1866, -0.8003, 8.0339)	(-0.6583, 0.0903, 0.0681, -0.7442)	11	12487
1105	(0.7899, 0.2098, 7.0393)	(-0.6583, 0.0906, 0.0675, -0.7442)	11	12498
1106	(0.8534, 0.4032, 7.5214)	(-0.6583, 0.0911, 0.0669, -0.7442)	11	12509
1107	(0.6730, -0.6218, 7.7829)	(-0.6583, 0.0918, 0.0664, -0.7442)	11	12521
1108	(1.2148, 0.0355, 7.1617)	(-0.6584, 0.0921, 0.0659, -0.7441)	11	12531
1109	(-0.3623, -0.0382, 6.7445)	(-0.6581, 0.0925, 0.0655, -0.7444)	11	12543
1110	(-0.3074, -0.1890, 5.2829)	(-0.6580, 0.0925, 0.0654, -0.7444)	11	12554
1111	(-1.3450, 0.3699, 6.0698)	(-0.6577, 0.0930, 0.0648, -0.7448)	11	12565
1112	(-1.4660, -0.2623, 4.8645)	(-0.6575, 0.0931, 0.0648, -0.7449)	11	12576
1113	(-2.5604, -0.2559, 5.2337)	(-0.6570, 0.0936, 0.0643, -0.7453)	11	12587
1114	(-2.0731, -0.3793, 5.0517)	(-0.6569, 0.0939, 0.0640, -0.7454)	11	12598
1115	(-0.4909, -0.8148, 4.3865)	(-0.6569, 0.0941, 0.0639, -0.7453)	11	12609
1116	(-0.4911, -0.4455, 4.8024)	(-0.6568, 0.0945, 0.0635, -0.7455)	11	12620
1117	(0.3011, -0.9334, 4.6898)	(-0.6568, 0.0949, 0.0632, -0.7454)	11	12631
1118	(0.9062, -0.4618, 3.9462)	(-0.6568, 0.0949, 0.0629, -0.7454)	11	12643
1119	(0.3533, -0.1739, 2.9696)	(-0.6568, 0.0950, 0.0628, -0.7454)	11	12654
1120	(0.1737, 0.0451, 2.2335)	(-0.6568, 0.0950, 0.0627, -0.7454)	11	12665
1121	(-0.0050, 0.0989, 1.8096)	(-0.6568, 0.0950, 0.0626, -0.7454)	11	12676
1122	(0.9626, -0.7862, -0.0575)	(-0.6568, 0.0950, 0.0627, -0.7454)	11	12687
1123	(0.5310, -0.4283, -0.4295)	(-0.6568, 0.0950, 0.0627, -0.7454)	11	12698
1124	(0.2885, 0.3578, -0.3245)	(-0.6568, 0.0950, 0.0626, -0.7454)	11	12709
1125	(-0.2569, 0.7258, -0.2102)	(-0.6568, 0.0949, 0.0627, -0.7454)	11	12720
1126	(-0.3199, -0.0284, -1.2302)	(-0.6568, 0.0948, 0.0628, -0.7454)	11	12731
1127	(-0.5585, -0.6858, -0.9074)	(-0.6568, 0.0948, 0.0628, -0.7455)	11	12743
1128	(0.5880, 1.3090, -1.3800)	(-0.6569, 0.0945, 0.0629, -0.7454)	11	12754
1129	(0.5895, 0.4488, -1.7288)	(-0.6569, 0.0944, 0.0630, -0.7454)	11	12765
1130	(-0.1982, 0.9869, -2.2235)	(-0.6568, 0.0942, 0.0632, -0.7455)	11	12776
1131	(-0.1369, -0.0332, -1.4709)	(-0.6569, 0.0941, 0.0632, -0.7454)	11	12787
1132	(0.1083, 0.2054, -1.8426)	(-0.6569, 0.0939, 0.0634, -0.7454)	11	12798
1133	(0.2216, 0.7491, -1.8539)	(-0.6569, 0.0937, 0.0634, -0.7454)	11	12809
1134	(-0.0133, 0.9396, -1.4909)	(-0.6570, 0.0935, 0.0635, -0.7454)	11	12820
1135	(0.4036, 1.0505, -2.2266)	(-0.6570, 0.0932, 0.0635, -0.7454)	11	12831
1136	(1.2570, 1.7311, -1.7566)	(-0.6571, 0.0930, 0.0635, -0.7453)	11	12843
1137	(-0.0162, 2.0367, -1.5759)	(-0.6571, 0.0925, 0.0633, -0.7454)	24	12867
1138	(1.4387, 3.3373, -0.5081)	(-0.6573, 0.0922, 0.0630, -0.7453)	9	12876
1139	(1.0101, 2.4156, -1.0374)	(-0.6573, 0.0920, 0.0630, -0.7453)	11	12887
1140	(0.2814, 2.8433, -0.7979)	(-0.6573, 0.0918, 0.0629, -0.7453)	11	12898
1141	(1.1383, 2.0637, -0.3614)	(-0.6574, 0.0917, 0.0628, -0.7453)	11	12909
1142	(0.7080, 1.4350, -1.3829)	(-0.6575, 0.0915, 0.0629, -0.7453)	11	12920
1143	(0.7107, 0.2697, -1.5424)	(-0.6575, 0.0914, 0.0629, -0.7452)	14	12934

