Missile Rate 1.00 Missile Speed 0.20 
Line_#	VR_Velocity	VR_Orientation	DeltaTime	TotalTime
0	(18.8421, -8.7811, 12.6140)	(0.2705, 0.1338, 0.0261, -0.9530)	1	1
1	(64.4155, -9.0147, 10.2309)	(0.2141, 0.1420, -0.0027, -0.9664)	34	34
2	(66.8476, -6.1203, 8.6438)	(0.1683, 0.1447, -0.0167, -0.9749)	16	50
3	(70.1783, -0.1814, 4.2525)	(0.1465, 0.1421, -0.0183, -0.9788)	34	85
4	(65.0391, 4.7873, 3.4981)	(0.1300, 0.1382, -0.0202, -0.9816)	44	129
5	(61.6840, 7.4008, 6.3156)	(0.1197, 0.1354, -0.0236, -0.9832)	34	163
6	(61.4283, 10.6813, 5.8269)	(0.1082, 0.1321, -0.0257, -0.9850)	23	186
7	(61.7318, 12.3662, 4.8195)	(0.1023, 0.1302, -0.0263, -0.9858)	12	198
8	(62.3976, 14.4360, 4.9532)	(0.0962, 0.1279, -0.0274, -0.9867)	10	209
9	(65.0126, 16.9547, 5.6270)	(0.0892, 0.1251, -0.0288, -0.9877)	11	220
10	(68.4823, 21.0405, 5.6545)	(0.0818, 0.1215, -0.0300, -0.9888)	11	231
11	(71.0349, 24.2499, 4.6099)	(0.0810, 0.1205, -0.0297, -0.9890)	11	242
12	(77.8579, 27.9570, 3.8458)	(0.0722, 0.1166, -0.0307, -0.9901)	11	253
13	(83.9473, 29.9752, 0.9270)	(0.0629, 0.1130, -0.0309, -0.9911)	11	265
14	(90.2790, 34.5125, -0.8821)	(0.0528, 0.1084, -0.0312, -0.9922)	11	276
15	(98.0201, 35.6048, -1.6591)	(0.0418, 0.1044, -0.0319, -0.9931)	11	287
16	(105.0936, 38.1693, -1.7888)	(0.0304, 0.0998, -0.0326, -0.9940)	11	298
17	(109.1741, 41.2840, -1.4402)	(0.0192, 0.0948, -0.0335, -0.9948)	11	309
18	(113.4987, 43.0004, -1.1844)	(0.0075, 0.0899, -0.0344, -0.9953)	11	320
19	(116.2449, 42.4461, -1.8506)	(-0.0043, 0.0855, -0.0351, -0.9957)	11	332
20	(118.1355, 41.7387, -3.4836)	(-0.0160, 0.0811, -0.0354, -0.9959)	11	343
21	(116.9074, 42.9110, -5.6374)	(-0.0269, 0.0763, -0.0353, -0.9961)	11	354
22	(117.1521, 42.3892, -7.3323)	(-0.0383, 0.0718, -0.0352, -0.9961)	11	365
23	(119.1094, 42.5424, -5.8767)	(-0.0500, 0.0672, -0.0360, -0.9958)	11	376
24	(120.6339, 44.1699, -3.9690)	(-0.0618, 0.0621, -0.0370, -0.9955)	11	387
25	(124.9094, 42.3487, -4.0021)	(-0.0747, 0.0578, -0.0377, -0.9948)	11	398
26	(132.2357, 43.2312, -0.0313)	(-0.0888, 0.0529, -0.0397, -0.9939)	11	409
27	(134.0076, 42.4268, 2.1706)	(-0.1019, 0.0484, -0.0414, -0.9928)	11	420
28	(135.1164, 41.4566, 5.2302)	(-0.1149, 0.0441, -0.0436, -0.9914)	11	432
29	(132.7393, 39.2216, 3.3373)	(-0.1271, 0.0404, -0.0444, -0.9901)	11	443
30	(126.9962, 35.6528, -3.8161)	(-0.1381, 0.0371, -0.0433, -0.9888)	11	454
31	(118.5062, 33.8255, -12.0948)	(-0.1477, 0.0334, -0.0411, -0.9876)	11	465
32	(109.7165, 31.7928, -18.4178)	(-0.1564, 0.0301, -0.0387, -0.9865)	11	476
33	(99.4013, 28.5626, -23.6195)	(-0.1637, 0.0273, -0.0358, -0.9855)	11	487
34	(90.0688, 27.5585, -24.5443)	(-0.1703, 0.0242, -0.0338, -0.9845)	11	498
35	(80.1288, 25.8686, -23.2054)	(-0.1757, 0.0217, -0.0323, -0.9837)	11	509
36	(70.5041, 25.5599, -16.9012)	(-0.1802, 0.0191, -0.0325, -0.9829)	11	521
37	(64.5367, 25.0024, -11.2091)	(-0.1849, 0.0166, -0.0331, -0.9821)	11	532
38	(61.3726, 25.0141, -4.7473)	(-0.1899, 0.0143, -0.0346, -0.9811)	11	543
39	(57.3516, 24.7381, -3.2083)	(-0.1945, 0.0119, -0.0352, -0.9802)	11	554
40	(51.8564, 25.6381, -3.6336)	(-0.1983, 0.0091, -0.0353, -0.9795)	11	565
41	(46.8444, 26.7392, -5.9579)	(-0.2016, 0.0060, -0.0348, -0.9788)	11	576
42	(39.4587, 27.8350, -8.3894)	(-0.2036, 0.0029, -0.0341, -0.9785)	11	587
43	(32.4429, 26.5220, -9.4407)	(-0.2052, 0.0004, -0.0334, -0.9782)	11	599
44	(28.9052, 26.2006, -10.0931)	(-0.2071, -0.0023, -0.0328, -0.9778)	11	610
45	(25.5430, 27.1724, -10.2230)	(-0.2086, -0.0053, -0.0324, -0.9774)	11	621
46	(21.9400, 27.1959, -11.6144)	(-0.2098, -0.0082, -0.0315, -0.9772)	11	632
47	(17.4920, 26.6337, -11.9561)	(-0.2104, -0.0108, -0.0307, -0.9771)	11	643
48	(18.5261, 25.7824, -11.9420)	(-0.2124, -0.0134, -0.0301, -0.9766)	11	654
49	(19.5712, 22.8017, -11.9421)	(-0.2144, -0.0152, -0.0292, -0.9762)	11	666
50	(18.5987, 22.6366, -11.0264)	(-0.2158, -0.0175, -0.0288, -0.9759)	11	677
51	(17.8700, 20.8742, -10.6856)	(-0.2172, -0.0193, -0.0282, -0.9755)	11	688
52	(16.4026, 22.4407, -11.5022)	(-0.2184, -0.0222, -0.0274, -0.9752)	11	699
53	(14.4396, 24.3535, -13.2397)	(-0.2192, -0.0252, -0.0263, -0.9750)	11	710
54	(13.5287, 24.2946, -12.9899)	(-0.2202, -0.0278, -0.0256, -0.9747)	11	721
55	(14.6236, 23.6702, -13.8958)	(-0.2217, -0.0303, -0.0245, -0.9743)	11	733
56	(15.9740, 21.2011, -12.4485)	(-0.2234, -0.0320, -0.0239, -0.9739)	11	744
57	(14.8289, 17.9040, -9.9474)	(-0.2245, -0.0331, -0.0236, -0.9736)	11	755
58	(13.6824, 14.6501, -8.1108)	(-0.2256, -0.0340, -0.0233, -0.9734)	11	766
59	(9.9709, 11.8723, -6.8884)	(-0.2257, -0.0347, -0.0230, -0.9733)	11	777
60	(4.6100, 8.5402, -5.5241)	(-0.2250, -0.0349, -0.0229, -0.9735)	11	788
61	(0.4105, 6.5654, -3.6471)	(-0.2242, -0.0351, -0.0230, -0.9736)	11	799
62	(-3.0557, 4.2742, -2.4352)	(-0.2232, -0.0350, -0.0230, -0.9739)	11	811
63	(-6.0382, 1.7476, -3.4681)	(-0.2220, -0.0348, -0.0224, -0.9742)	11	822
64	(-8.9064, 2.4135, -3.4731)	(-0.2206, -0.0352, -0.0223, -0.9745)	11	833
65	(-9.4532, 0.8287, -3.6855)	(-0.2196, -0.0350, -0.0219, -0.9747)	11	844
66	(-10.9166, 1.4988, -3.5746)	(-0.2182, -0.0354, -0.0217, -0.9750)	11	855
67	(-11.7739, 2.5867, -3.7771)	(-0.2169, -0.0359, -0.0214, -0.9753)	11	866
68	(-13.9719, 0.9987, -4.0418)	(-0.2150, -0.0357, -0.0211, -0.9757)	11	877
69	(-14.8819, 1.1383, -3.0637)	(-0.2134, -0.0359, -0.0212, -0.9761)	11	888
70	(-17.3269, 2.4818, -2.7232)	(-0.2112, -0.0365, -0.0212, -0.9765)	11	900
71	(-16.1745, 3.4187, -4.5074)	(-0.2100, -0.0372, -0.0205, -0.9768)	11	911
72	(-16.3003, 4.0457, -6.5276)	(-0.2084, -0.0379, -0.0197, -0.9771)	11	922
73	(-14.5304, 4.7242, -6.4892)	(-0.2073, -0.0386, -0.0193, -0.9773)	11	933
74	(-13.6173, 4.1131, -6.4796)	(-0.2061, -0.0390, -0.0188, -0.9776)	11	944
75	(-13.0092, 6.1849, -6.5232)	(-0.2048, -0.0401, -0.0184, -0.9778)	11	955
76	(-11.6687, 5.2970, -8.2711)	(-0.2039, -0.0406, -0.0174, -0.9780)	11	966
77	(-11.1818, 5.0400, -8.8165)	(-0.2028, -0.0412, -0.0166, -0.9782)	11	978
78	(-9.9629, 5.7044, -9.1367)	(-0.2020, -0.0421, -0.0158, -0.9783)	11	989
79	(-7.0365, 6.5488, -9.7115)	(-0.2019, -0.0432, -0.0150, -0.9783)	11	1000
80	(-4.2904, 6.2399, -10.1424)	(-0.2020, -0.0440, -0.0140, -0.9783)	11	1011
81	(-3.3166, 6.4202, -10.3319)	(-0.2017, -0.0449, -0.0131, -0.9783)	11	1022
82	(-0.3261, 5.0877, -10.1880)	(-0.2022, -0.0453, -0.0122, -0.9782)	11	1033
83	(1.5638, 4.1911, -9.3861)	(-0.2026, -0.0457, -0.0115, -0.9781)	11	1044
84	(2.6022, 4.0131, -9.2025)	(-0.2030, -0.0462, -0.0107, -0.9780)	11	1055
85	(4.7460, 2.4520, -8.4451)	(-0.2038, -0.0463, -0.0099, -0.9779)	11	1067
86	(5.7850, 1.4036, -9.0963)	(-0.2045, -0.0464, -0.0088, -0.9777)	11	1078
87	(5.3591, -0.6122, -9.6665)	(-0.2049, -0.0462, -0.0077, -0.9777)	11	1089
88	(4.9406, -1.0465, -7.1567)	(-0.2053, -0.0460, -0.0075, -0.9776)	11	1100
89	(2.9319, -4.6405, -7.0211)	(-0.2052, -0.0450, -0.0066, -0.9777)	11	1111
90	(0.6174, -4.5001, -5.9188)	(-0.2048, -0.0446, -0.0062, -0.9778)	11	1122
91	(-1.6863, -6.6813, -5.2617)	(-0.2041, -0.0436, -0.0056, -0.9780)	11	1133
92	(-5.0976, -7.3112, -3.1681)	(-0.2029, -0.0428, -0.0056, -0.9783)	11	1145
93	(-9.6128, -8.6668, -3.6767)	(-0.2010, -0.0419, -0.0050, -0.9787)	11	1156
94	(-12.9085, -8.2911, -2.7593)	(-0.1991, -0.0412, -0.0049, -0.9791)	11	1167
95	(-15.8950, -7.8489, -1.9700)	(-0.1969, -0.0405, -0.0049, -0.9796)	11	1178
96	(-20.9505, -9.2792, -0.2788)	(-0.1939, -0.0392, -0.0051, -0.9802)	11	1189
97	(-26.0705, -10.2903, 1.2096)	(-0.1905, -0.0379, -0.0054, -0.9809)	11	1200
98	(-31.4394, -11.7715, 0.7690)	(-0.1865, -0.0365, -0.0052, -0.9818)	11	1211
99	(-40.0396, -12.7271, -0.8855)	(-0.1810, -0.0351, -0.0048, -0.9828)	11	1222
100	(-44.1897, -12.7911, -0.6889)	(-0.1760, -0.0339, -0.0048, -0.9838)	11	1233
101	(-50.5959, -12.9508, -2.1885)	(-0.1698, -0.0328, -0.0042, -0.9849)	11	1245
102	(-57.3078, -14.4503, -3.4200)	(-0.1630, -0.0312, -0.0037, -0.9861)	11	1256
103	(-64.2026, -15.5029, -3.8018)	(-0.1556, -0.0297, -0.0032, -0.9874)	11	1267
104	(-70.1864, -14.1174, -4.2412)	(-0.1477, -0.0287, -0.0028, -0.9886)	11	1278
105	(-75.7959, -15.8430, -4.8592)	(-0.1393, -0.0269, -0.0021, -0.9899)	11	1289
106	(-80.4358, -16.1194, -6.2987)	(-0.1307, -0.0255, -0.0012, -0.9911)	11	1300
107	(-83.3639, -15.1123, -7.2257)	(-0.1221, -0.0244, -0.0004, -0.9922)	11	1311
108	(-85.3221, -14.0212, -7.4822)	(-0.1134, -0.0233, 0.0003, -0.9933)	11	1323
109	(-87.7639, -13.3947, -6.3950)	(-0.1045, -0.0221, 0.0007, -0.9943)	11	1334
110	(-88.4927, -13.3390, -6.6972)	(-0.0958, -0.0209, 0.0013, -0.9952)	11	1345
111	(-90.2025, -11.9793, -5.6269)	(-0.0868, -0.0201, 0.0015, -0.9960)	11	1356
112	(-89.4724, -12.1436, -4.7734)	(-0.0782, -0.0189, 0.0018, -0.9968)	11	1367
113	(-89.0423, -11.1340, -3.3306)	(-0.0697, -0.0181, 0.0018, -0.9974)	11	1378
114	(-87.6969, -12.1539, -2.6447)	(-0.0614, -0.0167, 0.0019, -0.9980)	11	1389
115	(-84.5921, -10.9306, -5.3557)	(-0.0538, -0.0161, 0.0029, -0.9984)	11	1400
116	(-78.5511, -13.8199, -7.0199)	(-0.0473, -0.0142, 0.0039, -0.9988)	11	1412
117	(-73.7708, -19.3913, -2.7857)	(-0.0410, -0.0112, 0.0035, -0.9991)	11	1423
118	(-68.3891, -21.5904, -0.4404)	(-0.0354, -0.0087, 0.0031, -0.9993)	11	1434
119	(-65.4487, -22.3385, 4.3655)	(-0.0296, -0.0063, 0.0017, -0.9995)	11	1445
120	(-64.1634, -23.5718, 6.3373)	(-0.0236, -0.0038, 0.0008, -0.9997)	11	1456
121	(-63.6085, -24.0191, 8.1695)	(-0.0175, -0.0013, -0.0004, -0.9998)	11	1467
122	(-63.0530, -23.2698, 11.9283)	(-0.0115, 0.0009, -0.0022, -0.9999)	11	1478
123	(-62.2674, -21.3885, 11.5220)	(-0.0056, 0.0027, -0.0032, -1.0000)	11	1489
124	(-60.5635, -19.4959, 11.6047)	(0.0000, 0.0042, -0.0044, -1.0000)	11	1501
125	(-54.4718, -19.6476, 7.0191)	(0.0041, 0.0060, -0.0041, -1.0000)	11	1512
126	(-48.7369, -20.4383, 3.9177)	(0.0078, 0.0082, -0.0038, -0.9999)	11	1523
127	(-44.9520, -21.3575, 3.2558)	(0.0115, 0.0105, -0.0040, -0.9999)	11	1534
128	(-40.6279, -20.0881, 2.6684)	(0.0146, 0.0122, -0.0042, -0.9998)	11	1545
129	(-36.2931, -21.2643, 1.4608)	(0.0172, 0.0144, -0.0041, -0.9997)	11	1557
130	(-30.9287, -21.4010, 0.3552)	(0.0191, 0.0164, -0.0039, -0.9997)	11	1568
131	(-25.4357, -21.1962, 1.0615)	(0.0205, 0.0185, -0.0041, -0.9996)	11	1579
132	(-20.4250, -24.7629, -0.6433)	(0.0215, 0.0215, -0.0038, -0.9995)	11	1590
133	(-14.5731, -24.7726, -1.4497)	(0.0218, 0.0239, -0.0036, -0.9995)	11	1601
134	(-7.3766, -24.6817, -3.5435)	(0.0211, 0.0263, -0.0029, -0.9994)	11	1612
135	(0.0589, -22.1743, -6.4133)	(0.0197, 0.0280, -0.0018, -0.9994)	11	1623
136	(10.3458, -21.0245, -13.0453)	(0.0166, 0.0298, 0.0006, -0.9994)	11	1634
137	(20.0920, -18.7652, -19.1431)	(0.0126, 0.0313, 0.0035, -0.9994)	11	1645
138	(26.0622, -17.1693, -21.9959)	(0.0088, 0.0327, 0.0062, -0.9994)	11	1657
139	(31.7205, -12.8518, -25.5090)	(0.0044, 0.0331, 0.0093, -0.9994)	11	1668
140	(31.3461, -10.8068, -26.7676)	(0.0013, 0.0338, 0.0120, -0.9994)	11	1679
141	(28.3489, -8.7957, -26.4904)	(-0.0010, 0.0344, 0.0144, -0.9993)	11	1690
142	(21.3349, -8.6442, -24.5851)	(-0.0019, 0.0352, 0.0164, -0.9992)	11	1701
143	(11.5814, -6.5428, -19.6105)	(-0.0012, 0.0355, 0.0174, -0.9992)	11	1712
144	(-7.2114, 2.7014, -10.3027)	(0.0031, 0.0335, 0.0168, -0.9993)	11	1723
145	(-22.5425, 14.7571, -3.8649)	(0.0083, 0.0296, 0.0161, -0.9994)	11	1734
146	(-31.9028, 24.3991, -2.3270)	(0.0133, 0.0252, 0.0162, -0.9995)	11	1746
147	(-31.2901, 24.7100, -2.2779)	(0.0161, 0.0226, 0.0165, -0.9995)	11	1757
148	(-27.1932, 18.2380, -5.9922)	(0.0179, 0.0220, 0.0179, -0.9994)	11	1768
149	(-22.5921, 11.7786, -0.6985)	(0.0192, 0.0220, 0.0170, -0.9994)	11	1779
150	(-18.7361, 9.8245, 4.6783)	(0.0203, 0.0213, 0.0156, -0.9994)	11	1790
151	(-14.9285, 5.4640, 11.5738)	(0.0210, 0.0216, 0.0131, -0.9995)	11	1801
152	(-12.4122, 3.9684, 15.4293)	(0.0218, 0.0216, 0.0109, -0.9995)	11	1812
153	(-12.3472, 0.8594, 15.3716)	(0.0230, 0.0221, 0.0095, -0.9994)	11	1824
154	(-15.5863, 3.5459, 15.9391)	(0.0252, 0.0212, 0.0079, -0.9994)	11	1835
155	(-22.7337, 6.8747, 15.1608)	(0.0288, 0.0198, 0.0066, -0.9994)	11	1846
156	(-25.1273, 11.0863, 13.0750)	(0.0317, 0.0178, 0.0058, -0.9993)	11	1857
157	(-24.6428, 9.9943, 10.1095)	(0.0341, 0.0170, 0.0055, -0.9993)	11	1868
158	(-22.6358, 9.1170, 6.1055)	(0.0359, 0.0163, 0.0057, -0.9992)	11	1879
159	(-22.3270, 10.1104, 7.0571)	(0.0381, 0.0151, 0.0049, -0.9991)	11	1890
160	(-23.0013, 10.0755, 8.1581)	(0.0404, 0.0141, 0.0041, -0.9991)	11	1901
161	(-19.6388, 10.6143, 10.4484)	(0.0417, 0.0129, 0.0027, -0.9990)	11	1912
162	(-19.3249, 9.2300, 14.0050)	(0.0435, 0.0122, 0.0008, -0.9990)	11	1924
163	(-16.3312, 8.3051, 16.3888)	(0.0446, 0.0116, -0.0011, -0.9989)	11	1935
164	(-14.2539, 9.1488, 18.5566)	(0.0456, 0.0104, -0.0033, -0.9989)	11	1946
165	(-12.1878, 11.1706, 16.3189)	(0.0464, 0.0090, -0.0044, -0.9989)	11	1957
166	(-11.4057, 13.0110, 13.9684)	(0.0475, 0.0074, -0.0052, -0.9988)	11	1968
167	(-10.4311, 13.6996, 11.8179)	(0.0483, 0.0059, -0.0058, -0.9988)	11	1979
168	(-9.3417, 15.0796, 10.6943)	(0.0491, 0.0042, -0.0066, -0.9988)	11	1990
169	(-9.0347, 15.8033, 10.2497)	(0.0499, 0.0024, -0.0074, -0.9987)	11	2002
170	(-6.5443, 16.8903, 6.8111)	(0.0501, 0.0006, -0.0073, -0.9987)	11	2013
171	(-5.2057, 16.7290, 5.0485)	(0.0504, -0.0010, -0.0074, -0.9987)	11	2024
172	(-3.6808, 15.9170, 3.9048)	(0.0505, -0.0023, -0.0075, -0.9987)	11	2035
173	(-1.4226, 15.2233, 2.6308)	(0.0502, -0.0037, -0.0074, -0.9987)	11	2046
174	(1.5604, 12.6812, 0.2363)	(0.0496, -0.0045, -0.0069, -0.9987)	11	2057
175	(2.5407, 12.1809, -0.4773)	(0.0492, -0.0056, -0.0067, -0.9988)	11	2068
176	(3.7598, 9.6514, -1.8943)	(0.0486, -0.0061, -0.0062, -0.9988)	11	2080
177	(6.5055, 9.2733, -2.6213)	(0.0475, -0.0070, -0.0058, -0.9988)	11	2091
178	(8.1515, 8.6574, -6.1490)	(0.0464, -0.0076, -0.0044, -0.9989)	11	2102
179	(8.9504, 5.1074, -6.8062)	(0.0454, -0.0073, -0.0037, -0.9989)	11	2113
180	(9.1329, 4.4730, -8.1326)	(0.0446, -0.0076, -0.0025, -0.9990)	11	2124
181	(8.8338, 1.7707, -9.2385)	(0.0438, -0.0072, -0.0014, -0.9990)	11	2135
182	(8.1712, -1.0747, -8.6930)	(0.0432, -0.0066, -0.0007, -0.9990)	11	2146
183	(5.6721, -2.2019, -6.8953)	(0.0431, -0.0062, -0.0003, -0.9990)	11	2157
184	(3.4825, -4.0117, -6.0000)	(0.0432, -0.0054, 0.0001, -0.9991)	11	2168
185	(1.4754, -5.0856, -4.6911)	(0.0435, -0.0048, 0.0003, -0.9990)	11	2180
186	(1.2984, -5.7587, -2.1199)	(0.0434, -0.0042, 0.0000, -0.9990)	11	2191
187	(0.6274, -6.5162, -3.2639)	(0.0436, -0.0033, 0.0005, -0.9990)	11	2202
188	(0.1457, -6.3953, -3.2020)	(0.0437, -0.0027, 0.0007, -0.9990)	11	2213
189	(-0.4690, -5.0914, -2.1282)	(0.0439, -0.0027, 0.0006, -0.9990)	11	2224
190	(-1.2545, -6.2816, -0.7061)	(0.0441, -0.0018, 0.0005, -0.9990)	11	2235
191	(-0.3418, -4.8318, -1.2242)	(0.0440, -0.0018, 0.0007, -0.9990)	11	2246
192	(0.1409, -3.1289, -1.3801)	(0.0440, -0.0019, 0.0008, -0.9990)	11	2258
193	(-0.0455, -1.9092, -1.3412)	(0.0441, -0.0018, 0.0008, -0.9990)	11	2268
194	(0.0189, -1.2040, 0.3434)	(0.0441, -0.0017, 0.0007, -0.9990)	11	2280
195	(0.3724, -0.8488, -0.2083)	(0.0441, -0.0016, 0.0008, -0.9990)	11	2291
196	(1.4115, -1.4554, -0.2620)	(0.0439, -0.0014, 0.0008, -0.9990)	11	2302
197	(0.4973, -0.6104, -0.5795)	(0.0440, -0.0015, 0.0009, -0.9990)	11	2313
198	(1.1048, -0.1761, -0.1038)	(0.0438, -0.0015, 0.0009, -0.9990)	11	2324
199	(1.9577, 0.3055, -0.1160)	(0.0437, -0.0015, 0.0009, -0.9990)	11	2335
200	(2.1409, 0.1792, -0.4172)	(0.0435, -0.0015, 0.0011, -0.9991)	11	2347
201	(2.0779, -0.0675, -0.7153)	(0.0433, -0.0015, 0.0012, -0.9991)	11	2358
202	(2.1393, -0.1464, -1.7493)	(0.0430, -0.0015, 0.0014, -0.9991)	11	2369
203	(3.6629, 0.3347, -1.8264)	(0.0424, -0.0016, 0.0017, -0.9991)	11	2380
204	(3.4197, 1.1843, -1.9629)	(0.0422, -0.0017, 0.0019, -0.9991)	11	2391
205	(2.1383, -0.0397, -2.1175)	(0.0422, -0.0016, 0.0020, -0.9991)	11	2402
206	(2.2589, 0.0272, -1.9362)	(0.0420, -0.0016, 0.0021, -0.9991)	11	2413
207	(2.4423, 0.3396, -1.5197)	(0.0417, -0.0016, 0.0023, -0.9991)	11	2424
208	(3.0544, 0.3892, -2.1918)	(0.0413, -0.0016, 0.0026, -0.9991)	11	2435
209	(2.2583, 0.7094, -1.3435)	(0.0413, -0.0016, 0.0026, -0.9991)	11	2447
210	(1.5898, 0.2338, -0.7828)	(0.0412, -0.0015, 0.0026, -0.9991)	11	2458
211	(2.1422, -0.6777, -0.8862)	(0.0409, -0.0014, 0.0027, -0.9992)	11	2469
212	(2.1432, -0.6021, -0.2814)	(0.0408, -0.0014, 0.0027, -0.9992)	11	2480
213	(1.4759, -1.1921, 0.8251)	(0.0407, -0.0012, 0.0026, -0.9992)	11	2491
214	(1.9632, -1.0033, 1.0601)	(0.0405, -0.0011, 0.0025, -0.9992)	11	2502
215	(1.9637, -0.8685, 1.4865)	(0.0403, -0.0010, 0.0024, -0.9992)	11	2513
216	(0.3734, -0.8958, 0.2789)	(0.0403, -0.0010, 0.0024, -0.9992)	11	2525
217	(1.3534, -1.4643, -0.6850)	(0.0401, -0.0008, 0.0025, -0.9992)	11	2536
218	(2.2101, -1.9998, -0.0703)	(0.0397, -0.0005, 0.0025, -0.9992)	11	2547
219	(1.1674, -0.4933, -0.7669)	(0.0398, -0.0006, 0.0026, -0.9992)	11	2558
220	(2.6922, -1.4947, -2.2099)	(0.0394, -0.0002, 0.0029, -0.9992)	11	2569
221	(0.5003, -2.3307, -1.2771)	(0.0396, -0.0001, 0.0029, -0.9992)	11	2580
222	(-0.3515, -0.1135, -0.0379)	(0.0396, -0.0002, 0.0029, -0.9992)	11	2591
223	(-0.7162, -1.7790, -1.1016)	(0.0397, 0.0001, 0.0030, -0.9992)	11	2602
224	(-0.2307, -0.3620, -0.1591)	(0.0397, 0.0000, 0.0030, -0.9992)	11	2614
225	(-0.7802, -0.0404, 0.7456)	(0.0398, 0.0000, 0.0029, -0.9992)	11	2625
226	(-0.5367, 1.5505, 1.2620)	(0.0398, -0.0002, 0.0028, -0.9992)	11	2636
227	(-0.1683, 1.3209, 1.7518)	(0.0399, -0.0003, 0.0026, -0.9992)	11	2647
228	(-0.4144, 0.1297, 0.3750)	(0.0399, -0.0002, 0.0027, -0.9992)	11	2658
229	(-0.5357, 1.1844, 1.2694)	(0.0400, -0.0004, 0.0025, -0.9992)	11	2669
230	(0.9185, 1.9171, 1.1874)	(0.0400, -0.0005, 0.0024, -0.9992)	11	2680
231	(-0.2937, -0.1084, 0.2021)	(0.0401, -0.0004, 0.0024, -0.9992)	11	2691
232	(0.6167, -0.1201, -0.4067)	(0.0401, -0.0004, 0.0024, -0.9992)	11	2702
233	(0.9219, -0.7344, -0.5154)	(0.0401, -0.0003, 0.0024, -0.9992)	11	2714
234	(-0.0467, -0.4152, 0.0245)	(0.0401, -0.0003, 0.0023, -0.9992)	11	2725
235	(1.5314, 0.4689, -1.0334)	(0.0399, -0.0003, 0.0025, -0.9992)	11	2736
236	(0.8618, -0.2020, -1.3211)	(0.0399, -0.0003, 0.0025, -0.9992)	11	2747
237	(1.3483, 0.1604, -1.2669)	(0.0398, -0.0003, 0.0026, -0.9992)	11	2758
238	(2.0770, -0.2616, -1.5065)	(0.0396, -0.0002, 0.0028, -0.9992)	11	2769
239	(1.4074, -0.3138, -0.9543)	(0.0396, -0.0002, 0.0029, -0.9992)	11	2780
240	(2.0188, -0.0296, -1.6311)	(0.0393, -0.0002, 0.0032, -0.9992)	11	2791
241	(1.7130, 0.8250, -1.5273)	(0.0392, -0.0003, 0.0033, -0.9992)	11	2802
242	(1.2867, 0.1782, -0.4147)	(0.0391, -0.0003, 0.0032, -0.9992)	11	2814
243	(2.2080, -1.0819, 0.0313)	(0.0389, -0.0002, 0.0033, -0.9992)	11	2825
244	(0.9201, -0.0078, -0.5300)	(0.0389, -0.0003, 0.0034, -0.9992)	11	2836
245	(1.1028, 0.0488, -0.8406)	(0.0387, -0.0003, 0.0035, -0.9992)	11	2847
246	(1.5913, -0.0605, -0.3536)	(0.0386, -0.0003, 0.0035, -0.9992)	11	2858
247	(1.2896, -0.9731, -0.4544)	(0.0386, -0.0003, 0.0035, -0.9992)	11	2869
248	(-0.4165, 0.6702, -0.0535)	(0.0386, -0.0004, 0.0036, -0.9992)	11	2880
249	(0.4946, 0.1657, -0.9613)	(0.0385, -0.0004, 0.0036, -0.9993)	11	2891
250	(0.6144, 0.7839, -0.4249)	(0.0384, -0.0005, 0.0037, -0.9993)	11	2903
251	(1.4046, 1.4033, -0.1366)	(0.0383, -0.0007, 0.0037, -0.9993)	11	2914
252	(1.1643, 0.6554, -0.8530)	(0.0382, -0.0007, 0.0038, -0.9993)	11	2925
253	(1.4661, 1.8859, -0.3295)	(0.0381, -0.0010, 0.0039, -0.9993)	11	2936
254	(1.8333, 1.9544, -0.0860)	(0.0379, -0.0011, 0.0039, -0.9993)	11	2947
255	(1.1681, -0.2319, -0.0400)	(0.0379, -0.0010, 0.0039, -0.9993)	11	2958
256	(2.0740, 1.2648, -1.0510)	(0.0376, -0.0013, 0.0041, -0.9993)	11	2969
257	(1.1017, 0.9726, -0.1899)	(0.0376, -0.0012, 0.0040, -0.9993)	11	2981
258	(0.7368, -0.0653, -0.5283)	(0.0375, -0.0012, 0.0041, -0.9993)	11	2992
259	(0.8018, -0.2902, 0.2025)	(0.0374, -0.0012, 0.0041, -0.9993)	11	3003
260	(0.7373, 0.1878, 0.0730)	(0.0374, -0.0013, 0.0041, -0.9993)	11	3014
261	(0.5530, 0.8028, 0.4787)	(0.0373, -0.0013, 0.0041, -0.9993)	11	3025
262	(1.5344, 0.2567, 0.3095)	(0.0371, -0.0014, 0.0041, -0.9993)	11	3036
263	(1.7182, -0.1753, -0.1057)	(0.0371, -0.0014, 0.0042, -0.9993)	11	3047
264	(0.1936, -1.0500, -1.0560)	(0.0370, -0.0013, 0.0043, -0.9993)	11	3058
265	(2.3848, 1.2792, -0.3829)	(0.0367, -0.0016, 0.0043, -0.9993)	11	3069
266	(1.3468, 0.9563, -0.9797)	(0.0367, -0.0016, 0.0045, -0.9993)	11	3081
267	(2.0190, 0.9737, -0.1926)	(0.0365, -0.0017, 0.0045, -0.9993)	11	3092
268	(2.0171, 1.4581, -0.5628)	(0.0363, -0.0019, 0.0046, -0.9993)	11	3103
269	(1.1645, 0.9104, -0.4291)	(0.0362, -0.0019, 0.0047, -0.9993)	11	3114
270	(2.2564, 1.3120, -1.5387)	(0.0359, -0.0021, 0.0050, -0.9993)	11	3125
271	(1.8334, 1.0134, -1.2855)	(0.0358, -0.0021, 0.0050, -0.9993)	11	3136
272	(1.0335, 2.0442, -1.4870)	(0.0357, -0.0023, 0.0052, -0.9993)	11	3147
273	(2.0753, 0.5261, -1.3393)	(0.0356, -0.0022, 0.0053, -0.9994)	11	3158
274	(1.4662, 0.5088, -2.1266)	(0.0355, -0.0023, 0.0055, -0.9994)	11	3169
275	(1.8365, 0.2366, -0.6635)	(0.0354, -0.0023, 0.0056, -0.9994)	11	3180
276	(1.3502, -0.3113, -0.8341)	(0.0353, -0.0023, 0.0057, -0.9994)	11	3192
277	(1.0396, 0.4823, -0.3629)	(0.0353, -0.0023, 0.0058, -0.9994)	11	3203
278	(0.7991, -0.5091, -1.4977)	(0.0352, -0.0023, 0.0059, -0.9994)	11	3214
279	(1.1694, -0.7227, 0.0271)	(0.0352, -0.0022, 0.0059, -0.9994)	11	3225
280	(0.7995, 0.2431, -0.2944)	(0.0351, -0.0022, 0.0060, -0.9994)	11	3236
281	(2.2039, 0.0540, -0.6609)	(0.0348, -0.0022, 0.0061, -0.9994)	11	3247
282	(0.9836, -0.2436, -0.5884)	(0.0348, -0.0022, 0.0061, -0.9994)	11	3258
283	(1.5913, -0.0020, -0.2918)	(0.0346, -0.0022, 0.0062, -0.9994)	11	3269
284	(1.9580, -0.1866, -0.6553)	(0.0344, -0.0022, 0.0063, -0.9994)	11	3281
285	(1.8391, -0.4168, -0.1641)	(0.0343, -0.0022, 0.0063, -0.9994)	11	3292
286	(1.0990, 1.7602, -0.5662)	(0.0342, -0.0024, 0.0064, -0.9994)	11	3303
287	(1.5314, 0.5986, -0.8529)	(0.0341, -0.0023, 0.0065, -0.9994)	11	3314
288	(1.1039, -0.4985, -1.0126)	(0.0341, -0.0023, 0.0066, -0.9994)	11	3325
289	(1.1663, -0.2524, -1.0178)	(0.0340, -0.0023, 0.0067, -0.9994)	11	3336
290	(-0.2952, 0.0562, -0.4076)	(0.0341, -0.0023, 0.0067, -0.9994)	11	3347
291	(-0.4130, -0.4081, 0.3858)	(0.0341, -0.0023, 0.0067, -0.9994)	11	3358
292	(-0.4778, 0.0019, 0.0174)	(0.0342, -0.0023, 0.0067, -0.9994)	12	3370
293	(-0.2314, -0.1815, -0.2829)	(0.0343, -0.0023, 0.0067, -0.9994)	11	3381
294	(-0.6554, 0.4448, 0.6725)	(0.0344, -0.0023, 0.0066, -0.9994)	11	3392
295	(-0.7809, -0.0493, 0.3225)	(0.0345, -0.0023, 0.0066, -0.9994)	11	3403
296	(-0.1674, 0.2649, 0.8006)	(0.0345, -0.0024, 0.0066, -0.9994)	11	3414
297	(0.3098, 1.0925, -0.4303)	(0.0344, -0.0025, 0.0066, -0.9994)	11	3425
298	(1.0376, 1.0895, -0.6154)	(0.0343, -0.0026, 0.0067, -0.9994)	11	3436
299	(0.8602, 1.4052, -0.0149)	(0.0342, -0.0027, 0.0067, -0.9994)	11	3447
300	(0.1940, -0.2267, 0.2660)	(0.0342, -0.0026, 0.0067, -0.9994)	11	3458
301	(-0.4775, -0.3662, -0.3413)	(0.0343, -0.0027, 0.0067, -0.9994)	11	3470
302	(-0.2937, 0.1980, 0.6192)	(0.0343, -0.0027, 0.0066, -0.9994)	12	3481
303	(-1.2672, -0.2208, 0.6305)	(0.0344, -0.0027, 0.0065, -0.9994)	11	3492
304	(-0.5274, -2.5942, 0.6762)	(0.0344, -0.0024, 0.0064, -0.9994)	11	3503
305	(-0.1080, -0.7713, 0.5124)	(0.0344, -0.0025, 0.0064, -0.9994)	11	3514
306	(0.0781, -0.9940, 1.6147)	(0.0344, -0.0024, 0.0062, -0.9994)	11	3525
307	(-1.3261, -1.3028, 1.4420)	(0.0346, -0.0023, 0.0061, -0.9994)	11	3536
308	(0.6187, -0.3508, 0.3244)	(0.0345, -0.0023, 0.0061, -0.9994)	11	3547
309	(0.9893, -1.8748, 0.2339)	(0.0344, -0.0021, 0.0060, -0.9994)	11	3558
310	(1.4705, 0.6240, 0.3595)	(0.0343, -0.0023, 0.0060, -0.9994)	11	3569
311	(1.6525, 1.2320, 0.4096)	(0.0342, -0.0023, 0.0061, -0.9994)	11	3580
312	(0.3684, 0.6660, -0.3017)	(0.0343, -0.0023, 0.0061, -0.9994)	11	3591
313	(-0.5376, 1.0387, 0.0596)	(0.0343, -0.0024, 0.0061, -0.9994)	11	3602
314	(0.0698, 1.1596, 0.0553)	(0.0343, -0.0025, 0.0061, -0.9994)	11	3613
315	(-0.3500, -0.0971, 0.7455)	(0.0343, -0.0024, 0.0060, -0.9994)	11	3624
316	(0.1924, 0.1846, -0.0455)	(0.0343, -0.0024, 0.0060, -0.9994)	11	3636
317	(0.2506, 0.2589, 0.4906)	(0.0343, -0.0024, 0.0060, -0.9994)	11	3647
318	(1.1057, -1.0426, -0.7557)	(0.0341, -0.0023, 0.0061, -0.9994)	34	3680
319	(0.6204, -1.3323, -0.0791)	(0.0341, -0.0022, 0.0062, -0.9994)	11	3691
320	(-0.4141, -0.7984, -0.7561)	(0.0341, -0.0022, 0.0062, -0.9994)	11	3702
321	(0.0722, -0.0610, -0.2862)	(0.0340, -0.0022, 0.0063, -0.9994)	11	3713
322	(1.1044, -0.1157, -0.2252)	(0.0339, -0.0022, 0.0063, -0.9994)	11	3724
323	(0.6185, -0.5415, -0.0321)	(0.0340, -0.0022, 0.0063, -0.9994)	11	3735
324	(-0.1715, 1.0301, -0.3704)	(0.0340, -0.0023, 0.0064, -0.9994)	11	3746
325	(-1.2042, -0.6626, 0.0329)	(0.0342, -0.0022, 0.0063, -0.9994)	11	3757
326	(-1.0219, 0.1958, 0.5585)	(0.0343, -0.0022, 0.0063, -0.9994)	11	3768
327	(-0.6517, -1.2620, 0.3465)	(0.0343, -0.0021, 0.0062, -0.9994)	11	3779
328	(-0.1659, -0.5311, 0.5077)	(0.0343, -0.0021, 0.0062, -0.9994)	11	3790
329	(-0.2911, -1.2679, 0.0424)	(0.0343, -0.0020, 0.0062, -0.9994)	11	3801
330	(0.4353, -0.4737, 0.2073)	(0.0343, -0.0020, 0.0061, -0.9994)	13	3814
331	(0.0763, -0.8848, 0.8230)	(0.0344, -0.0018, 0.0061, -0.9994)	9	3823
332	(-0.4712, -2.4841, 0.1933)	(0.0345, -0.0015, 0.0061, -0.9994)	11	3834
333	(-0.6520, -0.9537, 0.5806)	(0.0346, -0.0015, 0.0061, -0.9994)	11	3845
334	(-2.3549, -3.4590, 0.2185)	(0.0353, -0.0005, 0.0059, -0.9994)	28	3872
335	(-1.0748, -3.1918, 1.4164)	(0.0353, -0.0004, 0.0057, -0.9994)	9	3881
336	(-1.0175, -1.5677, 0.5311)	(0.0354, -0.0005, 0.0059, -0.9994)	11	3891
337	(-1.0184, -2.1379, -0.7273)	(0.0354, -0.0003, 0.0060, -0.9994)	9	3901
338	(-0.1696, -0.0143, -0.7726)	(0.0354, -0.0003, 0.0060, -0.9994)	11	3912
339	(-0.4158, -0.2517, -0.8873)	(0.0354, -0.0003, 0.0061, -0.9994)	11	3923
340	(0.4319, 0.4232, -0.4171)	(0.0353, -0.0003, 0.0062, -0.9994)	11	3934
341	(-1.2667, -0.7802, 0.1613)	(0.0355, -0.0001, 0.0062, -0.9994)	11	3945
342	(-1.2013, -1.9423, -0.1244)	(0.0356, 0.0001, 0.0062, -0.9993)	11	3956
343	(-1.7529, -1.2684, 0.1096)	(0.0358, 0.0001, 0.0062, -0.9993)	11	3967
344	(-1.8712, -1.9983, 0.2448)	(0.0360, 0.0004, 0.0062, -0.9993)	11	3978
345	(-0.1657, -0.8990, 0.1605)	(0.0359, 0.0004, 0.0062, -0.9993)	11	3989
346	(0.0204, -2.1880, -0.1802)	(0.0360, 0.0006, 0.0062, -0.9993)	11	4000
347	(-0.8360, -1.6488, -0.6176)	(0.0361, 0.0007, 0.0062, -0.9993)	11	4011
348	(0.4391, -2.4387, -0.4224)	(0.0360, 0.0011, 0.0063, -0.9993)	11	4022
349	(0.3159, -1.2749, -0.3253)	(0.0361, 0.0011, 0.0063, -0.9993)	11	4033
350	(-0.7770, -2.1299, -0.3621)	(0.0363, 0.0016, 0.0063, -0.9993)	22	4055
351	(-0.4732, -1.4411, 0.5270)	(0.0364, 0.0017, 0.0062, -0.9993)	11	4066
352	(-0.6535, -0.5938, 0.2759)	(0.0365, 0.0018, 0.0063, -0.9993)	11	4077
353	(-0.1656, -0.7751, 0.3353)	(0.0365, 0.0019, 0.0062, -0.9993)	11	4088
354	(-0.0457, -0.3440, 0.6866)	(0.0366, 0.0020, 0.0062, -0.9993)	11	4099
355	(0.0161, -0.2294, 0.1464)	(0.0367, 0.0021, 0.0063, -0.9993)	11	4110
356	(-1.2667, -0.5921, 0.3920)	(0.0368, 0.0022, 0.0062, -0.9993)	11	4121
357	(-0.5292, -2.4919, -0.1725)	(0.0369, 0.0026, 0.0063, -0.9993)	11	4132
358	(-0.8358, -1.9584, -0.9146)	(0.0370, 0.0027, 0.0064, -0.9993)	11	4143
359	(0.0789, -3.1162, -0.7738)	(0.0370, 0.0030, 0.0065, -0.9993)	11	4154
360	(-2.4859, -1.9488, -0.3607)	(0.0374, 0.0031, 0.0065, -0.9993)	11	4165
361	(-1.1490, -0.2462, -0.5820)	(0.0373, 0.0029, 0.0065, -0.9993)	11	4176
362	(-1.3861, -1.3990, -0.1348)	(0.0374, 0.0031, 0.0065, -0.9993)	11	4187
363	(-0.1115, 0.3724, 0.1919)	(0.0374, 0.0031, 0.0065, -0.9993)	11	4198
364	(0.9861, -0.4039, 0.5018)	(0.0373, 0.0032, 0.0065, -0.9993)	11	4209
365	(-0.4075, -1.4103, 1.9906)	(0.0375, 0.0033, 0.0062, -0.9993)	11	4220
366	(-1.1476, 0.0768, 0.6242)	(0.0376, 0.0033, 0.0063, -0.9993)	22	4242
367	(-0.4137, -0.2928, 0.1490)	(0.0376, 0.0034, 0.0062, -0.9993)	11	4253
368	(-1.2061, 0.1868, 0.1416)	(0.0377, 0.0034, 0.0062, -0.9993)	11	4264
369	(0.7362, 0.5526, 0.0027)	(0.0376, 0.0034, 0.0063, -0.9993)	11	4275
370	(0.6176, -0.4221, -0.3434)	(0.0376, 0.0035, 0.0063, -0.9993)	11	4286
371	(0.8611, 0.0383, -1.3259)	(0.0375, 0.0034, 0.0064, -0.9993)	11	4297
372	(1.8950, -0.3093, -0.7728)	(0.0373, 0.0034, 0.0065, -0.9993)	11	4308
373	(2.3222, 0.0896, -1.6973)	(0.0371, 0.0034, 0.0067, -0.9993)	11	4320
374	(0.7337, 1.5895, 0.0447)	(0.0372, 0.0032, 0.0066, -0.9993)	11	4330
375	(1.1017, 0.0361, -1.4467)	(0.0371, 0.0033, 0.0068, -0.9993)	11	4341
376	(0.4947, 0.6674, -0.2392)	(0.0371, 0.0032, 0.0068, -0.9993)	11	4352
377	(0.6798, 0.4985, 0.4273)	(0.0371, 0.0031, 0.0068, -0.9993)	11	4364
378	(0.5558, -0.7260, -0.0911)	(0.0370, 0.0032, 0.0068, -0.9993)	11	4375
379	(1.2848, 1.7229, 0.6411)	(0.0368, 0.0030, 0.0068, -0.9993)	11	4386
380	(1.4057, 0.1616, -1.2099)	(0.0368, 0.0031, 0.0069, -0.9993)	11	4397
381	(0.4342, -0.9227, -1.0021)	(0.0368, 0.0031, 0.0070, -0.9993)	11	4408
382	(0.4349, -0.9150, -0.6361)	(0.0365, 0.0030, 0.0072, -0.9993)	34	4442
383	(0.3107, 0.4726, -0.7839)	(0.0365, 0.0029, 0.0073, -0.9993)	12	4454
384	(0.4941, 0.8492, -0.3058)	(0.0364, 0.0029, 0.0074, -0.9993)	10	4464
385	(1.1001, 1.0832, -0.9186)	(0.0363, 0.0028, 0.0075, -0.9993)	10	4474
386	(0.7359, 0.6143, -0.0558)	(0.0362, 0.0028, 0.0075, -0.9993)	11	4486
387	(0.8597, 0.8342, -1.0388)	(0.0361, 0.0027, 0.0076, -0.9993)	11	4497
388	(1.1667, 0.0579, -0.4119)	(0.0360, 0.0027, 0.0077, -0.9993)	11	4508
389	(0.9202, -0.3130, -0.8900)	(0.0358, 0.0027, 0.0078, -0.9993)	11	4519
390	(2.2041, 0.3045, -0.1797)	(0.0356, 0.0026, 0.0078, -0.9993)	11	4530
391	(1.1715, -0.8224, 1.0016)	(0.0356, 0.0028, 0.0078, -0.9993)	11	4541
392	(0.3145, -0.4134, 0.0863)	(0.0357, 0.0028, 0.0078, -0.9993)	11	4552
393	(0.7360, 0.2964, -0.4784)	(0.0356, 0.0029, 0.0078, -0.9993)	11	4563
394	(0.4342, -0.1101, 0.0799)	(0.0356, 0.0029, 0.0078, -0.9993)	11	4574
395	(0.4968, 0.3794, 0.4874)	(0.0355, 0.0029, 0.0078, -0.9993)	11	4585
396	(0.7357, 0.7942, 0.0607)	(0.0354, 0.0029, 0.0078, -0.9993)	11	4596
397	(1.6500, 1.7685, -0.2076)	(0.0352, 0.0027, 0.0079, -0.9993)	11	4607
398	(1.1002, 0.7665, -1.2784)	(0.0350, 0.0027, 0.0082, -0.9994)	31	4637
399	(1.6507, 0.8340, -1.0983)	(0.0347, 0.0027, 0.0083, -0.9994)	12	4649
400	(1.3485, 0.0986, -1.2084)	(0.0346, 0.0028, 0.0084, -0.9994)	11	4660
401	(1.8923, 0.1547, -1.5715)	(0.0344, 0.0027, 0.0086, -0.9994)	10	4671
402	(2.0775, 0.1098, -0.7188)	(0.0342, 0.0028, 0.0087, -0.9994)	11	4682
403	(1.0421, -0.4832, -0.2805)	(0.0342, 0.0028, 0.0087, -0.9994)	11	4693
404	(0.5529, -0.0109, -0.6547)	(0.0342, 0.0029, 0.0088, -0.9994)	11	4705
405	(1.4069, 0.6177, 0.0623)	(0.0341, 0.0029, 0.0089, -0.9994)	11	4716
406	(0.8616, -0.5809, -1.9198)	(0.0341, 0.0031, 0.0092, -0.9994)	11	4727
407	(0.1943, -1.1663, -0.8706)	(0.0341, 0.0032, 0.0091, -0.9994)	11	4738
408	(-0.9632, -0.9076, -0.2031)	(0.0342, 0.0032, 0.0091, -0.9994)	11	4750
409	(0.2565, -2.5527, -0.1164)	(0.0341, 0.0035, 0.0092, -0.9994)	11	4761
410	(0.4392, -1.6834, 0.6550)	(0.0341, 0.0035, 0.0091, -0.9994)	11	4772
411	(0.8011, -0.4860, -0.3999)	(0.0339, 0.0035, 0.0092, -0.9994)	11	4783
412	(1.1696, -1.0920, -0.3887)	(0.0337, 0.0036, 0.0093, -0.9994)	11	4794
413	(1.5340, -0.9316, -1.4914)	(0.0335, 0.0038, 0.0095, -0.9994)	11	4805
414	(0.9204, -0.4345, -0.9504)	(0.0334, 0.0039, 0.0097, -0.9994)	21	4826
415	(0.9834, -0.1877, -0.6524)	(0.0332, 0.0042, 0.0099, -0.9994)	19	4845
416	(0.8665, -1.0835, 0.0353)	(0.0332, 0.0043, 0.0099, -0.9994)	9	4854
417	(0.2502, -0.8707, -1.2429)	(0.0332, 0.0044, 0.0101, -0.9994)	8	4862
418	(-0.2268, -2.0079, -0.3090)	(0.0332, 0.0046, 0.0100, -0.9994)	7	4869
419	(0.7441, -2.7364, -0.1713)	(0.0331, 0.0048, 0.0100, -0.9994)	11	4880
420	(-0.1645, -1.9512, -0.6135)	(0.0333, 0.0048, 0.0101, -0.9994)	11	4891
421	(0.2539, -1.3276, 0.1679)	(0.0333, 0.0049, 0.0101, -0.9994)	10	4901
422	(-0.5345, -0.4864, -0.3387)	(0.0334, 0.0049, 0.0101, -0.9994)	10	4911
423	(0.6819, -0.6615, -0.0299)	(0.0334, 0.0050, 0.0101, -0.9994)	11	4922
424	(-0.2926, -0.9082, -0.2680)	(0.0335, 0.0051, 0.0102, -0.9994)	11	4933
425	(-1.6323, -1.3311, 0.1105)	(0.0337, 0.0053, 0.0102, -0.9994)	10	4943
426	(-0.5329, -0.5913, 0.3899)	(0.0336, 0.0053, 0.0102, -0.9994)	11	4954
427	(-0.5977, -0.6117, -0.5763)	(0.0337, 0.0054, 0.0103, -0.9994)	11	4965
428	(-0.3492, -1.7189, -0.9837)	(0.0337, 0.0056, 0.0104, -0.9994)	11	4976
429	(-0.2300, -0.6665, -0.2102)	(0.0336, 0.0057, 0.0104, -0.9994)	11	4987
430	(-0.4757, -1.0928, -0.3267)	(0.0336, 0.0058, 0.0105, -0.9994)	15	5002
431	(-0.6522, -2.0211, -0.9138)	(0.0336, 0.0061, 0.0106, -0.9994)	8	5009
432	(0.3778, -2.9187, -0.1093)	(0.0335, 0.0064, 0.0106, -0.9994)	9	5018
433	(0.4404, -2.9237, -0.3497)	(0.0334, 0.0067, 0.0106, -0.9994)	11	5029
434	(-0.5289, -3.6784, -1.6130)	(0.0335, 0.0072, 0.0109, -0.9994)	11	5041
435	(0.2003, -3.6646, -1.0033)	(0.0334, 0.0075, 0.0109, -0.9994)	11	5052
436	(-0.0406, -4.2309, -1.7864)	(0.0335, 0.0081, 0.0111, -0.9993)	11	5063
437	(0.7443, -3.8001, -1.4885)	(0.0334, 0.0084, 0.0112, -0.9993)	11	5074
438	(0.1423, -4.3610, -2.2705)	(0.0334, 0.0091, 0.0115, -0.9993)	11	5085
439	(0.8741, -5.4484, -1.7645)	(0.0332, 0.0098, 0.0116, -0.9993)	11	5096
440	(1.1144, -5.2008, -1.7073)	(0.0331, 0.0103, 0.0118, -0.9993)	11	5107
441	(1.4803, -5.0879, -2.0768)	(0.0329, 0.0108, 0.0121, -0.9993)	11	5119
442	(2.4558, -5.3886, -2.0106)	(0.0325, 0.0116, 0.0123, -0.9993)	11	5130
443	(1.8504, -6.2406, -1.9345)	(0.0325, 0.0125, 0.0125, -0.9993)	11	5141
444	(1.9686, -5.2640, -1.7715)	(0.0322, 0.0126, 0.0126, -0.9993)	11	5152
445	(2.5805, -5.0332, -2.2641)	(0.0318, 0.0131, 0.0130, -0.9993)	11	5163
446	(3.3067, -4.4240, -2.4616)	(0.0314, 0.0134, 0.0132, -0.9993)	11	5174
447	(3.5518, -3.6863, -2.2312)	(0.0311, 0.0137, 0.0134, -0.9993)	11	5185
448	(3.4305, -3.4500, -2.4187)	(0.0308, 0.0140, 0.0136, -0.9993)	11	5196
449	(3.7370, -4.4197, -2.2799)	(0.0304, 0.0147, 0.0139, -0.9993)	11	5207
450	(2.2619, -2.3174, -3.4735)	(0.0305, 0.0144, 0.0142, -0.9993)	11	5218
451	(3.4824, -1.5041, -2.7040)	(0.0301, 0.0145, 0.0143, -0.9993)	11	5230
452	(2.5092, -0.9241, -1.1912)	(0.0301, 0.0146, 0.0143, -0.9993)	11	5241
453	(2.6305, -1.6079, -1.6011)	(0.0299, 0.0148, 0.0145, -0.9993)	11	5252
454	(1.4064, -0.3253, -1.5032)	(0.0300, 0.0148, 0.0147, -0.9993)	11	5263
455	(1.2905, -1.6513, -0.8641)	(0.0299, 0.0151, 0.0148, -0.9993)	11	5274
456	(1.4102, -1.8471, -1.4726)	(0.0297, 0.0154, 0.0150, -0.9993)	11	5285
457	(-0.2297, -2.1651, -2.0677)	(0.0298, 0.0156, 0.0152, -0.9993)	11	5296
458	(1.6582, -2.2721, -1.2817)	(0.0295, 0.0159, 0.0152, -0.9993)	11	5308
459	(0.8029, -1.0899, -0.2676)	(0.0295, 0.0159, 0.0152, -0.9993)	11	5319
460	(1.9624, -2.7028, -1.6400)	(0.0293, 0.0165, 0.0155, -0.9993)	11	5330
461	(0.6185, -2.1082, -2.1343)	(0.0294, 0.0166, 0.0157, -0.9993)	11	5341
462	(1.9009, -3.4974, -1.8641)	(0.0291, 0.0172, 0.0158, -0.9993)	11	5352
463	(1.3539, -2.8364, -2.2419)	(0.0291, 0.0174, 0.0161, -0.9993)	11	5363
464	(1.4148, -3.8617, -1.7352)	(0.0289, 0.0179, 0.0162, -0.9993)	11	5374
465	(1.6619, -3.7951, -1.3082)	(0.0288, 0.0182, 0.0163, -0.9993)	11	5386
466	(2.2664, -2.8251, -1.7586)	(0.0285, 0.0184, 0.0166, -0.9993)	11	5397
467	(2.8180, -3.3165, -1.7503)	(0.0282, 0.0189, 0.0168, -0.9993)	11	5408
468	(3.3029, -2.9022, -2.4923)	(0.0278, 0.0192, 0.0171, -0.9993)	11	5419
469	(2.9388, -4.0011, -2.4691)	(0.0276, 0.0199, 0.0174, -0.9993)	11	5430
470	(3.3701, -3.7957, -1.4391)	(0.0273, 0.0202, 0.0173, -0.9993)	11	5441
471	(3.7362, -3.9937, -2.1626)	(0.0267, 0.0207, 0.0177, -0.9993)	11	5452
472	(4.6473, -3.6201, -1.8697)	(0.0261, 0.0210, 0.0178, -0.9993)	11	5464
473	(6.1710, -3.5039, -2.4257)	(0.0249, 0.0215, 0.0182, -0.9993)	11	5475
474	(7.7575, -2.5835, -2.0256)	(0.0238, 0.0216, 0.0184, -0.9993)	11	5486
475	(9.0384, -1.9305, -2.8948)	(0.0227, 0.0217, 0.0188, -0.9993)	11	5497
476	(9.5898, -2.7286, -0.3233)	(0.0217, 0.0222, 0.0182, -0.9994)	11	5508
477	(10.1376, -2.5049, -1.4220)	(0.0206, 0.0224, 0.0186, -0.9994)	11	5520
478	(11.6053, -2.6914, -1.6686)	(0.0192, 0.0227, 0.0188, -0.9994)	11	5531
479	(11.6615, -2.3263, -1.7333)	(0.0181, 0.0228, 0.0190, -0.9994)	11	5542
480	(12.4574, -1.2707, -0.8474)	(0.0167, 0.0227, 0.0189, -0.9994)	11	5553
481	(13.4362, -2.4169, -0.1578)	(0.0152, 0.0231, 0.0187, -0.9994)	11	5564
482	(15.1947, 0.4458, -0.2207)	(0.0133, 0.0225, 0.0186, -0.9995)	11	5575
483	(16.1085, 2.0324, 0.0535)	(0.0115, 0.0221, 0.0185, -0.9995)	11	5587
484	(19.4706, 0.2546, 2.1389)	(0.0088, 0.0225, 0.0177, -0.9995)	11	5598
485	(22.0986, 0.5956, 3.7718)	(0.0061, 0.0224, 0.0170, -0.9996)	11	5609
486	(23.5631, 0.3158, 4.8085)	(0.0035, 0.0225, 0.0163, -0.9996)	11	5620
487	(25.9988, 1.2440, 2.5288)	(0.0005, 0.0221, 0.0165, -0.9996)	11	5631
488	(26.7311, 1.9167, 2.6332)	(-0.0023, 0.0218, 0.0162, -0.9996)	11	5642
489	(28.6794, 2.3507, 2.7388)	(-0.0055, 0.0216, 0.0158, -0.9996)	11	5654
490	(30.2691, 0.8636, 1.6086)	(-0.0087, 0.0219, 0.0159, -0.9996)	11	5665
491	(29.5952, 1.5213, 0.8079)	(-0.0113, 0.0216, 0.0158, -0.9996)	11	5676
492	(31.0614, 1.0669, 2.5175)	(-0.0146, 0.0217, 0.0151, -0.9995)	11	5687
493	(32.0419, 0.6986, 2.0930)	(-0.0241, 0.0217, 0.0144, -0.9994)	28	5715
494	(33.1381, 0.5844, 2.5840)	(-0.0277, 0.0218, 0.0139, -0.9993)	7	5721
495	(33.9387, -0.4903, 3.1468)	(-0.0312, 0.0222, 0.0133, -0.9992)	11	5733
496	(35.0316, 0.1053, 2.8284)	(-0.0350, 0.0221, 0.0131, -0.9991)	11	5743
497	(33.9402, -0.9740, 3.2824)	(-0.0378, 0.0226, 0.0126, -0.9989)	11	5754
498	(31.9847, -1.7368, 1.9592)	(-0.0373, 0.0227, 0.0130, -0.9990)	11	5766
499	(30.7044, -0.6353, 2.4327)	(-0.0400, 0.0225, 0.0126, -0.9989)	11	5777
500	(27.1559, 1.5529, 2.4562)	(-0.0419, 0.0221, 0.0123, -0.9988)	11	5788
501	(26.4873, 1.0119, 2.8981)	(-0.0444, 0.0222, 0.0119, -0.9987)	11	5799
502	(25.0862, 1.4196, 2.2247)	(-0.0465, 0.0220, 0.0118, -0.9986)	11	5810
503	(23.3125, 1.3919, 1.0120)	(-0.0483, 0.0219, 0.0119, -0.9985)	11	5821
504	(22.3359, 3.0640, 2.1997)	(-0.0502, 0.0213, 0.0114, -0.9984)	11	5832
505	(20.6247, 3.7770, 1.6412)	(-0.0518, 0.0207, 0.0113, -0.9984)	11	5843
506	(18.1758, 6.2062, 1.3534)	(-0.0531, 0.0196, 0.0111, -0.9983)	11	5854
507	(17.8069, 6.4365, 0.6233)	(-0.0547, 0.0189, 0.0112, -0.9983)	11	5865
508	(15.8456, 9.6748, -1.5013)	(-0.0558, 0.0173, 0.0117, -0.9982)	11	5876
509	(14.2549, 10.0186, -2.4760)	(-0.0568, 0.0163, 0.0121, -0.9982)	11	5888
510	(11.2630, 9.3983, -2.9467)	(-0.0573, 0.0155, 0.0124, -0.9982)	11	5899
511	(10.9581, 9.8869, -2.8298)	(-0.0583, 0.0144, 0.0125, -0.9981)	11	5910
512	(10.5931, 10.0322, -1.6132)	(-0.0593, 0.0134, 0.0124, -0.9981)	11	5921
513	(10.4125, 8.6226, -1.9503)	(-0.0604, 0.0129, 0.0126, -0.9980)	11	5932
514	(12.3711, 7.3529, -1.7474)	(-0.0621, 0.0125, 0.0127, -0.9979)	11	5943
515	(14.0852, 5.7309, -0.8674)	(-0.0638, 0.0122, 0.0125, -0.9978)	11	5954
516	(15.1209, 6.0213, -1.5456)	(-0.0655, 0.0116, 0.0128, -0.9977)	11	5965
517	(16.0998, 4.6296, -1.0971)	(-0.0673, 0.0115, 0.0127, -0.9976)	11	5977
518	(19.5821, 3.7838, -0.9702)	(-0.0698, 0.0113, 0.0128, -0.9974)	11	5988
519	(18.7305, 2.6818, -1.0656)	(-0.0714, 0.0113, 0.0130, -0.9973)	11	5999
520	(19.7069, 1.5145, -1.6513)	(-0.0735, 0.0114, 0.0133, -0.9971)	11	6010
521	(21.3526, 1.7739, -1.1179)	(-0.0759, 0.0112, 0.0132, -0.9970)	11	6021
522	(22.4546, 1.7893, -0.4522)	(-0.0782, 0.0111, 0.0131, -0.9968)	11	6032
523	(23.2517, -0.0196, 0.3084)	(-0.0806, 0.0115, 0.0130, -0.9966)	11	6043
524	(25.9972, 0.4134, 0.5948)	(-0.0837, 0.0114, 0.0128, -0.9963)	11	6054
525	(27.9581, -1.5179, 1.1772)	(-0.0869, 0.0121, 0.0126, -0.9961)	11	6066
526	(29.9103, -2.5416, 1.3751)	(-0.0902, 0.0125, 0.0125, -0.9958)	11	6077
527	(31.5612, -1.4162, 2.8063)	(-0.0936, 0.0125, 0.0120, -0.9955)	11	6088
528	(33.7566, -1.3532, 2.6784)	(-0.0972, 0.0128, 0.0118, -0.9951)	11	6099
529	(33.5149, -3.6179, 2.2386)	(-0.1004, 0.0137, 0.0117, -0.9948)	11	6110
530	(34.7402, -4.6340, 3.1078)	(-0.1040, 0.0144, 0.0113, -0.9944)	11	6121
531	(35.8395, -3.8368, 3.3917)	(-0.1077, 0.0147, 0.0109, -0.9940)	11	6132
532	(37.7899, -3.9444, 3.8744)	(-0.1117, 0.0153, 0.0104, -0.9936)	11	6144
533	(38.4032, -3.9449, 3.8154)	(-0.1155, 0.0158, 0.0101, -0.9931)	11	6155
534	(40.1121, -4.8146, 2.9126)	(-0.1197, 0.0166, 0.0100, -0.9926)	11	6166
535	(40.9663, -4.2490, 3.6309)	(-0.1238, 0.0170, 0.0095, -0.9921)	11	6177
536	(41.0880, -5.3640, 2.8579)	(-0.1278, 0.0179, 0.0094, -0.9916)	11	6188
537	(41.2707, -6.1853, 1.3522)	(-0.1318, 0.0186, 0.0096, -0.9911)	11	6199
538	(40.7787, -3.7307, 2.1566)	(-0.1356, 0.0185, 0.0091, -0.9905)	11	6210
539	(40.1633, -4.6323, -0.1288)	(-0.1394, 0.0190, 0.0096, -0.9900)	11	6221
540	(38.3931, -3.2487, -0.6377)	(-0.1428, 0.0190, 0.0096, -0.9895)	11	6233
541	(38.8782, -2.4554, -0.7753)	(-0.1467, 0.0191, 0.0097, -0.9889)	11	6244
542	(38.8091, -1.0820, -2.1471)	(-0.1505, 0.0189, 0.0101, -0.9884)	11	6255
543	(37.6467, -0.3207, -3.4347)	(-0.1539, 0.0186, 0.0106, -0.9879)	11	6266
544	(37.1540, 0.8647, -4.7385)	(-0.1574, 0.0182, 0.0112, -0.9873)	11	6277
545	(36.6659, 1.8560, -3.8418)	(-0.1608, 0.0178, 0.0112, -0.9868)	11	6288
546	(35.3794, 2.4520, -4.2733)	(-0.1639, 0.0174, 0.0116, -0.9863)	11	6299
547	(32.8755, 3.8417, -4.7230)	(-0.1665, 0.0167, 0.0121, -0.9858)	11	6311
548	(33.2408, 3.7002, -5.7567)	(-0.1698, 0.0163, 0.0127, -0.9853)	11	6322
549	(31.4683, 3.7508, -6.2387)	(-0.1725, 0.0157, 0.0133, -0.9848)	11	6333
550	(30.7940, 4.6457, -6.9241)	(-0.1753, 0.0150, 0.0139, -0.9843)	11	6344
551	(29.1525, 4.2523, -5.3897)	(-0.1778, 0.0146, 0.0140, -0.9839)	11	6355
552	(27.7507, 4.2184, -3.9261)	(-0.1802, 0.0142, 0.0140, -0.9834)	11	6366
553	(25.7355, 6.3782, -2.6194)	(-0.1822, 0.0132, 0.0137, -0.9831)	11	6377
554	(23.6601, 4.6794, -4.8959)	(-0.1840, 0.0130, 0.0146, -0.9827)	11	6389
555	(23.2297, 4.6140, -5.2594)	(-0.1861, 0.0125, 0.0151, -0.9823)	11	6400
556	(22.3181, 4.6129, -5.2567)	(-0.1880, 0.0120, 0.0155, -0.9820)	11	6411
557	(20.4797, 5.8147, -5.6989)	(-0.1897, 0.0111, 0.0160, -0.9817)	11	6422
558	(20.6073, 5.2071, -5.7499)	(-0.1917, 0.0107, 0.0165, -0.9812)	11	6433
559	(19.6903, 4.8322, -6.1058)	(-0.1934, 0.0102, 0.0170, -0.9809)	11	6444
560	(16.4572, 5.3968, -5.1924)	(-0.1944, 0.0095, 0.0172, -0.9807)	11	6455
561	(15.7870, 5.2142, -5.1238)	(-0.1958, 0.0090, 0.0176, -0.9804)	11	6466
562	(13.2304, 3.8376, -3.7499)	(-0.1965, 0.0090, 0.0176, -0.9803)	11	6478
563	(11.4606, 3.6080, -3.1337)	(-0.1972, 0.0086, 0.0178, -0.9802)	11	6489
564	(10.0626, 3.3629, -3.0045)	(-0.1980, 0.0084, 0.0180, -0.9800)	11	6500
565	(9.8172, 2.7511, -3.2318)	(-0.1989, 0.0082, 0.0183, -0.9798)	11	6511
566	(7.7413, 3.1186, -3.0500)	(-0.1992, 0.0078, 0.0185, -0.9798)	11	6522
567	(5.6694, 2.2791, -2.2948)	(-0.1993, 0.0079, 0.0185, -0.9797)	11	6533
568	(6.5894, 1.4341, -1.9773)	(-0.2002, 0.0079, 0.0187, -0.9795)	11	6545
569	(5.8554, 1.6785, -1.7398)	(-0.2006, 0.0077, 0.0188, -0.9795)	11	6556
570	(6.3441, 0.3815, -2.7505)	(-0.2012, 0.0078, 0.0193, -0.9793)	11	6567
571	(4.6364, 0.5112, -2.1989)	(-0.2013, 0.0077, 0.0193, -0.9793)	11	6578
572	(3.4237, -0.9550, -2.7149)	(-0.2012, 0.0080, 0.0196, -0.9793)	11	6589
573	(2.7527, -1.5218, -0.5049)	(-0.2011, 0.0082, 0.0194, -0.9793)	11	6600
574	(0.6854, -1.7455, 0.4096)	(-0.2009, 0.0083, 0.0193, -0.9794)	11	6611
575	(0.5632, -3.7092, -0.1512)	(-0.2010, 0.0090, 0.0195, -0.9794)	11	6622
576	(0.5068, -3.8860, 0.1558)	(-0.2011, 0.0094, 0.0195, -0.9793)	11	6633
577	(0.6281, -4.1877, 0.2244)	(-0.2011, 0.0099, 0.0195, -0.9793)	11	6645
578	(0.0301, -5.6506, 0.3758)	(-0.2011, 0.0109, 0.0196, -0.9793)	11	6656
579	(1.1797, -5.1154, -0.3706)	(-0.2013, 0.0112, 0.0198, -0.9793)	11	6667
580	(1.1827, -5.8933, 0.1942)	(-0.2013, 0.0121, 0.0199, -0.9792)	11	6678
581	(1.0605, -7.4153, 0.2253)	(-0.2014, 0.0132, 0.0201, -0.9792)	11	6689
582	(1.4901, -7.7308, -0.3760)	(-0.2016, 0.0139, 0.0205, -0.9792)	11	6700
583	(0.8203, -8.1620, -0.4283)	(-0.2015, 0.0148, 0.0207, -0.9792)	11	6712
584	(1.5614, -10.8336, -0.1363)	(-0.2018, 0.0164, 0.0210, -0.9791)	11	6723
585	(0.0448, -11.9948, -0.2858)	(-0.2014, 0.0177, 0.0214, -0.9791)	11	6734
586	(0.4057, -14.4406, -0.6666)	(-0.2015, 0.0195, 0.0220, -0.9791)	11	6745
587	(-1.7129, -17.2325, 0.0652)	(-0.2009, 0.0217, 0.0223, -0.9791)	11	6756
588	(-2.0116, -17.6089, 2.3218)	(-0.2006, 0.0236, 0.0220, -0.9791)	11	6767
589	(-2.4371, -20.3794, 0.9774)	(-0.2002, 0.0260, 0.0228, -0.9791)	11	6778
590	(-4.9360, -19.9969, 1.8923)	(-0.1992, 0.0279, 0.0228, -0.9793)	11	6789
591	(-6.3994, -21.1403, 2.5889)	(-0.1982, 0.0302, 0.0229, -0.9794)	11	6800
592	(-9.5686, -22.1963, 1.8244)	(-0.1967, 0.0324, 0.0234, -0.9797)	11	6812
593	(-8.7768, -21.4990, 3.0894)	(-0.1960, 0.0344, 0.0232, -0.9797)	11	6823
594	(-9.9299, -23.6993, 2.7710)	(-0.1947, 0.0372, 0.0235, -0.9799)	11	6834
595	(-11.3332, -24.7519, 2.0642)	(-0.1933, 0.0397, 0.0239, -0.9800)	11	6845
596	(-14.0084, -27.0504, 3.1538)	(-0.1913, 0.0428, 0.0241, -0.9803)	11	6856
597	(-14.8612, -27.0932, 3.8894)	(-0.1896, 0.0454, 0.0242, -0.9805)	11	6867
598	(-15.6474, -28.6033, 4.5285)	(-0.1879, 0.0486, 0.0243, -0.9807)	11	6878
599	(-16.6812, -29.5032, 5.3448)	(-0.1860, 0.0517, 0.0243, -0.9809)	11	6890
600	(-16.5564, -30.8945, 5.8587)	(-0.1843, 0.0551, 0.0243, -0.9810)	11	6901
601	(-15.9429, -30.7629, 6.0945)	(-0.1828, 0.0581, 0.0243, -0.9811)	11	6912
602	(-17.6498, -31.8786, 5.3955)	(-0.1806, 0.0614, 0.0247, -0.9813)	11	6923
603	(-17.3452, -31.7454, 5.9983)	(-0.1789, 0.0644, 0.0246, -0.9814)	11	6934
604	(-16.4899, -32.7336, 5.2263)	(-0.1774, 0.0678, 0.0250, -0.9815)	11	6945
605	(-16.0639, -33.0248, 5.7801)	(-0.1758, 0.0710, 0.0250, -0.9815)	11	6956
606	(-17.8937, -32.8503, 5.4730)	(-0.1736, 0.0740, 0.0252, -0.9817)	11	6967
607	(-17.8355, -30.7155, 5.7387)	(-0.1719, 0.0766, 0.0253, -0.9818)	11	6979
608	(-19.3040, -30.1616, 6.0351)	(-0.1696, 0.0794, 0.0253, -0.9820)	11	6990
609	(-20.2175, -29.7495, 5.5432)	(-0.1674, 0.0822, 0.0255, -0.9821)	11	7001
610	(-21.1382, -28.8481, 4.9157)	(-0.1651, 0.0848, 0.0258, -0.9823)	11	7012
611	(-21.3810, -27.6169, 5.5037)	(-0.1630, 0.0872, 0.0258, -0.9824)	11	7023
612	(-20.2911, -25.8543, 5.1560)	(-0.1611, 0.0893, 0.0259, -0.9825)	11	7034
613	(-21.2692, -25.0182, 4.4155)	(-0.1587, 0.0915, 0.0262, -0.9827)	11	7045
614	(-20.0553, -21.7201, 4.9519)	(-0.1570, 0.0930, 0.0260, -0.9829)	11	7056
615	(-19.3288, -21.9851, 3.7366)	(-0.1552, 0.0952, 0.0264, -0.9829)	11	7068
616	(-19.5754, -19.2309, 4.3511)	(-0.1532, 0.0965, 0.0263, -0.9831)	11	7079
617	(-18.0544, -17.3378, 4.7375)	(-0.1517, 0.0978, 0.0261, -0.9832)	11	7090
618	(-16.1707, -13.7311, 5.2084)	(-0.1504, 0.0985, 0.0258, -0.9834)	11	7101
619	(-14.9537, -12.6466, 4.4508)	(-0.1492, 0.0996, 0.0258, -0.9834)	11	7112
620	(-15.3268, -10.0215, 4.6450)	(-0.1476, 0.1000, 0.0255, -0.9836)	11	7123
621	(-13.3837, -8.0226, 4.0498)	(-0.1467, 0.1004, 0.0253, -0.9838)	11	7135
622	(-12.5360, -4.9627, 4.7121)	(-0.1455, 0.1003, 0.0248, -0.9839)	11	7146
623	(-12.6571, -4.7834, 4.5315)	(-0.1442, 0.1008, 0.0247, -0.9841)	11	7157
624	(-9.7956, -2.0153, 5.6229)	(-0.1438, 0.1005, 0.0239, -0.9842)	11	7168
625	(-8.6963, -1.1539, 5.9684)	(-0.1431, 0.1006, 0.0233, -0.9843)	11	7179
626	(-7.2934, -0.2349, 6.3061)	(-0.1427, 0.1005, 0.0226, -0.9844)	11	7190
627	(-6.3230, 0.4660, 5.0135)	(-0.1423, 0.1003, 0.0224, -0.9845)	11	7201
628	(-3.8258, 1.3843, 4.9876)	(-0.1424, 0.1000, 0.0218, -0.9845)	11	7212
629	(-2.7292, 2.4033, 4.1115)	(-0.1424, 0.0996, 0.0217, -0.9846)	11	7223
630	(-1.5761, 3.8495, 3.4097)	(-0.1424, 0.0991, 0.0215, -0.9846)	11	7235
631	(-2.0057, 2.5341, 1.8529)	(-0.1422, 0.0992, 0.0216, -0.9846)	11	7246
632	(-0.7233, 3.3334, 1.9531)	(-0.1423, 0.0989, 0.0213, -0.9846)	11	7257
633	(-0.4161, 2.1178, 2.1026)	(-0.1423, 0.0989, 0.0211, -0.9846)	11	7268
634	(2.2000, 2.9541, 1.1627)	(-0.1428, 0.0985, 0.0208, -0.9846)	11	7279
635	(1.5290, 3.3272, 1.5233)	(-0.1428, 0.0982, 0.0206, -0.9846)	11	7290
636	(1.2890, 1.0816, 1.9926)	(-0.1429, 0.0984, 0.0205, -0.9846)	11	7301
637	(0.7315, 3.1959, 1.0420)	(-0.1429, 0.0979, 0.0204, -0.9847)	11	7312
638	(0.5484, 3.0698, 1.0451)	(-0.1430, 0.0976, 0.0203, -0.9847)	11	7324
639	(-0.2419, 4.7089, 0.6483)	(-0.1430, 0.0967, 0.0201, -0.9848)	11	7335
640	(1.8211, 6.4493, -0.5427)	(-0.1436, 0.0956, 0.0202, -0.9848)	11	7346
641	(1.6946, 8.9518, -0.4726)	(-0.1438, 0.0943, 0.0200, -0.9849)	11	7357
642	(2.1793, 10.1119, -0.3144)	(-0.1442, 0.0932, 0.0198, -0.9850)	11	7368
643	(3.3914, 13.7076, -0.3275)	(-0.1448, 0.0912, 0.0195, -0.9851)	11	7379
644	(4.0567, 15.0241, -1.4543)	(-0.1454, 0.0894, 0.0196, -0.9851)	11	7390
645	(3.9206, 18.4769, -2.1928)	(-0.1459, 0.0870, 0.0196, -0.9853)	11	7401
646	(5.4385, 20.7831, -2.8501)	(-0.1468, 0.0845, 0.0195, -0.9854)	11	7413
647	(7.0819, 23.5762, -3.2202)	(-0.1479, 0.0817, 0.0193, -0.9854)	11	7424
648	(9.0867, 28.2569, -0.9464)	(-0.1492, 0.0783, 0.0183, -0.9855)	11	7435
649	(9.7468, 32.7108, -0.6720)	(-0.1503, 0.0744, 0.0177, -0.9857)	11	7446
650	(12.6682, 36.4426, -0.0293)	(-0.1522, 0.0703, 0.0168, -0.9857)	11	7457
651	(13.1456, 40.4690, 0.0712)	(-0.1536, 0.0658, 0.0160, -0.9858)	11	7468
652	(15.9356, 45.2056, -0.7590)	(-0.1558, 0.0606, 0.0153, -0.9858)	11	7479
653	(17.6997, 48.0029, -0.9407)	(-0.1579, 0.0555, 0.0145, -0.9858)	11	7491
654	(17.9219, 54.9304, -4.6734)	(-0.1599, 0.0488, 0.0146, -0.9858)	11	7502
655	(18.7086, 56.5109, -4.9536)	(-0.1619, 0.0431, 0.0142, -0.9858)	11	7513
656	(17.8496, 57.5797, -6.0652)	(-0.1636, 0.0374, 0.0142, -0.9857)	11	7524
657	(19.8600, 58.2502, -6.1476)	(-0.1660, 0.0316, 0.0138, -0.9855)	11	7535
658	(20.2300, 57.2844, -5.8260)	(-0.1681, 0.0263, 0.0133, -0.9853)	11	7546
659	(21.4494, 57.3308, -6.6829)	(-0.1704, 0.0207, 0.0130, -0.9851)	11	7557
660	(22.1223, 55.4772, -8.0433)	(-0.1727, 0.0155, 0.0131, -0.9848)	11	7568
661	(22.0671, 52.6827, -7.5635)	(-0.1748, 0.0108, 0.0129, -0.9845)	11	7579
662	(19.5791, 47.4244, -8.4227)	(-0.1763, 0.0072, 0.0132, -0.9842)	11	7591
663	(17.9545, 39.5761, -7.8364)	(-0.1777, 0.0048, 0.0134, -0.9840)	11	7602
664	(15.7200, 31.0783, -6.2570)	(-0.1788, 0.0034, 0.0134, -0.9838)	11	7613
665	(15.1291, 22.3738, -5.8968)	(-0.1802, 0.0028, 0.0137, -0.9835)	11	7624
666	(13.5717, 13.5723, -4.3762)	(-0.1811, 0.0031, 0.0139, -0.9834)	11	7635
667	(9.6853, 6.5051, -4.3424)	(-0.1813, 0.0038, 0.0144, -0.9833)	11	7646
668	(7.3280, -1.3896, -3.2039)	(-0.1815, 0.0054, 0.0148, -0.9833)	11	7657
669	(3.8092, -10.1382, -2.0390)	(-0.1811, 0.0081, 0.0152, -0.9833)	11	7669
670	(-0.1936, -16.4776, -1.9624)	(-0.1803, 0.0108, 0.0159, -0.9834)	11	7680
671	(-3.2863, -24.7103, -2.1535)	(-0.1793, 0.0146, 0.0169, -0.9835)	11	7691
672	(-6.3802, -31.0713, -0.4316)	(-0.1781, 0.0187, 0.0173, -0.9837)	11	7702
673	(-8.7441, -35.8513, 1.3078)	(-0.1767, 0.0230, 0.0177, -0.9838)	11	7713
674	(-11.5963, -39.6412, 3.8867)	(-0.1750, 0.0275, 0.0176, -0.9840)	11	7724
675	(-12.9942, -41.7570, 4.6028)	(-0.1735, 0.0320, 0.0179, -0.9842)	11	7735
676	(-14.6304, -44.7275, 5.5198)	(-0.1717, 0.0370, 0.0181, -0.9843)	11	7747
677	(-17.4260, -48.4630, 4.6937)	(-0.1694, 0.0424, 0.0187, -0.9845)	11	7758
678	(-18.7040, -51.1484, 4.4484)	(-0.1673, 0.0478, 0.0193, -0.9846)	11	7769
679	(-20.2199, -53.9904, 5.4827)	(-0.1650, 0.0535, 0.0197, -0.9847)	11	7780
680	(-20.4601, -55.9848, 6.1929)	(-0.1628, 0.0592, 0.0200, -0.9847)	11	7791
681	(-21.1265, -57.1316, 6.9502)	(-0.1605, 0.0650, 0.0202, -0.9847)	11	7802
682	(-20.0889, -56.9422, 7.1836)	(-0.1586, 0.0705, 0.0205, -0.9846)	11	7813
683	(-21.0616, -57.4805, 7.5005)	(-0.1561, 0.0763, 0.0208, -0.9846)	11	7824
684	(-21.0010, -57.8277, 5.6824)	(-0.1540, 0.0818, 0.0217, -0.9844)	11	7836
685	(-22.0432, -55.6847, 6.1286)	(-0.1515, 0.0868, 0.0219, -0.9844)	11	7847
686	(-21.4943, -54.5760, 6.8368)	(-0.1494, 0.0919, 0.0221, -0.9842)	11	7858
687	(-18.8823, -52.7207, 5.0870)	(-0.1479, 0.0967, 0.0228, -0.9840)	11	7869
688	(-18.9489, -48.1868, 6.2143)	(-0.1458, 0.1005, 0.0228, -0.9839)	11	7880
689	(-18.8410, -44.0676, 5.0326)	(-0.1439, 0.1040, 0.0233, -0.9838)	11	7891
690	(-17.3335, -39.2559, 2.1339)	(-0.1424, 0.1069, 0.0242, -0.9837)	11	7902
691	(-18.2613, -34.6787, 2.6507)	(-0.1404, 0.1094, 0.0243, -0.9837)	11	7914
692	(-15.6457, -30.5926, 2.7437)	(-0.1393, 0.1116, 0.0245, -0.9836)	11	7925
693	(-11.8166, -24.7076, 4.1984)	(-0.1387, 0.1130, 0.0242, -0.9836)	11	7936
694	(-11.4603, -20.9428, 3.5723)	(-0.1376, 0.1144, 0.0243, -0.9836)	11	7947
695	(-7.3263, -14.1149, 3.8516)	(-0.1377, 0.1146, 0.0239, -0.9835)	11	7958
696	(-4.7211, -8.2635, 3.7832)	(-0.1376, 0.1144, 0.0235, -0.9836)	11	7969
697	(-3.6402, 0.4666, 4.8854)	(-0.1374, 0.1128, 0.0227, -0.9838)	11	7980
698	(-2.1970, 6.7723, 3.3526)	(-0.1375, 0.1110, 0.0223, -0.9840)	11	7991
699	(-0.9352, 14.8489, 2.2136)	(-0.1377, 0.1081, 0.0219, -0.9843)	11	8002
700	(1.0529, 21.8463, 1.7006)	(-0.1383, 0.1047, 0.0213, -0.9846)	11	8014
701	(2.9332, 26.9156, 2.3194)	(-0.1389, 0.1013, 0.0204, -0.9849)	11	8025
702	(4.6288, 31.0984, 1.0745)	(-0.1398, 0.0975, 0.0199, -0.9852)	11	8036
703	(6.4447, 35.7163, 0.3697)	(-0.1409, 0.0933, 0.0193, -0.9854)	11	8047
704	(8.6924, 40.3494, 0.6359)	(-0.1422, 0.0887, 0.0185, -0.9857)	11	8058
705	(10.0936, 42.3199, 1.4444)	(-0.1435, 0.0845, 0.0175, -0.9859)	11	8069
706	(10.8220, 45.4567, 2.7748)	(-0.1447, 0.0796, 0.0162, -0.9861)	11	8080
707	(11.7179, 51.2317, 2.1695)	(-0.1461, 0.0737, 0.0151, -0.9864)	11	8091
708	(11.9492, 58.2584, 3.4287)	(-0.1473, 0.0669, 0.0134, -0.9867)	11	8103
709	(12.6557, 65.6605, 1.8187)	(-0.1487, 0.0593, 0.0122, -0.9870)	11	8114
710	(13.8647, 69.3442, 0.2765)	(-0.1503, 0.0520, 0.0112, -0.9872)	11	8125
711	(13.6123, 73.5973, -0.2318)	(-0.1517, 0.0441, 0.0101, -0.9874)	11	8136
712	(13.4200, 77.1283, -0.2452)	(-0.1530, 0.0362, 0.0089, -0.9875)	11	8147
713	(12.7480, 78.1212, 0.4690)	(-0.1542, 0.0285, 0.0075, -0.9876)	11	8158
714	(14.2021, 80.8474, -0.0765)	(-0.1559, 0.0203, 0.0063, -0.9875)	11	8169
715	(13.7699, 83.9535, -0.1378)	(-0.1572, 0.0117, 0.0049, -0.9875)	11	8181
716	(14.4923, 85.3959, -1.2674)	(-0.1587, 0.0033, 0.0040, -0.9873)	11	8192
717	(15.5941, 83.9663, -2.6319)	(-0.1605, -0.0046, 0.0032, -0.9870)	11	8203
718	(17.4293, 82.4759, -1.2172)	(-0.1625, -0.0122, 0.0017, -0.9866)	11	8214
719	(17.4349, 80.5969, -0.7503)	(-0.1641, -0.0196, 0.0005, -0.9862)	11	8225
720	(16.8898, 78.4609, -0.7685)	(-0.1657, -0.0267, -0.0005, -0.9858)	11	8236
721	(16.2242, 76.2639, -0.9625)	(-0.1672, -0.0336, -0.0016, -0.9854)	11	8247
722	(14.4651, 73.7056, -0.8486)	(-0.1683, -0.0403, -0.0027, -0.9849)	11	8258
723	(13.0052, 71.6025, 0.4795)	(-0.1692, -0.0467, -0.0041, -0.9845)	11	8270
724	(11.6204, 66.4976, 1.1356)	(-0.1701, -0.0522, -0.0052, -0.9840)	11	8281
725	(11.9351, 62.5478, 1.6376)	(-0.1713, -0.0576, -0.0063, -0.9835)	11	8292
726	(13.6490, 60.3573, 1.6138)	(-0.1728, -0.0629, -0.0072, -0.9829)	11	8303
727	(13.9631, 55.2765, 0.3195)	(-0.1741, -0.0674, -0.0078, -0.9824)	11	8314
728	(15.6217, 50.4129, 0.8360)	(-0.1758, -0.0714, -0.0086, -0.9818)	11	8325
729	(15.0771, 47.4696, -0.0127)	(-0.1772, -0.0755, -0.0091, -0.9812)	11	8336
730	(14.8496, 41.9222, -0.3292)	(-0.1785, -0.0786, -0.0094, -0.9807)	11	8347
731	(14.6746, 39.4519, 0.8766)	(-0.1799, -0.0819, -0.0102, -0.9802)	11	8359
732	(15.1712, 35.7966, 0.9489)	(-0.1815, -0.0847, -0.0107, -0.9797)	11	8370
733	(16.5801, 32.2135, -1.5916)	(-0.1832, -0.0873, -0.0105, -0.9791)	11	8381
734	(17.1379, 28.9142, -2.0130)	(-0.1848, -0.0896, -0.0106, -0.9786)	11	8392
735	(16.4787, 25.1591, -0.9057)	(-0.1863, -0.0913, -0.0109, -0.9782)	11	8403
736	(15.3836, 22.8439, -0.9759)	(-0.1875, -0.0930, -0.0109, -0.9778)	11	8414
737	(14.1726, 18.8249, -0.9486)	(-0.1886, -0.0941, -0.0109, -0.9775)	11	8425
738	(12.6555, 15.8392, -0.7638)	(-0.1896, -0.0951, -0.0109, -0.9772)	11	8436
739	(12.8423, 14.3767, -0.9179)	(-0.1908, -0.0962, -0.0109, -0.9768)	11	8448
740	(13.0893, 14.5716, -0.3734)	(-0.1920, -0.0976, -0.0111, -0.9765)	11	8459
741	(13.5116, 14.4193, -1.6530)	(-0.1933, -0.0990, -0.0109, -0.9761)	11	8470
742	(13.3956, 11.7790, -2.8179)	(-0.1945, -0.0998, -0.0105, -0.9758)	11	8481

