Missile Rate 3.00 Missile Speed 0.20 
Line_#	VR_Velocity	VR_Orientation	DeltaTime	TotalTime
0	Index trigger pushed	0	0
0	(13.7445, -5.8040, 0.0045)	(0.0631, 0.0915, 0.0050, -0.9938)	2	6
1	(8.1156, 2.2703, 2.1637)	(0.0442, 0.0941, 0.0025, -0.9946)	26	32
2	(7.9868, 3.3044, 2.0803)	(0.0401, 0.0926, 0.0010, -0.9949)	24	56
3	(8.5964, 3.3845, 0.1376)	(0.0375, 0.0918, 0.0013, -0.9951)	30	86
4	(5.5431, 4.8504, 0.3516)	(0.0361, 0.0900, 0.0010, -0.9953)	45	131
5	(5.2351, 3.8019, -0.2270)	(0.0347, 0.0892, 0.0010, -0.9954)	34	165
6	(4.9949, 2.6775, -1.4221)	(0.0339, 0.0889, 0.0013, -0.9955)	23	188
7	(2.3686, 2.8563, -1.4752)	(0.0337, 0.0884, 0.0015, -0.9955)	23	211
8	(1.6421, 2.6254, -0.9822)	(0.0337, 0.0883, 0.0015, -0.9955)	12	223
9	(0.7845, 3.9643, -0.9494)	(0.0336, 0.0877, 0.0016, -0.9956)	11	234
10	(0.7234, 2.9853, -1.2327)	(0.0335, 0.0876, 0.0017, -0.9956)	11	245
11	(0.1730, 2.9192, -1.3499)	(0.0335, 0.0874, 0.0018, -0.9956)	11	256
12	(0.1176, 2.5002, -0.8550)	(0.0335, 0.0872, 0.0019, -0.9956)	11	267
13	(1.0312, 1.5235, -1.0840)	(0.0333, 0.0872, 0.0020, -0.9956)	11	279
14	(0.9660, 2.0638, -1.5180)	(0.0332, 0.0869, 0.0022, -0.9957)	11	290
15	(0.6618, 1.9953, -1.7617)	(0.0331, 0.0867, 0.0023, -0.9957)	11	301
16	(2.2525, 2.3458, 0.1143)	(0.0328, 0.0865, 0.0021, -0.9957)	11	312
17	(2.4998, 2.3550, 0.5367)	(0.0326, 0.0862, 0.0021, -0.9957)	11	323
18	(1.4640, 1.3094, 0.1375)	(0.0326, 0.0863, 0.0021, -0.9957)	11	334
19	(2.2535, 1.7273, -0.1764)	(0.0323, 0.0860, 0.0021, -0.9958)	11	346
20	(2.3172, 2.4234, 1.0793)	(0.0321, 0.0856, 0.0018, -0.9958)	11	357
21	(3.7188, 1.9567, 1.9369)	(0.0315, 0.0853, 0.0014, -0.9959)	11	368
22	(4.7007, 2.2295, 3.1470)	(0.0308, 0.0850, 0.0008, -0.9959)	11	379
23	(6.5285, 1.5303, 1.6341)	(0.0296, 0.0848, 0.0007, -0.9960)	11	389
24	(7.5601, 4.1538, 1.9443)	(0.0285, 0.0837, 0.0003, -0.9961)	12	401
25	(8.0433, 4.6074, 0.3491)	(0.0276, 0.0832, 0.0006, -0.9961)	11	412
26	(8.5929, 5.0410, 0.5218)	(0.0267, 0.0826, 0.0005, -0.9962)	11	423
27	(8.6452, 6.1071, -0.7698)	(0.0258, 0.0818, 0.0008, -0.9963)	11	434
28	(9.0099, 6.2714, -1.6894)	(0.0247, 0.0812, 0.0011, -0.9964)	11	446
29	(10.7151, 7.1131, -2.3178)	(0.0232, 0.0803, 0.0014, -0.9965)	11	457
30	(12.4199, 8.0806, -2.9544)	(0.0217, 0.0793, 0.0016, -0.9966)	11	468
31	(13.2167, 9.1408, -1.5766)	(0.0202, 0.0781, 0.0014, -0.9967)	11	479
32	(14.2463, 12.7478, -1.0402)	(0.0186, 0.0762, 0.0013, -0.9969)	11	490
33	(14.1239, 11.4769, -0.7740)	(0.0173, 0.0754, 0.0012, -0.9970)	11	501
34	(15.5865, 13.6762, -0.5194)	(0.0154, 0.0736, 0.0011, -0.9972)	11	513
35	(16.3130, 15.1017, 0.5423)	(0.0137, 0.0718, 0.0007, -0.9973)	11	524
36	(16.7427, 15.2224, 0.5386)	(0.0119, 0.0703, 0.0005, -0.9975)	11	535
37	(18.5680, 16.0617, -0.2101)	(0.0097, 0.0685, 0.0006, -0.9976)	11	546
38	(19.0529, 17.4780, 0.4235)	(0.0078, 0.0665, 0.0002, -0.9978)	11	557
39	(19.8489, 18.0930, 0.7748)	(0.0056, 0.0647, 0.0000, -0.9979)	11	568
40	(22.5289, 18.8145, 0.0831)	(0.0028, 0.0627, -0.0001, -0.9980)	11	579
41	(23.3191, 18.4931, -0.8223)	(0.0004, 0.0610, 0.0000, -0.9981)	11	591
42	(24.3548, 19.5375, -0.4803)	(-0.0022, 0.0589, -0.0003, -0.9983)	11	602
43	(25.6981, 18.8711, -0.4079)	(-0.0050, 0.0572, -0.0004, -0.9984)	11	613
44	(26.6175, 19.3967, 1.3980)	(-0.0077, 0.0551, -0.0011, -0.9984)	11	624
45	(29.5463, 20.2051, 2.1053)	(-0.0112, 0.0530, -0.0017, -0.9985)	11	635
46	(33.3892, 19.3533, 1.9281)	(-0.0153, 0.0513, -0.0021, -0.9986)	11	646
47	(35.4696, 17.7826, 2.5028)	(-0.0192, 0.0499, -0.0027, -0.9986)	11	657
48	(39.3745, 17.7961, 2.9144)	(-0.0239, 0.0481, -0.0033, -0.9986)	11	668
49	(41.6947, 17.7797, 1.9983)	(-0.0284, 0.0464, -0.0035, -0.9985)	11	680
50	(42.0596, 16.4452, 2.2072)	(-0.0326, 0.0451, -0.0040, -0.9984)	11	691
51	(44.3861, 15.3769, 3.2516)	(-0.0375, 0.0439, -0.0048, -0.9983)	11	702
52	(45.3588, 15.3564, 2.2195)	(-0.0421, 0.0424, -0.0051, -0.9982)	11	713
53	(45.8482, 14.9393, 2.7699)	(-0.0466, 0.0410, -0.0058, -0.9981)	11	724
54	(44.8700, 16.4626, 2.8679)	(-0.0506, 0.0391, -0.0064, -0.9979)	11	735
55	(44.4355, 18.1657, 2.7719)	(-0.0548, 0.0369, -0.0070, -0.9978)	11	746
56	(45.4129, 20.0169, 3.6470)	(-0.0594, 0.0345, -0.0079, -0.9976)	11	757
57	(45.0945, 23.5490, 3.6969)	(-0.0637, 0.0314, -0.0086, -0.9974)	11	769
58	(45.0907, 25.5726, 4.3883)	(-0.0680, 0.0285, -0.0096, -0.9972)	11	780
59	(43.5637, 26.7366, 4.8556)	(-0.0719, 0.0257, -0.0104, -0.9970)	11	791
60	(42.7056, 28.1335, 4.6469)	(-0.0758, 0.0226, -0.0112, -0.9968)	11	802
61	(40.7537, 28.7890, 4.0903)	(-0.0792, 0.0197, -0.0117, -0.9966)	11	813
62	(40.0783, 30.0474, 3.2775)	(-0.0829, 0.0165, -0.0123, -0.9963)	11	824
63	(39.1046, 29.3095, 2.8090)	(-0.0864, 0.0139, -0.0127, -0.9961)	11	836
64	(39.7751, 29.1182, 2.3818)	(-0.0903, 0.0111, -0.0131, -0.9958)	11	847
65	(39.0411, 29.1148, 2.2639)	(-0.0938, 0.0083, -0.0136, -0.9955)	11	858
66	(39.5953, 27.9057, 2.7100)	(-0.0977, 0.0059, -0.0142, -0.9951)	11	869
67	(39.9617, 27.8355, 2.3442)	(-0.1015, 0.0032, -0.0146, -0.9947)	11	880
68	(36.0572, 25.4490, 2.0434)	(-0.1042, 0.0012, -0.0149, -0.9944)	11	891
69	(35.8172, 25.7756, 2.8899)	(-0.1077, -0.0014, -0.0157, -0.9941)	11	902
70	(33.0065, 25.7544, 2.0462)	(-0.1102, -0.0040, -0.0161, -0.9938)	11	913
71	(31.1172, 25.2169, 2.7319)	(-0.1127, -0.0063, -0.0167, -0.9935)	11	925
72	(29.8414, 23.1136, 1.3136)	(-0.1152, -0.0081, -0.0167, -0.9932)	11	936
73	(29.1763, 20.3569, 0.6389)	(-0.1178, -0.0096, -0.0169, -0.9928)	11	947
74	(28.3900, 19.4701, 2.0606)	(-0.1203, -0.0113, -0.0176, -0.9925)	11	958
75	(28.2100, 17.7547, 1.6094)	(-0.1229, -0.0128, -0.0178, -0.9922)	11	969
76	(29.0074, 15.7604, 2.2594)	(-0.1258, -0.0139, -0.0183, -0.9918)	11	980
77	(31.9444, 12.5281, 1.8869)	(-0.1294, -0.0145, -0.0185, -0.9913)	11	991
78	(35.1168, 11.1777, 1.1725)	(-0.1334, -0.0155, -0.0185, -0.9908)	11	1002
79	(39.5806, 8.5934, 2.6760)	(-0.1381, -0.0158, -0.0191, -0.9901)	11	1013
80	(44.7733, 6.2061, 1.7935)	(-0.1435, -0.0159, -0.0190, -0.9893)	11	1025
81	(50.3354, 2.2888, 3.2577)	(-0.1496, -0.0153, -0.0195, -0.9884)	11	1036
82	(51.8680, 0.8707, 5.4098)	(-0.1549, -0.0150, -0.0204, -0.9876)	11	1047
83	(51.4488, -1.5098, 4.9155)	(-0.1597, -0.0143, -0.0206, -0.9868)	11	1058
84	(47.1834, -3.2630, 5.6327)	(-0.1635, -0.0136, -0.0212, -0.9862)	11	1069
85	(44.9928, -4.6493, 6.5195)	(-0.1674, -0.0128, -0.0218, -0.9856)	11	1080
86	(44.1360, -3.8031, 6.2589)	(-0.1715, -0.0126, -0.0223, -0.9849)	11	1091
87	(44.1380, -4.4101, 6.5171)	(-0.1757, -0.0121, -0.0228, -0.9841)	11	1103
88	(47.1197, -3.9008, 4.4273)	(-0.1808, -0.0120, -0.0227, -0.9832)	11	1114
89	(48.5797, -2.3543, 5.4844)	(-0.1858, -0.0121, -0.0234, -0.9822)	11	1125
90	(49.0000, 0.7909, 4.5103)	(-0.1905, -0.0128, -0.0237, -0.9813)	11	1136
91	(45.3292, 3.3922, 4.0396)	(-0.1941, -0.0137, -0.0242, -0.9806)	11	1147
92	(40.1949, 6.3560, 3.2055)	(-0.1969, -0.0150, -0.0245, -0.9800)	11	1158
93	(36.2787, 10.5353, 2.4005)	(-0.1996, -0.0169, -0.0249, -0.9794)	11	1170
94	(32.5511, 12.8295, 1.7589)	(-0.2019, -0.0186, -0.0252, -0.9789)	11	1181
95	(29.5592, 13.4570, -0.0698)	(-0.2040, -0.0201, -0.0251, -0.9784)	11	1192
96	(25.7678, 14.9951, -2.0976)	(-0.2057, -0.0220, -0.0249, -0.9781)	11	1203
97	(24.0611, 14.2595, -2.1349)	(-0.2076, -0.0233, -0.0249, -0.9776)	11	1214
98	(20.2757, 14.8659, -2.1990)	(-0.2088, -0.0249, -0.0250, -0.9773)	11	1225
99	(16.7393, 14.6825, -2.0018)	(-0.2096, -0.0264, -0.0252, -0.9771)	11	1236
100	(12.3472, 14.5456, -2.5353)	(-0.2099, -0.0279, -0.0251, -0.9770)	11	1247
101	(7.4022, 14.6921, -3.9825)	(-0.2095, -0.0295, -0.0248, -0.9771)	11	1258
102	(3.6768, 12.5668, -6.3027)	(-0.2090, -0.0305, -0.0239, -0.9772)	11	1270
103	Index trigger pushed	11	1281
103	(-0.7073, 12.2031, -5.9163)	(-0.2080, -0.0318, -0.0238, -0.9773)	16	1286
104	(-0.3991, 10.7464, -5.5275)	(-0.2080, -0.0327, -0.0236, -0.9773)	8	1294
105	(-1.4363, 10.8801, -5.0981)	(-0.2075, -0.0338, -0.0234, -0.9774)	8	1302
106	(-2.1588, 8.8120, -4.8712)	(-0.2071, -0.0343, -0.0230, -0.9775)	11	1313
107	(-3.0102, 7.4645, -5.2077)	(-0.2065, -0.0349, -0.0226, -0.9776)	11	1324
108	(-3.0675, 5.5880, -4.6205)	(-0.2062, -0.0351, -0.0223, -0.9776)	11	1336
109	(-6.5429, 3.7575, -4.6363)	(-0.2048, -0.0352, -0.0219, -0.9779)	11	1347
110	(-8.2429, 2.9082, -4.3682)	(-0.2036, -0.0354, -0.0216, -0.9782)	11	1358
111	(-9.6481, 3.0883, -4.4307)	(-0.2023, -0.0357, -0.0213, -0.9784)	11	1369
112	(-10.8614, 0.2911, -4.0046)	(-0.2010, -0.0352, -0.0210, -0.9787)	11	1380
113	(-12.5076, 0.5911, -4.0687)	(-0.1994, -0.0355, -0.0208, -0.9791)	11	1391
114	(-11.8351, 0.8660, -2.7377)	(-0.1984, -0.0356, -0.0209, -0.9792)	11	1403
115	(-12.2635, 0.5070, -2.3630)	(-0.1972, -0.0355, -0.0208, -0.9795)	11	1414
116	(-13.3533, -0.6186, -1.1187)	(-0.1957, -0.0351, -0.0209, -0.9798)	11	1425
117	(-13.9060, 0.3489, -1.0736)	(-0.1943, -0.0354, -0.0210, -0.9801)	11	1436
118	(-16.4084, -0.1796, -0.2033)	(-0.1923, -0.0351, -0.0212, -0.9805)	11	1447
119	(-19.2771, 0.6624, -0.2747)	(-0.1899, -0.0353, -0.0213, -0.9809)	11	1458
120	(-21.2894, 0.3479, -0.6858)	(-0.1874, -0.0353, -0.0213, -0.9814)	11	1469
121	(-24.0929, 0.4672, -0.5598)	(-0.1845, -0.0353, -0.0214, -0.9820)	11	1481
122	(-25.9281, 0.6456, -0.6782)	(-0.1816, -0.0354, -0.0215, -0.9825)	11	1492
123	(-29.0999, 1.1255, -0.8044)	(-0.1782, -0.0356, -0.0216, -0.9831)	11	1503
124	(-35.2661, 2.3997, -0.8119)	(-0.1736, -0.0360, -0.0218, -0.9839)	11	1514
125	(-38.1329, 2.0149, -1.5223)	(-0.1693, -0.0360, -0.0218, -0.9847)	11	1525
126	(-44.9036, 0.8166, -3.1257)	(-0.1636, -0.0359, -0.0214, -0.9856)	11	1536
127	(-48.1465, 1.5164, -4.2229)	(-0.1583, -0.0362, -0.0212, -0.9865)	11	1547
128	(-52.4130, 2.6931, -3.2616)	(-0.1523, -0.0366, -0.0214, -0.9874)	11	1559
129	(-56.3814, 2.7341, -3.7999)	(-0.1462, -0.0367, -0.0211, -0.9884)	11	1570
130	(-57.2963, 1.6352, -4.0153)	(-0.1405, -0.0366, -0.0209, -0.9892)	11	1581
131	(-60.8966, 1.5012, -4.1851)	(-0.1339, -0.0366, -0.0207, -0.9901)	11	1592
132	(-62.7943, 2.1267, -6.4460)	(-0.1274, -0.0370, -0.0199, -0.9910)	11	1603
133	(-64.8088, 2.1573, -7.5963)	(-0.1208, -0.0372, -0.0193, -0.9918)	11	1614
134	(-68.6541, 3.4227, -8.1596)	(-0.1133, -0.0378, -0.0188, -0.9927)	11	1625
135	(-71.1010, 4.4323, -9.2711)	(-0.1060, -0.0383, -0.0180, -0.9935)	11	1637
136	(-73.4187, 4.3462, -10.2351)	(-0.0983, -0.0387, -0.0171, -0.9943)	11	1648
137	(-75.9850, 5.1134, -11.1583)	(-0.0904, -0.0393, -0.0162, -0.9950)	11	1659
138	(-76.5331, 4.3913, -10.8961)	(-0.0829, -0.0396, -0.0155, -0.9957)	11	1670
139	(-78.2418, 3.3193, -12.5113)	(-0.0749, -0.0397, -0.0143, -0.9963)	11	1681
140	(-79.3460, 4.8449, -12.2985)	(-0.0669, -0.0405, -0.0136, -0.9968)	11	1692
141	(-81.1709, 3.0685, -12.5605)	(-0.0586, -0.0404, -0.0126, -0.9974)	11	1704
142	(-81.1099, 3.0443, -13.7158)	(-0.0507, -0.0408, -0.0114, -0.9978)	11	1715
143	(-81.4161, 3.2062, -11.7102)	(-0.0427, -0.0411, -0.0111, -0.9982)	11	1726
144	(-81.5917, 1.6638, -12.6511)	(-0.0346, -0.0409, -0.0099, -0.9985)	11	1737
145	(-82.9952, 1.9928, -11.6182)	(-0.0262, -0.0411, -0.0094, -0.9988)	11	1748
146	(-80.4289, 0.7836, -11.2982)	(-0.0188, -0.0408, -0.0086, -0.9990)	11	1759
147	(-80.3669, -0.5996, -10.6641)	(-0.0110, -0.0403, -0.0081, -0.9991)	11	1770
148	(-78.8375, -1.2352, -9.1341)	(-0.0036, -0.0399, -0.0078, -0.9992)	11	1781
149	(-76.9405, -3.1171, -8.9187)	(0.0035, -0.0392, -0.0073, -0.9992)	11	1792
150	(-77.5482, -2.1171, -7.5985)	(0.0112, -0.0391, -0.0071, -0.9991)	11	1803
151	(-76.7545, -3.0874, -7.5184)	(0.0184, -0.0386, -0.0067, -0.9991)	11	1814
152	(-76.5061, -2.4995, -5.7061)	(0.0258, -0.0384, -0.0069, -0.9989)	11	1826
153	(-72.7140, -4.2835, -3.6677)	(0.0321, -0.0376, -0.0072, -0.9988)	11	1837
154	(-70.4543, -5.6410, -1.9422)	(0.0384, -0.0367, -0.0076, -0.9986)	11	1848
155	(-67.2146, -7.3833, -0.8869)	(0.0442, -0.0356, -0.0080, -0.9984)	11	1859
156	(-63.0565, -9.0476, 0.8334)	(0.0494, -0.0344, -0.0087, -0.9981)	11	1870
157	(-64.9483, -8.9259, 1.0195)	(0.0561, -0.0335, -0.0091, -0.9978)	11	1881
158	(-66.2254, -9.4124, 1.0960)	(0.0627, -0.0325, -0.0095, -0.9975)	11	1892
159	(-67.6967, -7.9482, 1.1338)	(0.0696, -0.0320, -0.0098, -0.9970)	11	1904
160	(-67.4522, -6.8462, 1.5341)	(0.0761, -0.0315, -0.0103, -0.9966)	11	1915
161	(-65.8661, -6.9912, 0.2624)	(0.0821, -0.0308, -0.0103, -0.9961)	11	1926
162	(-64.2196, -7.0395, 0.8592)	(0.0880, -0.0300, -0.0108, -0.9956)	11	1937
163	(-59.9475, -7.3352, 0.9728)	(0.0930, -0.0292, -0.0112, -0.9952)	11	1948
164	(-56.4681, -8.2717, 2.5031)	(0.0977, -0.0283, -0.0119, -0.9947)	11	1959
165	(-54.5759, -8.8957, 1.8408)	(0.1025, -0.0273, -0.0122, -0.9943)	11	1970
166	(-52.1374, -7.3696, 1.8658)	(0.1070, -0.0269, -0.0125, -0.9938)	11	1981
167	(-49.6373, -8.1086, 1.1411)	(0.1113, -0.0258, -0.0127, -0.9934)	11	1991
168	(-48.9057, -7.6329, 0.5859)	(0.1159, -0.0251, -0.0129, -0.9929)	11	2002
169	(-46.8276, -8.7289, 0.6019)	(0.1199, -0.0240, -0.0133, -0.9924)	11	2013
170	(-44.5101, -9.0872, 0.8426)	(0.1237, -0.0231, -0.0136, -0.9920)	10	2023
171	(-42.9853, -8.5807, 1.4343)	(0.1275, -0.0224, -0.0141, -0.9915)	11	2034
172	(-40.9089, -9.1312, 1.2619)	(0.1310, -0.0214, -0.0143, -0.9910)	11	2045
173	(-38.6519, -8.9011, 0.6386)	(0.1342, -0.0206, -0.0144, -0.9906)	11	2056
174	(-36.2067, -9.7416, 1.0773)	(0.1371, -0.0194, -0.0148, -0.9903)	11	2066
175	(-32.5452, -10.6290, 1.9368)	(0.1394, -0.0182, -0.0154, -0.9900)	11	2077
176	(-29.4289, -12.1537, 1.6495)	(0.1414, -0.0166, -0.0157, -0.9897)	11	2088
177	(-25.2698, -13.3701, 4.5278)	(0.1428, -0.0152, -0.0170, -0.9895)	11	2099
178	(-21.4853, -14.6709, 3.1413)	(0.1439, -0.0135, -0.0172, -0.9894)	11	2110
179	(-17.7056, -14.7114, 3.9834)	(0.1446, -0.0121, -0.0180, -0.9892)	11	2121
180	(-14.6496, -16.0800, 5.4035)	(0.1453, -0.0103, -0.0192, -0.9891)	11	2132
181	(-12.2058, -15.7414, 6.6652)	(0.1459, -0.0090, -0.0203, -0.9891)	11	2143
182	(-10.1930, -15.2322, 7.6215)	(0.1463, -0.0077, -0.0215, -0.9890)	11	2154
183	(-7.3215, -15.1780, 7.3088)	(0.1462, -0.0063, -0.0222, -0.9890)	12	2166
184	(-8.1790, -14.3978, 6.6263)	(0.1471, -0.0051, -0.0229, -0.9888)	11	2177
185	(-6.6562, -13.2969, 6.9028)	(0.1473, -0.0041, -0.0238, -0.9888)	11	2189
186	(-7.5736, -13.2337, 6.9671)	(0.1482, -0.0029, -0.0247, -0.9886)	11	2200
187	(-9.5863, -11.3625, 9.2464)	(0.1495, -0.0024, -0.0261, -0.9884)	11	2212
188	(-10.2029, -11.2121, 7.7235)	(0.1506, -0.0013, -0.0266, -0.9882)	11	2223
189	(-9.2230, -11.3388, 7.3571)	(0.1512, -0.0002, -0.0274, -0.9881)	11	2234
190	(-9.5398, -9.9809, 5.2656)	(0.1522, 0.0004, -0.0276, -0.9880)	11	2245
191	(-8.5639, -9.0289, 4.2081)	(0.1528, 0.0010, -0.0278, -0.9879)	11	2257
192	(-8.2674, -6.9818, 3.0047)	(0.1535, 0.0013, -0.0279, -0.9878)	11	2268
193	(-7.7221, -5.5376, 2.2475)	(0.1541, 0.0015, -0.0279, -0.9877)	11	2279
194	(-5.8321, -6.1229, 0.4289)	(0.1541, 0.0023, -0.0277, -0.9877)	11	2290
195	(-2.3608, -5.0858, 0.2776)	(0.1535, 0.0024, -0.0277, -0.9878)	11	2302
196	(-1.9315, -5.4051, -0.5066)	(0.1536, 0.0030, -0.0276, -0.9877)	11	2313
197	(0.4422, -5.4639, -0.4495)	(0.1530, 0.0035, -0.0276, -0.9878)	11	2324
198	(1.5395, -5.8719, 0.2248)	(0.1527, 0.0042, -0.0278, -0.9879)	11	2335
199	(1.7867, -6.2404, 0.1057)	(0.1524, 0.0049, -0.0278, -0.9879)	11	2346
200	(4.3510, -6.5946, 0.5286)	(0.1514, 0.0056, -0.0281, -0.9881)	11	2357
201	(5.8162, -8.1223, 0.1947)	(0.1505, 0.0067, -0.0282, -0.9882)	11	2368
202	(7.5873, -8.3123, -0.2357)	(0.1493, 0.0074, -0.0283, -0.9884)	11	2379
203	(7.2894, -9.9998, 0.6458)	(0.1485, 0.0086, -0.0288, -0.9885)	11	2390
204	(9.7266, -10.3001, 0.6447)	(0.1469, 0.0096, -0.0290, -0.9887)	11	2402
205	(9.1133, -9.9895, -1.9683)	(0.1461, 0.0106, -0.0283, -0.9888)	11	2413
206	(8.8069, -8.8946, -1.8694)	(0.1452, 0.0113, -0.0282, -0.9889)	11	2424
207	(9.2323, -9.1921, -1.6186)	(0.1442, 0.0122, -0.0282, -0.9891)	11	2435
208	(7.2766, -6.8253, -1.9066)	(0.1439, 0.0124, -0.0280, -0.9891)	11	2446
209	(8.4374, -6.8517, -0.5079)	(0.1427, 0.0131, -0.0284, -0.9893)	11	2457
210	(8.1339, -7.2246, -0.8027)	(0.1420, 0.0139, -0.0284, -0.9894)	11	2469
211	(9.1078, -5.9768, 0.5022)	(0.1409, 0.0142, -0.0288, -0.9895)	11	2479
212	(10.6927, -5.0099, 0.1176)	(0.1396, 0.0146, -0.0288, -0.9897)	11	2491
213	(8.5515, -3.6020, 0.5131)	(0.1392, 0.0147, -0.0289, -0.9897)	11	2502
214	(8.7322, -1.3187, 2.1141)	(0.1383, 0.0144, -0.0294, -0.9898)	11	2513
215	(9.2203, -2.1217, 1.4595)	(0.1373, 0.0148, -0.0295, -0.9900)	11	2524
216	(9.4006, -0.5919, 1.7943)	(0.1363, 0.0144, -0.0297, -0.9901)	11	2535
217	(9.5192, 0.7006, 2.5573)	(0.1354, 0.0140, -0.0301, -0.9902)	11	2546
218	(9.2133, 1.1775, 2.1195)	(0.1346, 0.0138, -0.0302, -0.9903)	11	2558
219	(10.7342, 2.5689, 1.7838)	(0.1333, 0.0132, -0.0302, -0.9905)	11	2569
220	(11.5306, 2.8184, 1.8966)	(0.1320, 0.0129, -0.0304, -0.9907)	11	2580
221	(11.8318, 3.3528, 1.1584)	(0.1308, 0.0124, -0.0303, -0.9909)	11	2591
222	(13.7202, 4.1278, 0.3421)	(0.1290, 0.0118, -0.0302, -0.9911)	11	2602
223	(15.8555, 3.1604, 0.4812)	(0.1271, 0.0115, -0.0302, -0.9914)	11	2613
224	(16.6475, 4.1701, -0.8172)	(0.1253, 0.0108, -0.0299, -0.9916)	11	2624
225	(17.8069, 3.9344, -0.3868)	(0.1233, 0.0103, -0.0300, -0.9919)	11	2635
226	(20.1199, 5.0902, -0.5427)	(0.1208, 0.0095, -0.0298, -0.9922)	11	2646
227	(20.9737, 4.9635, -0.9031)	(0.1187, 0.0089, -0.0297, -0.9925)	11	2658
228	(22.3794, 5.9200, 0.9498)	(0.1163, 0.0080, -0.0301, -0.9927)	11	2669
229	(23.4153, 5.7769, -0.2001)	(0.1138, 0.0075, -0.0297, -0.9930)	11	2680
230	(24.4521, 5.7692, -0.6263)	(0.1112, 0.0068, -0.0295, -0.9933)	11	2691
231	(25.0619, 5.9767, 0.7635)	(0.1087, 0.0060, -0.0298, -0.9936)	11	2702
232	(25.3066, 6.2089, 0.0888)	(0.1062, 0.0053, -0.0296, -0.9939)	11	2714
233	(24.6376, 6.1045, 0.8823)	(0.1041, 0.0046, -0.0298, -0.9941)	11	2725
234	(23.4719, 6.8298, 0.8711)	(0.1020, 0.0037, -0.0299, -0.9943)	11	2736
235	(24.0890, 5.9362, 1.6195)	(0.0996, 0.0032, -0.0302, -0.9946)	11	2747
236	(24.8212, 5.6655, 0.4044)	(0.0971, 0.0026, -0.0299, -0.9948)	11	2758
237	(23.5967, 7.1909, 0.6175)	(0.0950, 0.0015, -0.0299, -0.9950)	11	2769
238	(25.2441, 6.3392, 0.5726)	(0.0922, 0.0011, -0.0299, -0.9953)	11	2780
239	(23.7201, 5.7244, 0.2805)	(0.0903, 0.0006, -0.0298, -0.9955)	11	2791
240	(22.3167, 5.3593, 0.4179)	(0.0884, 0.0001, -0.0299, -0.9956)	11	2802
241	(21.7061, 6.6439, 0.5768)	(0.0865, -0.0009, -0.0299, -0.9958)	11	2813
242	(19.5135, 6.0471, 1.4477)	(0.0851, -0.0013, -0.0302, -0.9959)	11	2824
243	(18.7166, 5.5458, 0.7908)	(0.0834, -0.0017, -0.0300, -0.9961)	11	2835
244	(17.9908, 4.5697, 0.6868)	(0.0819, -0.0019, -0.0300, -0.9962)	11	2846
245	(16.4047, 3.0828, -0.2454)	(0.0806, -0.0019, -0.0298, -0.9963)	11	2858
246	(15.2489, 2.7306, 0.4916)	(0.0794, -0.0022, -0.0300, -0.9964)	11	2869
247	(14.1470, 2.9034, 0.0681)	(0.0783, -0.0026, -0.0300, -0.9965)	11	2880
248	(13.7803, 2.2813, -0.6448)	(0.0771, -0.0027, -0.0298, -0.9966)	11	2891
249	(11.9546, 0.7483, -1.0376)	(0.0763, -0.0025, -0.0297, -0.9966)	11	2902
250	(10.1791, 1.7663, -1.7851)	(0.0757, -0.0029, -0.0294, -0.9967)	11	2913
251	(9.0851, 1.5229, -1.5939)	(0.0751, -0.0030, -0.0293, -0.9967)	11	2924
252	(7.0097, 1.6432, -1.4644)	(0.0748, -0.0032, -0.0291, -0.9968)	11	2936
253	(7.3132, 1.6397, -1.6483)	(0.0740, -0.0034, -0.0289, -0.9968)	11	2947
254	(7.2534, 2.6180, -1.6678)	(0.0734, -0.0038, -0.0286, -0.9969)	11	2958
255	(6.0911, 2.3808, -1.1734)	(0.0732, -0.0039, -0.0286, -0.9969)	11	2969
256	(5.0617, 1.2842, -1.2741)	(0.0731, -0.0038, -0.0285, -0.9969)	11	2980
257	(5.7877, 1.9494, -1.5299)	(0.0722, -0.0041, -0.0283, -0.9970)	11	2991
258	(4.3261, 2.0755, -1.1620)	(0.0724, -0.0042, -0.0284, -0.9970)	11	3002
259	(5.1222, 1.0022, 0.0128)	(0.0717, -0.0042, -0.0285, -0.9970)	11	3014
260	(5.7907, 2.1077, 0.2860)	(0.0710, -0.0047, -0.0285, -0.9971)	11	3025
261	(5.0637, 1.3073, -0.1762)	(0.0708, -0.0046, -0.0284, -0.9971)	11	3036
262	(4.9410, 0.4686, 0.5046)	(0.0704, -0.0046, -0.0286, -0.9971)	11	3047
263	(3.9635, 0.6810, -0.7667)	(0.0704, -0.0047, -0.0284, -0.9971)	11	3058
264	(3.9026, 0.4586, 0.0903)	(0.0700, -0.0047, -0.0286, -0.9971)	11	3069
265	(4.3926, -0.4456, 0.3416)	(0.0695, -0.0046, -0.0286, -0.9972)	11	3080
266	(3.9043, -0.0215, 0.3974)	(0.0692, -0.0047, -0.0286, -0.9972)	11	3092
267	(4.1516, -1.2023, -0.7923)	(0.0687, -0.0045, -0.0284, -0.9972)	11	3103
268	(4.3946, -1.0469, 0.5997)	(0.0683, -0.0044, -0.0287, -0.9972)	11	3114
269	(3.8527, -2.2700, 0.4429)	(0.0680, -0.0041, -0.0287, -0.9973)	11	3125
270	(3.6674, -1.4139, 0.6092)	(0.0678, -0.0041, -0.0287, -0.9973)	11	3136
271	(2.6862, -2.0552, -0.7078)	(0.0676, -0.0039, -0.0286, -0.9973)	11	3147
272	(3.9062, -2.0678, -1.3805)	(0.0670, -0.0036, -0.0284, -0.9973)	11	3158
273	(3.5358, -1.2300, -2.0713)	(0.0668, -0.0036, -0.0282, -0.9974)	11	3170
274	(2.5040, -1.1656, -1.9437)	(0.0668, -0.0034, -0.0280, -0.9974)	11	3181
275	(2.5024, -0.6191, -2.0806)	(0.0666, -0.0034, -0.0278, -0.9974)	11	3192
276	(2.8669, -2.5232, -2.8327)	(0.0662, -0.0029, -0.0275, -0.9974)	11	3203
277	(2.9919, -1.6591, -2.3013)	(0.0660, -0.0029, -0.0274, -0.9974)	11	3214
278	(3.2930, -0.5005, -2.2054)	(0.0657, -0.0029, -0.0271, -0.9975)	11	3225
279	(3.7151, -0.3360, -3.1195)	(0.0653, -0.0029, -0.0268, -0.9975)	11	3236
280	(3.5324, 0.5437, -1.5579)	(0.0651, -0.0031, -0.0269, -0.9975)	11	3247
281	(3.1057, 1.2691, -1.8744)	(0.0649, -0.0032, -0.0267, -0.9975)	11	3258
282	(2.9853, 1.5812, -1.4513)	(0.0645, -0.0034, -0.0266, -0.9976)	11	3270
283	(3.3508, 2.3190, -1.2270)	(0.0641, -0.0038, -0.0264, -0.9976)	11	3281
284	(2.5501, 3.3993, -1.7956)	(0.0639, -0.0042, -0.0261, -0.9976)	11	3292
285	(3.7074, 3.5799, -1.9857)	(0.0633, -0.0047, -0.0258, -0.9977)	11	3303
286	(4.5037, 3.5090, -2.4099)	(0.0628, -0.0050, -0.0255, -0.9977)	11	3314
287	(1.3260, 4.2401, -2.2952)	(0.0633, -0.0054, -0.0254, -0.9977)	11	3325
288	(1.6344, 4.6041, -2.4236)	(0.0631, -0.0059, -0.0251, -0.9977)	11	3336
289	(0.5996, 3.7581, -2.0374)	(0.0632, -0.0060, -0.0251, -0.9977)	11	3348
290	(1.9418, 4.1449, -1.1395)	(0.0629, -0.0065, -0.0251, -0.9977)	11	3359
291	(1.9426, 3.4653, -1.6121)	(0.0628, -0.0066, -0.0249, -0.9977)	11	3370
292	(1.3311, 2.9217, -1.2961)	(0.0628, -0.0068, -0.0248, -0.9977)	11	3381
293	(1.6411, 2.6736, -1.4122)	(0.0626, -0.0070, -0.0247, -0.9977)	11	3392
294	(1.4616, 1.5292, -0.8394)	(0.0625, -0.0070, -0.0247, -0.9977)	11	3403
295	(2.9866, 1.8431, -0.4269)	(0.0621, -0.0073, -0.0245, -0.9977)	11	3414
296	(1.8872, 1.2329, -0.5315)	(0.0621, -0.0073, -0.0244, -0.9977)	11	3425
297	(1.6454, 0.8447, -1.5584)	(0.0620, -0.0074, -0.0242, -0.9978)	11	3436
298	(0.4788, 2.0003, -1.5153)	(0.0620, -0.0076, -0.0240, -0.9978)	11	3447
299	(0.7909, 1.4699, -0.8992)	(0.0619, -0.0077, -0.0240, -0.9978)	11	3459
300	(1.4606, 1.8299, -0.9656)	(0.0617, -0.0079, -0.0238, -0.9978)	11	3470
301	(0.9679, 1.0848, -1.8015)	(0.0617, -0.0080, -0.0237, -0.9978)	11	3481
302	(1.3345, 1.5175, -1.3880)	(0.0616, -0.0082, -0.0236, -0.9978)	11	3492
303	(0.6654, 1.0356, -1.1303)	(0.0617, -0.0082, -0.0236, -0.9978)	11	3503
304	(-0.1235, 2.3136, -1.2796)	(0.0616, -0.0085, -0.0235, -0.9978)	11	3514
305	(0.9689, 1.5967, -0.5933)	(0.0615, -0.0086, -0.0235, -0.9978)	11	3525
306	(1.2153, 1.8437, -0.2959)	(0.0614, -0.0087, -0.0234, -0.9978)	11	3536
307	(1.8907, 0.6494, 0.5729)	(0.0612, -0.0088, -0.0235, -0.9978)	24	3560
308	(2.8025, 1.1467, -1.6880)	(0.0596, -0.0093, -0.0227, -0.9979)	67	3627
309	(4.6927, 2.4484, -0.8674)	(0.0581, -0.0101, -0.0223, -0.9980)	29	3657
310	(5.0596, 2.0070, -1.4660)	(0.0565, -0.0108, -0.0218, -0.9981)	32	3689
311	(4.9966, 2.3261, -0.9860)	(0.0554, -0.0114, -0.0217, -0.9982)	22	3711
312	(4.0806, 3.0873, 0.7003)	(0.0547, -0.0120, -0.0220, -0.9982)	23	3734
313	(4.5146, 1.5088, 0.7309)	(0.0543, -0.0119, -0.0220, -0.9982)	11	3745
314	(4.1486, 0.7658, 0.2607)	(0.0541, -0.0119, -0.0219, -0.9982)	11	3756
315	(3.8443, 1.0070, 0.3139)	(0.0539, -0.0121, -0.0220, -0.9982)	11	3768
316	(2.4399, 0.8839, 0.2633)	(0.0539, -0.0122, -0.0220, -0.9982)	11	3779
317	(1.4613, 2.4034, 0.1784)	(0.0538, -0.0125, -0.0220, -0.9982)	11	3790
318	(1.0331, 2.4232, 1.1460)	(0.0536, -0.0128, -0.0221, -0.9982)	11	3801
319	(0.5413, 4.0665, 0.9313)	(0.0535, -0.0135, -0.0222, -0.9982)	11	3812
320	(-0.3044, 3.0313, 1.0175)	(0.0536, -0.0136, -0.0224, -0.9982)	11	3823
321	(-0.1254, 4.7351, 0.9197)	(0.0536, -0.0145, -0.0226, -0.9982)	11	3835
322	(-1.1645, 5.9660, 1.8133)	(0.0540, -0.0155, -0.0229, -0.9982)	11	3846
323	(-3.1814, 7.0416, 0.8250)	(0.0548, -0.0167, -0.0229, -0.9981)	11	3856
324	(-3.9177, 8.5137, 1.4668)	(0.0554, -0.0181, -0.0232, -0.9980)	11	3868
325	(-4.4131, 12.0591, 1.8831)	(0.0560, -0.0201, -0.0234, -0.9980)	11	3879
326	(-4.9031, 13.5290, 2.4040)	(0.0566, -0.0218, -0.0236, -0.9979)	11	3890
327	(-4.3576, 15.4817, 2.4203)	(0.0569, -0.0237, -0.0238, -0.9978)	11	3901
328	(-6.0104, 16.5854, 3.0150)	(0.0578, -0.0255, -0.0241, -0.9977)	11	3912
329	(-7.5371, 16.5046, 1.9857)	(0.0589, -0.0271, -0.0240, -0.9976)	11	3923
330	(-9.0664, 17.9540, 1.5949)	(0.0602, -0.0292, -0.0240, -0.9975)	11	3934
331	(-12.3041, 18.8425, 0.4881)	(0.0622, -0.0312, -0.0238, -0.9973)	11	3946
332	(-14.0748, 19.1615, 1.3393)	(0.0640, -0.0331, -0.0241, -0.9971)	11	3957
333	(-16.6992, 19.4196, -0.6604)	(0.0663, -0.0350, -0.0235, -0.9969)	12	3968
334	(-17.7387, 20.2092, -0.6103)	(0.0683, -0.0371, -0.0235, -0.9967)	10	3979
335	(-18.8369, 19.3605, -0.3497)	(0.0704, -0.0388, -0.0235, -0.9965)	11	3990
336	(-20.7888, 20.5222, -0.2416)	(0.0729, -0.0409, -0.0234, -0.9962)	11	4001
337	(-21.2156, 19.3043, -0.1586)	(0.0750, -0.0424, -0.0235, -0.9960)	11	4012
338	(-20.4161, 18.5162, 0.1524)	(0.0769, -0.0440, -0.0235, -0.9958)	11	4023
339	(-21.3288, 17.5027, 1.2739)	(0.0793, -0.0455, -0.0239, -0.9955)	11	4034
340	(-21.6969, 18.1183, 1.4456)	(0.0815, -0.0474, -0.0240, -0.9953)	11	4046
341	(-20.7171, 16.0470, 1.4216)	(0.0833, -0.0484, -0.0241, -0.9951)	11	4057
342	(-21.5060, 15.0710, 1.3234)	(0.0856, -0.0496, -0.0242, -0.9948)	11	4068
343	(-21.1997, 14.4108, 1.7591)	(0.0876, -0.0509, -0.0244, -0.9946)	11	4079
344	(-20.8910, 14.2129, 1.0357)	(0.0896, -0.0521, -0.0244, -0.9943)	11	4090
345	(-22.6605, 13.9216, 1.7161)	(0.0923, -0.0533, -0.0248, -0.9940)	11	4101
346	(-24.9163, 12.6335, 1.5656)	(0.0951, -0.0541, -0.0250, -0.9937)	11	4112
347	(-24.0608, 11.4596, 0.6715)	(0.0973, -0.0548, -0.0249, -0.9934)	11	4123
348	(-23.3290, 11.5018, -0.3612)	(0.0994, -0.0558, -0.0247, -0.9932)	11	4135
349	(-21.7445, 12.5233, -0.8727)	(0.1012, -0.0571, -0.0244, -0.9929)	11	4146
350	(-21.0197, 12.5512, -2.5801)	(0.1031, -0.0581, -0.0238, -0.9927)	11	4157
351	(-20.7730, 12.8066, -2.1569)	(0.1051, -0.0594, -0.0237, -0.9924)	11	4168
352	(-18.7639, 12.9612, -3.6304)	(0.1065, -0.0606, -0.0230, -0.9922)	11	4179
353	(-16.5010, 12.4455, -2.1622)	(0.1076, -0.0617, -0.0231, -0.9920)	11	4190
354	(-15.9505, 13.2613, -0.9618)	(0.1090, -0.0631, -0.0231, -0.9918)	11	4201
355	(-14.5485, 11.8560, -1.1836)	(0.1101, -0.0638, -0.0229, -0.9916)	11	4212
356	(-13.1383, 10.3563, -0.1850)	(0.1111, -0.0644, -0.0231, -0.9915)	11	4223
357	(-12.5887, 9.8477, -1.2690)	(0.1122, -0.0652, -0.0227, -0.9913)	11	4235
358	(-10.9949, 7.9133, -0.8114)	(0.1129, -0.0655, -0.0228, -0.9912)	11	4246
359	(-10.6903, 8.3586, 0.2085)	(0.1138, -0.0665, -0.0230, -0.9910)	11	4257
360	(-10.4481, 7.8097, 0.2188)	(0.1148, -0.0670, -0.0230, -0.9909)	11	4268
361	(-9.3414, 5.6250, 0.5056)	(0.1155, -0.0670, -0.0232, -0.9908)	11	4279
362	(-9.5227, 5.0247, 0.8214)	(0.1165, -0.0674, -0.0234, -0.9906)	11	4290
363	(-9.2212, 6.0644, 0.9826)	(0.1173, -0.0682, -0.0234, -0.9905)	11	4301
364	(-8.2415, 5.6816, 0.1408)	(0.1179, -0.0686, -0.0232, -0.9904)	11	4313
365	(-8.0659, 6.6582, 0.2980)	(0.1187, -0.0694, -0.0232, -0.9902)	11	4324
366	(-6.4140, 5.9806, -0.1738)	(0.1190, -0.0698, -0.0230, -0.9902)	11	4335
367	(-6.3598, 6.4452, -1.2187)	(0.1197, -0.0704, -0.0227, -0.9901)	11	4346
368	(-5.0702, 5.1952, -0.0418)	(0.1199, -0.0705, -0.0229, -0.9900)	11	4357
369	(-4.6427, 4.0439, 0.1632)	(0.1201, -0.0705, -0.0229, -0.9900)	11	4368
370	(-3.1185, 3.8486, -0.5066)	(0.1199, -0.0707, -0.0227, -0.9900)	11	4379
371	(-1.7113, 2.3727, -1.0931)	(0.1198, -0.0705, -0.0226, -0.9900)	11	4390
372	(-1.5226, 0.9320, -0.2122)	(0.1199, -0.0704, -0.0226, -0.9900)	11	4402
373	(-0.4842, 0.7528, -0.0858)	(0.1198, -0.0705, -0.0226, -0.9900)	11	4413
374	(0.1249, 0.5817, 0.4536)	(0.1198, -0.0705, -0.0226, -0.9900)	11	4424
375	(-1.1499, -0.4381, 1.0270)	(0.1199, -0.0705, -0.0227, -0.9900)	11	4435
376	Index trigger pushed	4	4439
376	(0.3079, -0.6708, 1.5766)	(0.1197, -0.0704, -0.0228, -0.9900)	11	4446
377	(0.1888, -1.9686, 0.5677)	(0.1197, -0.0702, -0.0229, -0.9901)	11	4457
378	(-0.5456, 0.5193, 0.5197)	(0.1198, -0.0703, -0.0230, -0.9900)	11	4469
379	(0.0717, -0.2420, 1.5687)	(0.1198, -0.0703, -0.0232, -0.9900)	11	4480
380	(-0.2977, 0.9127, 1.7925)	(0.1198, -0.0704, -0.0234, -0.9900)	11	4491
381	(-0.5446, 1.1609, 1.9083)	(0.1198, -0.0704, -0.0235, -0.9900)	11	4502
382	(0.1801, 1.6822, 0.7973)	(0.1196, -0.0706, -0.0235, -0.9900)	11	4513
383	(2.1360, 1.8258, 1.5209)	(0.1193, -0.0709, -0.0236, -0.9900)	11	4524
384	(2.4361, 3.1611, 1.3101)	(0.1190, -0.0713, -0.0237, -0.9900)	11	4535
385	(1.7020, 3.3446, 1.3714)	(0.1190, -0.0717, -0.0238, -0.9900)	11	4547
386	(2.0004, 5.8496, 1.8063)	(0.1186, -0.0729, -0.0241, -0.9900)	11	4558
387	(2.2481, 5.4876, 1.9959)	(0.1183, -0.0733, -0.0242, -0.9900)	11	4569
388	(1.3285, 5.4596, 0.7178)	(0.1183, -0.0738, -0.0241, -0.9899)	11	4580
389	(0.6557, 7.5015, 2.3261)	(0.1183, -0.0754, -0.0245, -0.9898)	11	4591
390	(2.9731, 8.7075, 1.5628)	(0.1176, -0.0765, -0.0243, -0.9898)	11	4602
391	(1.0161, 9.8126, 1.9696)	(0.1179, -0.0777, -0.0244, -0.9897)	11	4613
392	(2.0543, 9.1902, 1.4356)	(0.1175, -0.0784, -0.0243, -0.9897)	11	4624
393	(3.3930, 10.4129, 1.5272)	(0.1169, -0.0798, -0.0243, -0.9896)	11	4636
394	(1.3814, 10.8601, 2.4966)	(0.1172, -0.0810, -0.0247, -0.9895)	11	4647
395	(3.6380, 11.5912, 2.2921)	(0.1163, -0.0823, -0.0246, -0.9895)	11	4658
396	(4.3070, 12.3199, 2.3384)	(0.1158, -0.0837, -0.0246, -0.9894)	11	4669
397	(5.8969, 11.8432, 2.7095)	(0.1149, -0.0848, -0.0248, -0.9894)	11	4680
398	(5.3430, 13.9341, 3.6414)	(0.1145, -0.0867, -0.0250, -0.9893)	11	4691
399	(6.1314, 13.9030, 2.1181)	(0.1138, -0.0880, -0.0246, -0.9893)	11	4702
400	(8.0835, 15.3147, 2.4500)	(0.1126, -0.0898, -0.0247, -0.9893)	11	4713
401	(8.0859, 13.9644, 1.9280)	(0.1120, -0.0909, -0.0246, -0.9892)	11	4724
402	(7.7186, 15.2089, 3.4257)	(0.1113, -0.0927, -0.0251, -0.9891)	11	4735
403	(7.9578, 15.3196, 2.6905)	(0.1106, -0.0942, -0.0249, -0.9891)	11	4747
404	(7.4735, 14.8533, 3.6796)	(0.1100, -0.0956, -0.0253, -0.9890)	11	4758
405	(8.1424, 15.3339, 3.3590)	(0.1091, -0.0973, -0.0253, -0.9889)	11	4769
406	(8.3300, 14.6274, 4.5912)	(0.1083, -0.0986, -0.0257, -0.9889)	11	4780
407	(9.2467, 14.4981, 4.1048)	(0.1072, -0.1000, -0.0257, -0.9889)	11	4791
408	(9.6700, 14.6124, 3.7981)	(0.1062, -0.1015, -0.0258, -0.9888)	11	4802
409	(9.1812, 14.7822, 3.1897)	(0.1055, -0.1030, -0.0257, -0.9887)	11	4813
410	(9.3013, 14.9025, 3.1870)	(0.1045, -0.1044, -0.0258, -0.9887)	11	4824
411	(10.1599, 13.0758, 3.0954)	(0.1033, -0.1053, -0.0260, -0.9887)	11	4836
412	(11.1409, 13.2729, 3.7006)	(0.1020, -0.1068, -0.0262, -0.9887)	11	4847
413	(10.4684, 13.6292, 3.2664)	(0.1012, -0.1082, -0.0261, -0.9886)	11	4858
414	(10.1564, 14.4133, 3.0112)	(0.1003, -0.1097, -0.0261, -0.9885)	11	4869
415	(9.8543, 13.3671, 2.5413)	(0.0993, -0.1108, -0.0260, -0.9885)	11	4880
416	(10.8357, 12.7568, 2.3104)	(0.0980, -0.1120, -0.0259, -0.9885)	11	4891
417	(11.1925, 14.7742, 2.6920)	(0.0969, -0.1139, -0.0259, -0.9884)	11	4902
418	(11.5018, 14.0823, 1.6124)	(0.0957, -0.1150, -0.0256, -0.9884)	11	4914
419	(13.2678, 14.4632, 2.2059)	(0.0941, -0.1166, -0.0257, -0.9884)	11	4925
420	(12.4778, 13.7223, 1.8571)	(0.0931, -0.1177, -0.0255, -0.9883)	11	4936
421	(13.6326, 14.4394, 1.0498)	(0.0916, -0.1193, -0.0251, -0.9883)	11	4947
422	(14.9754, 14.8925, 2.3753)	(0.0899, -0.1209, -0.0252, -0.9883)	11	4958
423	(15.5868, 14.6223, 0.9203)	(0.0885, -0.1222, -0.0247, -0.9882)	11	4969
424	(15.8926, 14.3264, 1.5317)	(0.0869, -0.1236, -0.0246, -0.9882)	11	4980
425	(15.5877, 13.4367, -0.2057)	(0.0857, -0.1247, -0.0240, -0.9882)	20	5001
426	(14.5461, 14.5853, -0.7749)	(0.0846, -0.1264, -0.0236, -0.9881)	8	5009
427	(14.7895, 13.8622, -0.3378)	(0.0831, -0.1277, -0.0233, -0.9880)	7	5016
428	(14.1800, 14.4057, -0.5872)	(0.0820, -0.1292, -0.0229, -0.9880)	10	5026
429	(14.6069, 13.1183, -0.8657)	(0.0805, -0.1302, -0.0225, -0.9880)	11	5037
430	(15.7744, 11.9728, -0.4227)	(0.0788, -0.1312, -0.0223, -0.9880)	11	5048
431	(16.5025, 11.8497, -0.6054)	(0.0772, -0.1323, -0.0219, -0.9880)	11	5059
432	(16.6888, 10.5633, -0.8203)	(0.0756, -0.1330, -0.0216, -0.9880)	11	5070
433	(15.5954, 9.8913, -0.8665)	(0.0744, -0.1339, -0.0212, -0.9880)	11	5081
434	(14.5606, 7.9804, -1.8603)	(0.0732, -0.1343, -0.0207, -0.9880)	11	5092
435	(15.4670, 8.9875, -3.2848)	(0.0715, -0.1354, -0.0197, -0.9880)	11	5103
436	(15.0978, 8.9603, -4.5588)	(0.0703, -0.1361, -0.0188, -0.9880)	11	5114
437	(14.6109, 8.2107, -5.3374)	(0.0690, -0.1367, -0.0180, -0.9880)	11	5126
438	(14.4908, 7.7783, -5.7517)	(0.0677, -0.1373, -0.0171, -0.9881)	11	5137
439	(14.7962, 7.0425, -5.9208)	(0.0663, -0.1378, -0.0162, -0.9881)	11	5148
440	(14.9208, 6.5243, -7.4324)	(0.0650, -0.1383, -0.0151, -0.9881)	11	5159
441	(14.8619, 5.8188, -6.1423)	(0.0637, -0.1388, -0.0145, -0.9882)	11	5170
442	(13.9440, 5.4393, -6.9843)	(0.0627, -0.1392, -0.0135, -0.9882)	11	5181
443	(13.3387, 4.4005, -7.0817)	(0.0616, -0.1394, -0.0126, -0.9882)	11	5192
444	(12.7297, 2.5068, -7.2820)	(0.0607, -0.1393, -0.0118, -0.9883)	11	5203
445	(10.4758, 2.0532, -8.3017)	(0.0603, -0.1393, -0.0107, -0.9884)	11	5214
446	(8.8268, 0.1313, -9.7798)	(0.0599, -0.1388, -0.0093, -0.9885)	11	5225
447	(7.6072, -2.1018, -11.9278)	(0.0596, -0.1380, -0.0077, -0.9886)	11	5236
448	(7.7341, -3.4711, -13.3593)	(0.0590, -0.1373, -0.0061, -0.9888)	11	5247
449	(5.4766, -3.6479, -12.9258)	(0.0592, -0.1367, -0.0049, -0.9888)	11	5258
450	(5.1120, -5.3762, -13.9825)	(0.0589, -0.1356, -0.0033, -0.9890)	11	5270
451	(4.4417, -5.9378, -14.5184)	(0.0588, -0.1348, -0.0018, -0.9891)	11	5281
452	(5.8553, -6.5210, -10.4893)	(0.0578, -0.1334, 0.0011, -0.9894)	56	5337
453	(5.9793, -6.9149, -9.0859)	(0.0553, -0.1295, 0.0061, -0.9900)	10	5347
454	(7.3255, -7.2359, -7.0126)	(0.0537, -0.1278, 0.0070, -0.9903)	25	5373
455	(8.7345, -8.4375, -6.2603)	(0.0524, -0.1266, 0.0074, -0.9905)	19	5392
456	(9.1762, -8.8660, -0.5324)	(0.0504, -0.1249, 0.0062, -0.9909)	22	5414
457	(8.8791, -11.1666, 3.0386)	(0.0495, -0.1232, 0.0048, -0.9911)	11	5425
458	(8.5246, -14.7215, 4.9419)	(0.0486, -0.1208, 0.0039, -0.9915)	11	5436
459	(9.5610, -13.7933, 5.4693)	(0.0473, -0.1199, 0.0033, -0.9917)	11	5447
460	(9.8700, -14.1758, 4.6810)	(0.0463, -0.1184, 0.0032, -0.9919)	11	5458
461	(9.3812, -15.3180, 5.3747)	(0.0464, -0.1181, 0.0029, -0.9919)	11	5469
462	(10.8568, -15.9769, 8.7931)	(0.0449, -0.1165, 0.0014, -0.9922)	11	5480
463	(11.5950, -17.4927, 9.0675)	(0.0436, -0.1145, 0.0006, -0.9925)	11	5491
464	(12.6495, -21.1831, 13.1545)	(0.0420, -0.1118, -0.0015, -0.9928)	11	5502
465	(11.4915, -21.6184, 15.6609)	(0.0409, -0.1097, -0.0035, -0.9931)	11	5513
466	(11.7495, -25.8739, 16.0548)	(0.0395, -0.1064, -0.0051, -0.9935)	11	5524
467	(10.6535, -27.1331, 16.9357)	(0.0385, -0.1037, -0.0070, -0.9938)	11	5535
468	(12.3695, -29.1111, 18.3092)	(0.0367, -0.1005, -0.0090, -0.9942)	11	5546
469	(12.5619, -32.5824, 18.4358)	(0.0353, -0.0967, -0.0108, -0.9946)	11	5557
470	(13.4917, -35.8820, 20.6962)	(0.0335, -0.0926, -0.0133, -0.9950)	11	5569
471	(15.2071, -37.8067, 21.8855)	(0.0314, -0.0886, -0.0156, -0.9954)	11	5580
472	(16.3156, -42.9735, 22.1695)	(0.0293, -0.0834, -0.0178, -0.9959)	11	5591
473	(19.8650, -45.5280, 22.1476)	(0.0263, -0.0786, -0.0199, -0.9964)	11	5602
474	(20.5987, -47.4061, 22.6123)	(0.0239, -0.0737, -0.0222, -0.9967)	11	5613
475	(22.6806, -50.8378, 21.5141)	(0.0210, -0.0682, -0.0240, -0.9972)	11	5624
476	(24.7543, -50.6065, 20.9599)	(0.0180, -0.0634, -0.0258, -0.9975)	11	5635
477	(23.7817, -51.5212, 20.7982)	(0.0156, -0.0583, -0.0277, -0.9978)	11	5646
478	(24.2723, -53.6790, 19.6789)	(0.0129, -0.0527, -0.0293, -0.9981)	11	5657
479	(24.9451, -54.4678, 19.6929)	(0.0102, -0.0473, -0.0311, -0.9983)	11	5668
480	(24.7685, -57.8982, 18.7900)	(0.0076, -0.0410, -0.0327, -0.9986)	11	5679
481	(25.8736, -60.0437, 18.2237)	(0.0045, -0.0348, -0.0343, -0.9988)	11	5691
482	(28.1291, -61.5795, 17.4528)	(0.0011, -0.0286, -0.0357, -0.9990)	11	5702
483	(28.9162, -60.3127, 13.9584)	(-0.0021, -0.0231, -0.0362, -0.9991)	11	5713
484	(31.5378, -60.4143, 14.6849)	(-0.0059, -0.0174, -0.0377, -0.9991)	11	5724
485	(33.1867, -60.9384, 12.8029)	(-0.0098, -0.0115, -0.0384, -0.9991)	11	5735
486	(35.0763, -59.7729, 13.1342)	(-0.0138, -0.0060, -0.0396, -0.9991)	11	5746
487	(33.8582, -61.4304, 12.5019)	(-0.0171, 0.0003, -0.0406, -0.9990)	11	5757
488	(28.4796, -59.8254, 11.0267)	(-0.0188, 0.0056, -0.0413, -0.9990)	11	5768
489	(23.4042, -56.4740, 8.4799)	(-0.0202, 0.0103, -0.0414, -0.9989)	11	5779
490	(10.6437, -47.4317, -15.5880)	(-0.0188, 0.0131, -0.0348, -0.9991)	11	5790
491	(3.0960, -37.5989, -25.5060)	(-0.0174, 0.0145, -0.0299, -0.9993)	11	5802
492	(-1.8208, -30.7380, -5.9628)	(-0.0160, 0.0159, -0.0336, -0.9992)	11	5813
493	(0.5259, -36.0828, 3.2050)	(-0.0166, 0.0205, -0.0359, -0.9990)	11	5824
494	(7.0587, -39.9255, 2.7141)	(-0.0188, 0.0251, -0.0361, -0.9989)	11	5835
495	(17.3693, -38.4398, 3.0772)	(-0.0230, 0.0284, -0.0365, -0.9987)	11	5846
496	(16.0219, -40.0172, -2.1785)	(-0.0244, 0.0326, -0.0350, -0.9986)	11	5857
497	(-2.1791, -36.9705, -9.7318)	(-0.0205, 0.0355, -0.0322, -0.9986)	11	5868
498	(-23.5435, -32.4675, -11.5274)	(-0.0138, 0.0378, -0.0304, -0.9987)	11	5880
499	(-39.2976, -27.6656, -11.1488)	(-0.0068, 0.0397, -0.0291, -0.9988)	12	5891
500	(-51.4428, -26.0228, -10.4197)	(0.0007, 0.0421, -0.0280, -0.9987)	11	5902
501	(-63.9589, -22.2881, -8.9938)	(0.0095, 0.0438, -0.0271, -0.9986)	11	5913
502	(-73.0492, -20.5265, -8.5163)	(0.0185, 0.0456, -0.0260, -0.9985)	11	5924
503	(-86.7793, -18.8426, -6.0158)	(0.0297, 0.0473, -0.0254, -0.9981)	11	5935
504	(-96.5251, -20.8510, -2.4114)	(0.0411, 0.0500, -0.0256, -0.9976)	11	5947
505	(-110.0493, -25.4333, 3.6758)	(0.0546, 0.0537, -0.0267, -0.9967)	11	5958
506	(-119.7184, -31.8534, 11.6879)	(0.0684, 0.0584, -0.0288, -0.9955)	12	5969
507	(-126.0896, -39.1928, 22.3288)	(0.0821, 0.0638, -0.0327, -0.9940)	11	5980
508	(-127.4381, -48.2002, 37.1874)	(0.0950, 0.0703, -0.0391, -0.9922)	11	5991
509	(-127.7123, -54.9999, 47.0043)	(0.1077, 0.0770, -0.0454, -0.9902)	11	6002
510	(-117.4391, -57.4811, 55.7880)	(0.1170, 0.0829, -0.0526, -0.9883)	11	6013
511	(-111.4505, -57.5573, 60.5199)	(0.1266, 0.0882, -0.0592, -0.9863)	11	6024
512	(-103.6430, -55.3660, 63.0099)	(0.1352, 0.0926, -0.0656, -0.9843)	11	6036
513	(-96.9930, -58.4284, 58.7903)	(0.1429, 0.0987, -0.0704, -0.9823)	11	6047
514	(-88.7221, -71.1399, 59.1480)	(0.1497, 0.1077, -0.0766, -0.9799)	11	6058
515	(-71.6203, -81.3823, 54.7335)	(0.1530, 0.1172, -0.0820, -0.9778)	11	6069
516	(-60.9347, -87.2627, 52.6297)	(0.1563, 0.1264, -0.0875, -0.9757)	11	6080
517	(-33.7130, -86.3907, 57.6462)	(0.1542, 0.1335, -0.0953, -0.9743)	11	6091
518	(-36.7338, -81.0841, 49.6939)	(0.1586, 0.1399, -0.0986, -0.9724)	11	6102
519	(-8.9647, -85.5700, 45.9329)	(0.1534, 0.1478, -0.1043, -0.9715)	11	6113
520	(14.4142, -96.0052, 40.9604)	(0.1465, 0.1580, -0.1097, -0.9703)	11	6125
521	(39.9456, -110.4665, 38.1907)	(0.1365, 0.1701, -0.1160, -0.9690)	11	6136
522	(60.7577, -119.1340, 30.3299)	(0.1254, 0.1817, -0.1207, -0.9678)	11	6147
523	(79.9883, -126.2853, 27.9806)	(0.1128, 0.1934, -0.1265, -0.9664)	11	6158
524	(113.7093, -115.6691, 29.7383)	(0.0949, 0.1998, -0.1338, -0.9660)	11	6169
525	(143.9182, -95.5225, 30.0958)	(0.0751, 0.2017, -0.1409, -0.9663)	11	6180
526	(176.2781, -77.9245, 33.7876)	(0.0519, 0.2016, -0.1496, -0.9666)	11	6191
527	(185.5605, -82.4737, 31.1119)	(0.0312, 0.2069, -0.1564, -0.9653)	11	6203
528	(213.5295, -97.8041, 24.7029)	(0.0039, 0.2150, -0.1632, -0.9629)	11	6214
529	(226.9043, -106.8693, 18.5137)	(-0.0221, 0.2229, -0.1693, -0.9598)	11	6225
530	(223.9292, -96.5575, 7.9662)	(-0.0440, 0.2265, -0.1724, -0.9576)	11	6236
531	(222.5852, -75.9417, 3.6589)	(-0.0651, 0.2256, -0.1761, -0.9559)	11	6247
532	(213.7118, -66.6173, 1.4892)	(-0.0845, 0.2265, -0.1796, -0.9536)	11	6258
533	(180.3765, -56.5593, 3.8156)	(-0.0955, 0.2277, -0.1824, -0.9517)	11	6269
534	(165.7825, -48.4756, 6.6817)	(-0.1081, 0.2281, -0.1862, -0.9495)	11	6281
535	(154.2048, -55.5928, 4.7884)	(-0.1213, 0.2324, -0.1885, -0.9464)	11	6292
536	(144.3908, -61.1124, 0.9184)	(-0.1340, 0.2368, -0.1898, -0.9434)	11	6303
537	(138.1881, -70.6857, 0.5804)	(-0.1471, 0.2428, -0.1915, -0.9395)	11	6314
538	(87.0010, -71.7260, 0.6889)	(-0.1464, 0.2501, -0.1902, -0.9380)	11	6325
539	(51.6113, -67.6377, 3.1418)	(-0.1450, 0.2559, -0.1896, -0.9368)	11	6336
540	(13.2264, -66.2163, 0.6117)	(-0.1396, 0.2628, -0.1865, -0.9363)	11	6348
541	(-6.8269, -69.9158, 5.2472)	(-0.1362, 0.2711, -0.1857, -0.9346)	11	6359
542	(-8.2580, -77.4006, 11.6720)	(-0.1362, 0.2800, -0.1863, -0.9318)	11	6370
543	(-25.4272, -89.2978, 14.7024)	(-0.1322, 0.2918, -0.1852, -0.9290)	11	6381
544	(-55.1112, -100.3316, 15.9845)	(-0.1233, 0.3052, -0.1821, -0.9265)	11	6392
545	(-73.3348, -108.9722, 14.4446)	(-0.1150, 0.3186, -0.1782, -0.9238)	11	6403
546	(-78.9486, -111.3136, 10.6755)	(-0.1088, 0.3307, -0.1744, -0.9211)	11	6414
547	(-75.4913, -110.5696, -0.4245)	(-0.1051, 0.3413, -0.1689, -0.9187)	11	6425
548	(-69.4913, -106.5354, -14.7103)	(-0.1030, 0.3503, -0.1621, -0.9167)	11	6437
549	(-66.4835, -100.8766, -29.6836)	(-0.1009, 0.3586, -0.1538, -0.9152)	11	6448
550	(-68.2156, -97.7071, -38.0829)	(-0.0977, 0.3672, -0.1455, -0.9135)	11	6459
551	(-69.4572, -95.9380, -46.7014)	(-0.0948, 0.3757, -0.1364, -0.9117)	11	6470
552	(-63.8066, -91.2084, -53.7523)	(-0.0936, 0.3829, -0.1277, -0.9101)	11	6481
553	(-51.4085, -78.7754, -62.8661)	(-0.0948, 0.3872, -0.1190, -0.9094)	11	6492
554	(-39.4364, -65.2971, -71.5135)	(-0.0973, 0.3898, -0.1102, -0.9091)	11	6503
555	(-27.5295, -50.0299, -78.9210)	(-0.1007, 0.3904, -0.1016, -0.9095)	11	6515
556	(-15.9080, -40.9972, -81.7515)	(-0.1049, 0.3914, -0.0938, -0.9094)	11	6526
557	(-3.3477, -38.4889, -84.8823)	(-0.1105, 0.3931, -0.0862, -0.9088)	11	6537
558	(17.2516, -35.4565, -89.6948)	(-0.1198, 0.3940, -0.0793, -0.9078)	11	6548
559	(14.9572, -5.6621, -68.7337)	(-0.1840, 0.3738, -0.0183, -0.9089)	112	6660
560	(16.4874, -9.9879, -71.7573)	(-0.1885, 0.3740, -0.0119, -0.9080)	12	6672
561	(21.0349, -9.7339, -86.0828)	(-0.1952, 0.3727, -0.0027, -0.9072)	11	6683
562	(25.4122, -10.5811, -94.7851)	(-0.2022, 0.3716, 0.0061, -0.9061)	11	6694
563	(30.3477, -12.5925, -100.9086)	(-0.2097, 0.3708, 0.0149, -0.9046)	11	6705
564	(37.9040, -11.0220, -104.7952)	(-0.2182, 0.3692, 0.0231, -0.9031)	11	6716
565	(44.1653, -3.7483, -106.8480)	(-0.2271, 0.3660, 0.0306, -0.9019)	11	6727
566	(54.2022, 8.9489, -105.9779)	(-0.2373, 0.3609, 0.0365, -0.9012)	11	6738
567	(60.5942, 15.5867, -106.4337)	(-0.2476, 0.3561, 0.0427, -0.9001)	11	6749
568	(65.6492, 16.8880, -108.5456)	(-0.2581, 0.3518, 0.0494, -0.8984)	11	6761
569	(67.8444, 15.1935, -111.1379)	(-0.2685, 0.3482, 0.0567, -0.8964)	11	6772
570	(66.3923, 9.0977, -114.0541)	(-0.2781, 0.3457, 0.0651, -0.8938)	11	6783
571	(68.7141, 5.8442, -115.3968)	(-0.2884, 0.3431, 0.0730, -0.8909)	12	6794
572	(67.6233, 3.5789, -113.0941)	(-0.2977, 0.3405, 0.0803, -0.8882)	11	6805
573	(67.1579, 0.8224, -105.0628)	(-0.3063, 0.3388, 0.0859, -0.8855)	11	6816
574	(62.4820, -1.2799, -97.5185)	(-0.3135, 0.3372, 0.0915, -0.8830)	11	6827
575	(52.7437, -3.6893, -87.3961)	(-0.3186, 0.3362, 0.0964, -0.8810)	11	6838
576	(46.9084, -8.6270, -81.2500)	(-0.3237, 0.3359, 0.1017, -0.8787)	11	6849
577	(39.9865, -17.4103, -75.8184)	(-0.3277, 0.3371, 0.1074, -0.8761)	11	6860
578	(32.6940, -26.1179, -72.2120)	(-0.3309, 0.3388, 0.1136, -0.8734)	11	6872
579	(27.6449, -29.7947, -70.1152)	(-0.3341, 0.3401, 0.1198, -0.8708)	11	6883
580	(23.3269, -37.1352, -71.3503)	(-0.3369, 0.3492, 0.1319, -0.8644)	11	6894
581	(22.9615, -39.5624, -73.8002)	(-0.3408, 0.3506, 0.1391, -0.8612)	11	6905
582	(23.2708, -40.2544, -74.8798)	(-0.3448, 0.3518, 0.1462, -0.8579)	11	6916
583	(22.7316, -45.8335, -76.4132)	(-0.3485, 0.3541, 0.1540, -0.8541)	11	6927
584	(22.3842, -52.9401, -75.4738)	(-0.3518, 0.3574, 0.1616, -0.8499)	11	6938
585	(23.3338, -62.5953, -71.1461)	(-0.3548, 0.3623, 0.1687, -0.8453)	11	6949
586	(21.0929, -68.7227, -69.7975)	(-0.3572, 0.3668, 0.1763, -0.8407)	11	6960
587	(21.5352, -71.7054, -64.1383)	(-0.3595, 0.3717, 0.1825, -0.8362)	11	6972
588	(19.3436, -72.1024, -62.4763)	(-0.3615, 0.3758, 0.1893, -0.8320)	11	6983
589	(14.7097, -72.9387, -61.4162)	(-0.3627, 0.3799, 0.1964, -0.8280)	11	6994
590	(8.3744, -73.8855, -59.7939)	(-0.3631, 0.3839, 0.2037, -0.8242)	11	7005
591	(3.5571, -74.2203, -58.0054)	(-0.3631, 0.3878, 0.2110, -0.8205)	11	7016
592	(-4.1264, -71.6119, -55.1751)	(-0.3621, 0.3910, 0.2180, -0.8176)	11	7027
593	(-8.8851, -69.2422, -52.1656)	(-0.3610, 0.3942, 0.2245, -0.8148)	11	7038
594	(-13.7656, -67.9475, -48.2817)	(-0.3593, 0.3974, 0.2309, -0.8122)	11	7049
595	(-18.2161, -66.5948, -47.3806)	(-0.3575, 0.4003, 0.2377, -0.8096)	11	7060
596	(-21.3954, -65.1289, -47.1605)	(-0.3557, 0.4029, 0.2445, -0.8071)	11	7072
597	(-23.1626, -64.8353, -47.5216)	(-0.3539, 0.4057, 0.2515, -0.8043)	11	7082
598	(-26.1565, -63.2221, -46.0237)	(-0.3516, 0.4081, 0.2581, -0.8020)	11	7094
599	(-24.5082, -62.5627, -43.6106)	(-0.3500, 0.4110, 0.2640, -0.7993)	11	7105
600	(-21.6366, -62.7537, -44.1586)	(-0.3489, 0.4138, 0.2703, -0.7962)	11	7116
601	(-23.8812, -62.0923, -35.7048)	(-0.3459, 0.4171, 0.2751, -0.7942)	11	7127
602	(-21.3022, -64.3434, -29.9465)	(-0.3436, 0.4214, 0.2794, -0.7914)	11	7138
603	(-16.7708, -66.9326, -22.9686)	(-0.3414, 0.4264, 0.2828, -0.7884)	11	7149
604	(-13.5963, -65.3744, -21.7280)	(-0.3399, 0.4304, 0.2867, -0.7855)	11	7160
605	(-11.3599, -63.3084, -27.8628)	(-0.3394, 0.4334, 0.2920, -0.7821)	11	7171
606	(-10.2143, -59.5069, -32.5135)	(-0.3391, 0.4358, 0.2973, -0.7789)	11	7183
607	(-7.6581, -59.2017, -35.5704)	(-0.3391, 0.4388, 0.3024, -0.7753)	11	7194
608	(-4.8547, -56.4415, -31.8588)	(-0.3386, 0.4417, 0.3060, -0.7724)	11	7205
609	(-5.0337, -54.2580, -26.5422)	(-0.3374, 0.4448, 0.3091, -0.7699)	11	7216
610	(-4.6009, -52.0346, -22.0862)	(-0.3362, 0.4478, 0.3119, -0.7676)	11	7227
611	(-4.5514, -46.0458, -18.1856)	(-0.3353, 0.4499, 0.3140, -0.7659)	11	7238
612	(-0.7137, -39.4976, -14.3130)	(-0.3354, 0.4518, 0.3150, -0.7643)	11	7249
613	(0.7330, -33.8397, -11.8113)	(-0.3353, 0.4533, 0.3161, -0.7630)	11	7260
614	(1.6410, -27.4902, -8.2294)	(-0.3351, 0.4545, 0.3165, -0.7622)	11	7271
615	(2.1180, -20.8418, -4.8353)	(-0.3350, 0.4552, 0.3165, -0.7618)	11	7283
616	(2.9612, -13.7587, -1.2050)	(-0.3351, 0.4555, 0.3158, -0.7619)	11	7294
617	(6.4166, -3.5072, -0.5694)	(-0.3364, 0.4548, 0.3146, -0.7622)	11	7305
618	(6.8895, 1.7097, -1.2880)	(-0.3373, 0.4541, 0.3142, -0.7624)	11	7316
619	(9.5521, 7.1196, -4.9345)	(-0.3396, 0.4528, 0.3138, -0.7623)	11	7327
620	(15.2123, 10.7704, -8.3083)	(-0.3427, 0.4518, 0.3132, -0.7618)	11	7338
621	(21.0540, 10.7656, -14.6007)	(-0.3467, 0.4511, 0.3134, -0.7603)	11	7349
622	(25.0264, 6.3843, -17.6875)	(-0.3501, 0.4515, 0.3138, -0.7584)	11	7360
623	(29.2989, 3.3967, -20.9292)	(-0.3541, 0.4519, 0.3142, -0.7561)	11	7372
624	(30.3669, -6.6531, -18.2299)	(-0.3564, 0.4544, 0.3145, -0.7534)	10	7382
625	(28.9218, -10.5302, -14.4349)	(-0.3581, 0.4562, 0.3145, -0.7515)	12	7394
626	(25.1593, -16.6853, -11.3194)	(-0.3587, 0.4587, 0.3150, -0.7494)	10	7405
627	(19.9445, -25.2980, -6.3195)	(-0.3580, 0.4623, 0.3158, -0.7473)	11	7416
628	(13.6664, -27.3113, -3.1542)	(-0.3570, 0.4647, 0.3166, -0.7459)	12	7427
629	(5.5666, -28.1798, 2.2987)	(-0.3547, 0.4670, 0.3171, -0.7453)	11	7438
630	(-0.1004, -24.3887, 8.9949)	(-0.3524, 0.4686, 0.3166, -0.7456)	11	7449
631	(-6.7552, -18.0598, 15.0364)	(-0.3496, 0.4694, 0.3158, -0.7468)	11	7460
632	(-9.2014, -12.3437, 17.5483)	(-0.3475, 0.4698, 0.3148, -0.7480)	11	7471
633	(-7.3826, -5.7484, 21.0597)	(-0.3462, 0.4701, 0.3126, -0.7493)	11	7483
634	(-1.5993, -0.2522, 21.6013)	(-0.3462, 0.4703, 0.3102, -0.7501)	11	7494
635	(6.6725, 7.5704, 22.3975)	(-0.3475, 0.4701, 0.3066, -0.7512)	11	7505
636	(19.2227, 16.4168, 22.3596)	(-0.3505, 0.4697, 0.3018, -0.7520)	11	7516
637	(30.1799, 21.3178, 17.4234)	(-0.3547, 0.4692, 0.2978, -0.7519)	11	7527
638	(44.3173, 23.8333, 11.5477)	(-0.3607, 0.4692, 0.2935, -0.7507)	11	7538
639	(55.7102, 27.2402, 7.6700)	(-0.3674, 0.4689, 0.2887, -0.7495)	11	7549
640	(68.3924, 28.3882, 3.5309)	(-0.3752, 0.4691, 0.2837, -0.7474)	11	7560
641	(75.7715, 28.8397, 1.4293)	(-0.3826, 0.4693, 0.2788, -0.7454)	12	7572
642	(80.3440, 27.3744, -1.8382)	(-0.3901, 0.4697, 0.2744, -0.7430)	11	7583
643	(83.2727, 25.9263, -4.1916)	(-0.3975, 0.4700, 0.2701, -0.7404)	11	7594
644	(83.6980, 24.8137, -5.1430)	(-0.4044, 0.4704, 0.2659, -0.7379)	11	7605
645	(80.1050, 22.6317, -4.1731)	(-0.4103, 0.4709, 0.2619, -0.7357)	11	7616
646	(76.5136, 21.1644, -1.3357)	(-0.4156, 0.4715, 0.2577, -0.7338)	11	7627
647	(71.5778, 19.6608, -0.1410)	(-0.4202, 0.4719, 0.2542, -0.7322)	11	7638
648	(66.0319, 19.1949, 1.1661)	(-0.4244, 0.4721, 0.2506, -0.7308)	11	7649
649	(63.7704, 18.7840, -0.8212)	(-0.4293, 0.4721, 0.2475, -0.7291)	11	7660
650	(61.1342, 21.6043, -2.6379)	(-0.4342, 0.4713, 0.2442, -0.7278)	11	7671
651	(57.8319, 25.5416, -3.5599)	(-0.4388, 0.4699, 0.2409, -0.7270)	11	7683
652	(54.6475, 29.6413, -2.4777)	(-0.4431, 0.4683, 0.2372, -0.7267)	11	7694
653	(50.8077, 30.8410, -0.1795)	(-0.4468, 0.4671, 0.2335, -0.7264)	11	7705
654	(49.2202, 31.4755, 0.9679)	(-0.4507, 0.4660, 0.2296, -0.7259)	11	7716
655	(48.1250, 30.9714, 0.1919)	(-0.4547, 0.4648, 0.2262, -0.7252)	11	7727
656	(44.3301, 34.3474, -1.2608)	(-0.4584, 0.4626, 0.2231, -0.7253)	11	7738
657	(39.5006, 36.5631, -2.5727)	(-0.4616, 0.4601, 0.2203, -0.7257)	11	7749
658	(36.5072, 38.0565, -4.0527)	(-0.4649, 0.4576, 0.2175, -0.7260)	11	7760
659	(30.7109, 37.2275, -5.3003)	(-0.4674, 0.4551, 0.2156, -0.7266)	11	7771
660	(20.6568, 35.0446, -1.2682)	(-0.4678, 0.4532, 0.2136, -0.7281)	11	7783
661	(11.3301, 33.7385, 3.5908)	(-0.4673, 0.4514, 0.2116, -0.7301)	11	7794
662	(1.0316, 33.8935, 8.8522)	(-0.4657, 0.4495, 0.2095, -0.7329)	11	7805
663	(-3.6540, 33.3107, 13.2596)	(-0.4645, 0.4479, 0.2070, -0.7354)	11	7816
664	(-6.0236, 30.2847, 14.3058)	(-0.4635, 0.4467, 0.2052, -0.7372)	11	7827
665	(-7.5470, 29.3001, 13.8438)	(-0.4626, 0.4451, 0.2035, -0.7392)	11	7838
666	(-7.3013, 28.6015, 12.4557)	(-0.4623, 0.4434, 0.2019, -0.7409)	11	7849
667	(-1.6358, 28.2381, 6.5371)	(-0.4637, 0.4414, 0.2007, -0.7415)	11	7860
668	(6.0291, 30.1811, 2.9458)	(-0.4660, 0.4392, 0.1986, -0.7420)	11	7871
669	(15.0499, 31.7242, 0.3941)	(-0.4692, 0.4371, 0.1960, -0.7419)	11	7882
670	(24.7371, 37.4739, -1.9355)	(-0.4735, 0.4342, 0.1925, -0.7418)	11	7894
671	(32.4691, 41.4705, -3.6863)	(-0.4782, 0.4312, 0.1888, -0.7415)	11	7905
672	(41.8446, 47.2551, -7.0569)	(-0.4841, 0.4275, 0.1844, -0.7409)	11	7916
673	(47.7491, 52.4539, -6.5097)	(-0.4897, 0.4238, 0.1794, -0.7405)	11	7927
674	(53.4136, 56.0903, -7.5721)	(-0.4958, 0.4199, 0.1745, -0.7398)	11	7938
675	(59.1304, 59.7976, -11.2561)	(-0.5028, 0.4154, 0.1697, -0.7388)	11	7949
676	(64.6131, 62.0147, -13.3878)	(-0.5100, 0.4110, 0.1647, -0.7375)	11	7960
677	(71.1345, 63.3679, -16.1114)	(-0.5180, 0.4065, 0.1597, -0.7355)	11	7971
678	(74.8037, 61.0552, -16.0756)	(-0.5254, 0.4028, 0.1548, -0.7333)	11	7983
679	(75.4226, 56.9271, -15.6281)	(-0.5321, 0.3997, 0.1504, -0.7311)	11	7994
680	(73.6620, 53.7875, -14.0380)	(-0.5382, 0.3968, 0.1460, -0.7291)	11	8004
681	(67.9345, 51.7764, -13.7975)	(-0.5435, 0.3935, 0.1422, -0.7277)	12	8016
682	(65.5576, 50.4805, -14.3136)	(-0.5491, 0.3901, 0.1384, -0.7261)	11	8027
683	(64.6396, 48.7812, -16.9538)	(-0.5549, 0.3865, 0.1351, -0.7242)	11	8038
684	(64.6392, 45.1424, -22.0575)	(-0.5612, 0.3829, 0.1329, -0.7216)	11	8049
685	(64.2802, 40.9106, -23.4928)	(-0.5671, 0.3800, 0.1306, -0.7190)	11	8060
686	(59.8311, 37.0727, -28.8197)	(-0.5725, 0.3765, 0.1299, -0.7167)	11	8071
687	(55.6739, 36.6203, -32.9400)	(-0.5777, 0.3723, 0.1291, -0.7148)	11	8082
688	(49.9884, 36.5583, -38.2765)	(-0.5826, 0.3675, 0.1291, -0.7133)	11	8094
689	(44.6241, 36.6963, -37.1079)	(-0.5868, 0.3633, 0.1281, -0.7123)	11	8105
690	(36.5218, 33.6741, -32.8243)	(-0.5894, 0.3602, 0.1275, -0.7118)	11	8116
691	(27.8263, 27.7453, -24.6420)	(-0.5908, 0.3585, 0.1268, -0.7116)	11	8127
692	(20.1044, 22.1103, -19.6948)	(-0.5917, 0.3572, 0.1267, -0.7115)	11	8138
693	(8.4738, 18.7456, -11.0692)	(-0.5906, 0.3565, 0.1261, -0.7129)	11	8149
694	(0.4970, 15.7757, -7.0273)	(-0.5897, 0.3556, 0.1259, -0.7141)	11	8160
695	(-6.1398, 15.3557, -3.4698)	(-0.5885, 0.3545, 0.1254, -0.7157)	11	8171
696	(-15.8196, 13.0063, 4.3287)	(-0.5856, 0.3544, 0.1249, -0.7182)	11	8183
697	(-2.0927, 2.1463, -9.1190)	(-0.5879, 0.3534, 0.1276, -0.7164)	11	8194
698	(-4.8686, -6.3737, -5.8386)	(-0.5871, 0.3550, 0.1290, -0.7160)	11	8205
699	(0.9619, -18.4352, -0.5557)	(-0.5872, 0.3589, 0.1301, -0.7138)	11	8216
700	(-3.7776, -23.3064, -0.0202)	(-0.5859, 0.3610, 0.1324, -0.7133)	11	8227
701	(-11.5325, -24.1157, -3.2075)	(-0.5841, 0.3619, 0.1354, -0.7138)	11	8238
702	(-14.9034, -18.3637, -4.6521)	(-0.5829, 0.3617, 0.1370, -0.7146)	11	8249
703	(-18.7045, -12.2371, -5.6797)	(-0.5813, 0.3610, 0.1385, -0.7160)	11	8260
704	(-16.8876, -9.7402, -8.7158)	(-0.5811, 0.3602, 0.1401, -0.7162)	11	8271
705	(-6.0847, -11.9596, -10.6535)	(-0.5824, 0.3607, 0.1416, -0.7146)	11	8283
706	(-13.5591, -27.2879, -15.1278)	(-0.5806, 0.3629, 0.1476, -0.7138)	11	8294
707	(-10.4323, -34.0863, -16.8877)	(-0.5803, 0.3649, 0.1519, -0.7121)	11	8305
708	(-11.6534, -36.7792, -20.4852)	(-0.5798, 0.3661, 0.1566, -0.7108)	11	8316
709	(-10.6615, -24.6507, -28.7070)	(-0.5806, 0.3636, 0.1603, -0.7107)	11	8327
710	(-31.8290, -11.5036, -42.4273)	(-0.5781, 0.3576, 0.1667, -0.7142)	11	8338
711	(-41.0051, -13.6311, -56.2354)	(-0.5766, 0.3531, 0.1755, -0.7156)	11	8349
712	(-39.7377, -13.5119, -65.0683)	(-0.5766, 0.3488, 0.1834, -0.7157)	11	8360
713	(-29.5143, -0.0259, -61.5374)	(-0.5781, 0.3437, 0.1860, -0.7162)	11	8371
714	(-8.7329, 14.8934, -54.1651)	(-0.5825, 0.3390, 0.1850, -0.7153)	11	8382
715	(18.6405, 24.4951, -48.2896)	(-0.5896, 0.3350, 0.1824, -0.7120)	11	8394
716	(34.5297, 15.5999, -46.2692)	(-0.5956, 0.3338, 0.1829, -0.7074)	11	8405
717	(33.9574, 2.7857, -44.5505)	(-0.5988, 0.3335, 0.1859, -0.7040)	11	8416
718	(33.1422, -11.3648, -42.6783)	(-0.6016, 0.3345, 0.1898, -0.7001)	11	8427
719	(34.0095, -17.7318, -44.2000)	(-0.6051, 0.3344, 0.1936, -0.6961)	11	8438
720	(34.6386, -22.2482, -38.8136)	(-0.6079, 0.3355, 0.1961, -0.6924)	11	8449
721	(32.6482, -22.0570, -26.8787)	(-0.6095, 0.3372, 0.1967, -0.6900)	11	8460
722	(32.6713, -23.7980, -16.8556)	(-0.6111, 0.3397, 0.1970, -0.6872)	11	8472
723	(28.2335, -22.6666, -6.3340)	(-0.6117, 0.3424, 0.1966, -0.6856)	11	8482
724	(20.7334, -18.5502, 1.5108)	(-0.6114, 0.3442, 0.1960, -0.6851)	11	8494
725	(11.0944, -16.2617, 6.6701)	(-0.6102, 0.3458, 0.1959, -0.6853)	11	8505
726	(0.5293, -5.6786, 15.1945)	(-0.6082, 0.3462, 0.1935, -0.6876)	11	8516
727	(-19.8140, 14.4238, 25.4377)	(-0.6037, 0.3441, 0.1892, -0.6938)	11	8527
728	(-26.9815, 29.9231, 30.2033)	(-0.6006, 0.3417, 0.1844, -0.6990)	11	8538
729	(-28.3534, 43.5465, 32.2438)	(-0.5984, 0.3385, 0.1789, -0.7038)	11	8549
730	(-27.3956, 51.1277, 33.4268)	(-0.5967, 0.3357, 0.1733, -0.7080)	11	8560
731	(-28.7399, 53.5388, 35.2069)	(-0.5943, 0.3333, 0.1681, -0.7123)	11	8571
732	(-39.2624, 65.3864, 34.4556)	(-0.5907, 0.3281, 0.1625, -0.7190)	11	8582
733	(-63.6831, 71.3195, 34.1618)	(-0.5833, 0.3223, 0.1590, -0.7285)	11	8594
734	(-102.6262, 80.6134, 38.0476)	(-0.5706, 0.3148, 0.1558, -0.7423)	11	8605
735	(-127.4042, 87.0351, 43.5913)	(-0.5575, 0.3078, 0.1518, -0.7559)	11	8616
736	(-131.4273, 89.9920, 48.3545)	(-0.5468, 0.3016, 0.1465, -0.7672)	11	8627
737	(-100.1833, 85.6361, 45.1241)	(-0.5435, 0.2973, 0.1406, -0.7723)	11	8638
738	(-77.6387, 85.4195, 27.7691)	(-0.5424, 0.2902, 0.1373, -0.7764)	11	8649
739	(-59.3578, 83.9121, 15.6927)	(-0.5419, 0.2833, 0.1340, -0.7798)	11	8660
740	(-54.8309, 73.3053, 6.3971)	(-0.5395, 0.2781, 0.1334, -0.7835)	11	8671
741	(-47.5267, 66.3528, -11.9271)	(-0.5390, 0.2710, 0.1351, -0.7860)	11	8682
742	(-41.6192, 61.8043, -22.8076)	(-0.5386, 0.2642, 0.1365, -0.7883)	11	8693
743	(-25.5640, 53.1478, -29.8652)	(-0.5406, 0.2591, 0.1377, -0.7884)	11	8705
744	(-8.2182, 41.2523, -34.7906)	(-0.5442, 0.2557, 0.1394, -0.7868)	11	8716
745	(3.3200, 34.8533, -38.4710)	(-0.5477, 0.2520, 0.1410, -0.7853)	11	8727
746	(6.8802, 24.1503, -40.5768)	(-0.5500, 0.2496, 0.1439, -0.7839)	11	8738
747	(5.6487, 27.1688, -42.0356)	(-0.5518, 0.2447, 0.1455, -0.7839)	11	8749
748	(7.8015, 46.2284, -39.4457)	(-0.5546, 0.2367, 0.1433, -0.7848)	11	8760
749	(10.0908, 58.3295, -40.6059)	(-0.5578, 0.2283, 0.1418, -0.7853)	11	8771
750	(11.7687, 69.3865, -42.1151)	(-0.5612, 0.2190, 0.1399, -0.7858)	11	8782
751	(10.4567, 77.2735, -46.4062)	(-0.5642, 0.2090, 0.1388, -0.7866)	11	8794
752	(10.1855, 87.0095, -49.6506)	(-0.5675, 0.1978, 0.1369, -0.7874)	11	8805
753	(11.9243, 94.9757, -53.3459)	(-0.5713, 0.1860, 0.1351, -0.7879)	11	8816
754	(11.5205, 107.4585, -56.3364)	(-0.5749, 0.1725, 0.1324, -0.7888)	11	8827
755	(8.8661, 121.2213, -56.2971)	(-0.5779, 0.1580, 0.1284, -0.7903)	11	8838
756	(1.2246, 132.1163, -50.5335)	(-0.5792, 0.1437, 0.1230, -0.7929)	11	8849
757	(-2.1455, 145.1516, -41.7708)	(-0.5808, 0.1289, 0.1155, -0.7955)	11	8860
758	(-0.2538, 151.1733, -30.6970)	(-0.5828, 0.1158, 0.1069, -0.7972)	11	8871
759	(9.0325, 155.2504, -19.7259)	(-0.5864, 0.1036, 0.0972, -0.7975)	11	8882
760	(19.8581, 151.4810, -8.5439)	(-0.5906, 0.0935, 0.0874, -0.7967)	11	8893
761	(28.7909, 149.3232, 1.2726)	(-0.5951, 0.0838, 0.0770, -0.7956)	11	8905
762	(35.8279, 149.3736, 11.9654)	(-0.5997, 0.0745, 0.0653, -0.7941)	11	8916
763	(43.6173, 142.4953, 23.2819)	(-0.6044, 0.0674, 0.0537, -0.7920)	11	8927
764	(47.9164, 137.3059, 31.2853)	(-0.6091, 0.0605, 0.0422, -0.7897)	11	8938
765	(53.3892, 126.4750, 40.1312)	(-0.6140, 0.0560, 0.0310, -0.7867)	11	8949
766	(58.4211, 117.2718, 45.2959)	(-0.6190, 0.0518, 0.0204, -0.7834)	11	8960
767	(66.4555, 104.2264, 47.4859)	(-0.6250, 0.0491, 0.0111, -0.7790)	11	8971
768	(72.3329, 96.7434, 50.2967)	(-0.6311, 0.0464, 0.0014, -0.7743)	11	8982
769	(83.0930, 87.7376, 50.0805)	(-0.6386, 0.0442, -0.0072, -0.7682)	11	8993
770	(92.9331, 81.5129, 49.0787)	(-0.6467, 0.0419, -0.0156, -0.7614)	11	9004
771	(101.8026, 71.3301, 47.9822)	(-0.6552, 0.0408, -0.0229, -0.7540)	12	9016
772	(102.7351, 61.0427, 45.3837)	(-0.6625, 0.0401, -0.0289, -0.7474)	11	9027
773	(96.9048, 49.8937, 42.7654)	(-0.6684, 0.0403, -0.0338, -0.7419)	11	9038
774	(94.5311, 43.6884, 37.4172)	(-0.6747, 0.0395, -0.0382, -0.7361)	11	9049
775	(95.0743, 40.2271, 32.0108)	(-0.6814, 0.0381, -0.0423, -0.7297)	11	9060
776	(92.3957, 33.2532, 24.9743)	(-0.6875, 0.0371, -0.0448, -0.7239)	11	9071
777	(89.1087, 27.6507, 19.4965)	(-0.6932, 0.0361, -0.0468, -0.7183)	11	9082
778	(79.4588, 25.8668, 13.3484)	(-0.6973, 0.0343, -0.0486, -0.7143)	11	9093
779	(71.6435, 25.6459, 9.2971)	(-0.7011, 0.0324, -0.0506, -0.7105)	11	9105
780	(58.6437, 22.7724, 3.7929)	(-0.7033, 0.0306, -0.0514, -0.7084)	11	9116
781	(45.5953, 17.9971, 0.3979)	(-0.7047, 0.0294, -0.0517, -0.7070)	11	9127
782	(35.9603, 12.3747, -2.9271)	(-0.7058, 0.0285, -0.0513, -0.7059)	11	9138
783	(26.5722, 7.6929, -4.8130)	(-0.7065, 0.0279, -0.0507, -0.7054)	11	9149
784	(19.9246, 6.1491, -5.4316)	(-0.7070, 0.0272, -0.0504, -0.7049)	11	9160
785	(10.5327, 4.8691, -4.7719)	(-0.7065, 0.0268, -0.0503, -0.7054)	11	9171
786	(2.7339, 0.0806, -6.1111)	(-0.7057, 0.0270, -0.0492, -0.7062)	11	9182
787	(-4.9940, -3.2339, -4.3169)	(-0.7045, 0.0275, -0.0484, -0.7075)	11	9193
788	(-11.8130, -7.9014, -2.6811)	(-0.7028, 0.0288, -0.0471, -0.7093)	11	9205
789	(-11.0199, -8.9437, -3.0286)	(-0.7021, 0.0293, -0.0462, -0.7100)	11	9216
790	(-10.9500, -10.5548, -1.5318)	(-0.7014, 0.0304, -0.0453, -0.7106)	11	9227
791	(-12.7019, -16.9091, 0.4262)	(-0.7004, 0.0327, -0.0435, -0.7117)	11	9238
792	(-14.5122, -23.2180, 1.8287)	(-0.6993, 0.0356, -0.0415, -0.7128)	11	9249
793	(-7.2678, -29.4098, 16.9714)	(-0.6996, 0.0413, -0.0417, -0.7121)	11	9260
794	(-10.2384, -24.2942, 69.3569)	(-0.6980, 0.0539, -0.0524, -0.7121)	11	9271
795	(8.5658, -23.7194, 110.0143)	(-0.7002, 0.0684, -0.0642, -0.7077)	11	9282
796	(-8.7449, 0.9570, 117.1188)	(-0.6967, 0.0744, -0.0765, -0.7094)	11	9293
797	(-38.9902, 21.6548, 121.4184)	(-0.6885, 0.0796, -0.0894, -0.7153)	11	9304
798	(-81.0358, 45.3137, 116.4372)	(-0.6746, 0.0816, -0.1015, -0.7266)	11	9316
799	(-18.3159, 42.7731, 113.5640)	(-0.6810, 0.0851, -0.1125, -0.7186)	11	9327
800	(-11.1153, 12.1715, 106.1852)	(-0.6814, 0.0947, -0.1157, -0.7165)	11	9338
801	(-20.9738, -26.1835, 98.8299)	(-0.6785, 0.1079, -0.1145, -0.7176)	11	9349
802	(-6.6783, -37.2084, 94.9314)	(-0.6799, 0.1176, -0.1166, -0.7143)	11	9360
803	(-1.3808, -10.8622, 90.5463)	(-0.6789, 0.1204, -0.1250, -0.7134)	11	9371
804	(28.5697, 8.0155, 82.8356)	(-0.6837, 0.1207, -0.1339, -0.7071)	12	9383
805	(26.9801, 3.1662, 75.5128)	(-0.6851, 0.1246, -0.1380, -0.7043)	10	9393
806	(23.1697, -18.4741, 65.9722)	(-0.6862, 0.1315, -0.1375, -0.7021)	12	9404
807	(30.0919, -33.1492, 59.8579)	(-0.6893, 0.1384, -0.1372, -0.6978)	11	9416
808	(42.4216, -42.2428, 49.6565)	(-0.6942, 0.1437, -0.1359, -0.6921)	11	9427
809	(50.0710, -32.4610, 42.1318)	(-0.6984, 0.1457, -0.1378, -0.6871)	11	9438
810	(47.8936, -24.1443, 32.4688)	(-0.7012, 0.1466, -0.1387, -0.6838)	11	9449
811	(42.0755, -20.2674, 25.8349)	(-0.7032, 0.1479, -0.1392, -0.6814)	11	9460
812	(47.5100, -26.1525, 20.8234)	(-0.7073, 0.1503, -0.1382, -0.6768)	11	9471
813	(47.3185, -28.3787, 13.5009)	(-0.7108, 0.1519, -0.1366, -0.6731)	11	9482
814	(44.8221, -34.7407, 6.6975)	(-0.7142, 0.1540, -0.1335, -0.6696)	11	9493
815	(42.7360, -36.2468, -1.1146)	(-0.7175, 0.1550, -0.1302, -0.6666)	11	9504
816	(42.5433, -33.9098, -2.9230)	(-0.7207, 0.1559, -0.1282, -0.6633)	11	9516
817	(46.1109, -25.6317, -9.3128)	(-0.7245, 0.1543, -0.1269, -0.6597)	11	9527
818	(45.3082, -21.8141, -10.3599)	(-0.7277, 0.1538, -0.1257, -0.6565)	11	9538
819	(41.7651, -21.3857, -12.9152)	(-0.7304, 0.1534, -0.1237, -0.6539)	11	9549
820	(38.2197, -20.6697, -13.2224)	(-0.7329, 0.1533, -0.1220, -0.6515)	11	9560
821	(36.0852, -19.4396, -12.5716)	(-0.7353, 0.1531, -0.1205, -0.6491)	11	9571
822	(34.0595, -13.2661, -11.4716)	(-0.7374, 0.1522, -0.1202, -0.6470)	11	9582
823	(32.1592, -8.4775, -9.5547)	(-0.7393, 0.1514, -0.1204, -0.6450)	11	9593
824	(28.4257, -2.1745, -7.9088)	(-0.7406, 0.1501, -0.1212, -0.6437)	11	9605
825	(24.6379, 1.0310, -5.7656)	(-0.7416, 0.1493, -0.1220, -0.6425)	11	9616
826	(22.0061, 4.5269, -4.3067)	(-0.7426, 0.1483, -0.1229, -0.6415)	11	9627
827	(18.3989, 9.2716, -1.6516)	(-0.7430, 0.1472, -0.1246, -0.6409)	11	9638
828	(16.3195, 12.1025, -0.0036)	(-0.7435, 0.1462, -0.1263, -0.6402)	11	9649
829	(11.0667, 15.5239, 0.7895)	(-0.7432, 0.1449, -0.1280, -0.6405)	15	9664
830	(8.5040, 16.1498, 1.5796)	(-0.7432, 0.1440, -0.1295, -0.6404)	7	9671
831	(3.6786, 17.5349, 1.3199)	(-0.7426, 0.1428, -0.1309, -0.6411)	11	9682
832	(1.3630, 17.0381, 0.9706)	(-0.7423, 0.1418, -0.1320, -0.6415)	11	9694
833	(-1.4424, 17.3297, 0.3036)	(-0.7416, 0.1407, -0.1331, -0.6423)	11	9705
834	(-4.6094, 16.6103, 1.1226)	(-0.7407, 0.1401, -0.1342, -0.6432)	11	9716
835	(-7.5390, 16.2934, 0.6514)	(-0.7397, 0.1392, -0.1350, -0.6444)	11	9727
836	(-10.0330, 13.7813, 0.2803)	(-0.7387, 0.1389, -0.1353, -0.6455)	11	9738
837	(-12.1643, 10.9811, 0.3430)	(-0.7376, 0.1388, -0.1355, -0.6467)	11	9749
838	(-14.1083, 8.8422, 0.2717)	(-0.7365, 0.1387, -0.1356, -0.6481)	11	9760
839	(-15.1398, 6.0904, -0.1503)	(-0.7354, 0.1388, -0.1353, -0.6493)	11	9771
840	(-16.5955, 4.2814, 0.7370)	(-0.7341, 0.1391, -0.1352, -0.6507)	11	9782
841	(-17.0829, 1.5906, 0.1863)	(-0.7330, 0.1396, -0.1346, -0.6520)	11	9794
842	(-18.3516, -2.1157, 0.3849)	(-0.7318, 0.1405, -0.1336, -0.6534)	11	9804
843	(-18.7157, -3.2788, 0.3522)	(-0.7306, 0.1411, -0.1330, -0.6547)	11	9816
844	(-18.2756, -7.1077, 0.6054)	(-0.7296, 0.1424, -0.1318, -0.6558)	11	9827
845	(-18.4010, -7.1631, 0.9730)	(-0.7284, 0.1432, -0.1311, -0.6570)	11	9838
846	(-18.7026, -8.5162, 0.3376)	(-0.7273, 0.1441, -0.1300, -0.6583)	11	9849
847	(-18.2132, -8.8037, 1.0628)	(-0.7263, 0.1451, -0.1292, -0.6593)	11	9860
848	(-17.1746, -9.6689, 0.4136)	(-0.7255, 0.1460, -0.1280, -0.6602)	11	9871
849	(-16.1344, -10.2627, 0.9659)	(-0.7247, 0.1471, -0.1272, -0.6611)	11	9882
850	(-15.8930, -8.5079, 0.5637)	(-0.7237, 0.1476, -0.1265, -0.6621)	11	9894
851	(-15.1670, -7.5236, 0.7877)	(-0.7229, 0.1483, -0.1259, -0.6630)	11	9905
852	(-13.2774, -6.6759, 0.7022)	(-0.7224, 0.1488, -0.1254, -0.6635)	11	9916
853	(-11.3230, -6.9921, -0.0237)	(-0.7220, 0.1493, -0.1246, -0.6640)	11	9927
854	(-8.7644, -4.7800, 0.7708)	(-0.7217, 0.1495, -0.1246, -0.6643)	11	9938
855	(-7.0593, -3.3082, 0.9821)	(-0.7214, 0.1497, -0.1245, -0.6646)	11	9949
856	(-6.2760, -1.1429, -0.3395)	(-0.7213, 0.1493, -0.1245, -0.6648)	11	9960
857	(-3.5933, -0.8898, -0.1694)	(-0.7215, 0.1494, -0.1246, -0.6646)	11	9971
858	(-1.0377, 1.9065, -0.1704)	(-0.7215, 0.1492, -0.1248, -0.6646)	11	9982
859	(0.3615, 3.1020, 1.6205)	(-0.7214, 0.1490, -0.1253, -0.6646)	11	9993
860	(2.7959, 4.3329, -0.9628)	(-0.7217, 0.1483, -0.1255, -0.6644)	11	10004
861	(3.9545, 4.9065, 0.1206)	(-0.7219, 0.1480, -0.1262, -0.6641)	11	10015
862	(4.8090, 5.1580, 0.5935)	(-0.7223, 0.1476, -0.1268, -0.6637)	11	10027
863	(6.3327, 5.0218, -0.2548)	(-0.7229, 0.1470, -0.1272, -0.6630)	11	10038
864	(7.3733, 4.3034, 0.3572)	(-0.7235, 0.1469, -0.1275, -0.6624)	11	10049
865	(7.6155, 3.3184, -0.2243)	(-0.7240, 0.1466, -0.1276, -0.6619)	11	10060
866	(9.3220, 4.3637, 0.1158)	(-0.7246, 0.1461, -0.1282, -0.6611)	11	10071
867	(8.4152, 2.1624, -0.2662)	(-0.7251, 0.1461, -0.1281, -0.6607)	11	10082
868	(8.6556, 1.9694, -0.7493)	(-0.7256, 0.1458, -0.1282, -0.6601)	11	10093
869	(8.5355, 2.2853, -0.1432)	(-0.7261, 0.1456, -0.1285, -0.6596)	11	10105
870	(7.6822, 1.2282, -1.0976)	(-0.7265, 0.1455, -0.1283, -0.6593)	11	10116
871	(6.1616, -0.0366, -0.4556)	(-0.7264, 0.1458, -0.1282, -0.6592)	11	10127
872	(6.4688, -0.8689, 0.2296)	(-0.7269, 0.1460, -0.1282, -0.6587)	11	10138
873	(5.0678, -0.5242, -0.4425)	(-0.7270, 0.1459, -0.1281, -0.6586)	11	10149
874	(4.8882, -1.6056, 0.1290)	(-0.7272, 0.1461, -0.1279, -0.6583)	11	10160
875	(2.1413, -1.5593, -0.2300)	(-0.7272, 0.1462, -0.1277, -0.6584)	19	10179
876	(0.8013, -2.1674, -0.2138)	(-0.7272, 0.1463, -0.1276, -0.6584)	8	10187
877	(-0.1134, -1.1393, -0.5350)	(-0.7272, 0.1463, -0.1276, -0.6584)	8	10195
878	(0.0716, -1.1213, 0.3107)	(-0.7272, 0.1464, -0.1276, -0.6584)	9	10204
879	(-1.2127, -0.8704, 0.6126)	(-0.7271, 0.1465, -0.1275, -0.6585)	11	10215
880	(-1.8233, -0.0333, 0.1742)	(-0.7269, 0.1466, -0.1274, -0.6587)	11	10227
881	(-3.8986, 0.0240, 0.2993)	(-0.7265, 0.1467, -0.1273, -0.6592)	11	10238
882	(-4.6321, -0.5332, -0.2937)	(-0.7261, 0.1468, -0.1271, -0.6596)	11	10249
883	(-3.7788, 0.2701, 0.2940)	(-0.7260, 0.1468, -0.1272, -0.6597)	11	10260
884	(-4.1420, 0.7471, -0.1379)	(-0.7256, 0.1468, -0.1272, -0.6601)	11	10271
885	(-3.7162, 0.1354, -0.1268)	(-0.7255, 0.1469, -0.1272, -0.6602)	11	10282
886	(-3.2304, 1.4379, 0.8123)	(-0.7252, 0.1469, -0.1274, -0.6605)	11	10293
887	(-3.5347, 1.4966, 0.6289)	(-0.7250, 0.1469, -0.1273, -0.6608)	11	10304
888	(-2.0701, 0.0865, 0.1725)	(-0.7250, 0.1469, -0.1272, -0.6608)	11	10316
889	(-2.1922, 0.7558, 0.1594)	(-0.7248, 0.1469, -0.1272, -0.6610)	11	10327
890	(-2.0071, -0.3495, -0.4252)	(-0.7247, 0.1470, -0.1271, -0.6611)	11	10337
891	(-0.0506, -0.9536, -0.4188)	(-0.7247, 0.1470, -0.1271, -0.6611)	12	10349
892	(0.4859, 0.3916, 0.1017)	(-0.7246, 0.1470, -0.1271, -0.6612)	11	10360
893	(0.1267, -0.5223, -0.0619)	(-0.7246, 0.1470, -0.1270, -0.6612)	11	10371
894	(0.6722, -1.0118, -0.2367)	(-0.7247, 0.1471, -0.1270, -0.6611)	11	10382
895	(1.7098, -0.8822, -0.1222)	(-0.7248, 0.1471, -0.1269, -0.6610)	11	10393
896	(0.9758, -0.4496, 0.3517)	(-0.7248, 0.1471, -0.1269, -0.6609)	11	10404
897	(1.6512, -0.8964, -0.7911)	(-0.7250, 0.1471, -0.1269, -0.6608)	11	10416
898	(1.8939, -0.8743, 0.2432)	(-0.7251, 0.1472, -0.1269, -0.6606)	11	10427
899	(2.1923, 0.4945, -0.8207)	(-0.7252, 0.1470, -0.1270, -0.6605)	11	10438
900	(1.4037, 0.3989, 0.3963)	(-0.7252, 0.1471, -0.1270, -0.6605)	11	10449
901	(1.1593, -0.8842, -0.1835)	(-0.7253, 0.1471, -0.1270, -0.6604)	11	10460
902	(0.9714, 0.8720, -0.2184)	(-0.7254, 0.1470, -0.1271, -0.6603)	19	10479
903	(0.9140, 0.9947, -0.0948)	(-0.7254, 0.1469, -0.1271, -0.6604)	7	10486
904	(-0.1778, -0.5304, -0.4270)	(-0.7254, 0.1470, -0.1271, -0.6604)	7	10493
905	(0.6140, -0.2040, 0.3478)	(-0.7253, 0.1469, -0.1271, -0.6604)	11	10504
906	(-0.4822, -0.0368, -0.0699)	(-0.7253, 0.1469, -0.1271, -0.6605)	11	10516
907	(-1.7613, 0.6437, 0.5208)	(-0.7252, 0.1470, -0.1271, -0.6606)	11	10527
908	(-0.8493, 0.1440, 0.1106)	(-0.7251, 0.1470, -0.1271, -0.6606)	12	10538
909	(-1.3347, -0.6417, 0.0649)	(-0.7250, 0.1471, -0.1270, -0.6607)	11	10549
910	(-1.0897, -0.5353, -0.6072)	(-0.7250, 0.1471, -0.1270, -0.6608)	11	10560
911	(-0.4832, 0.5761, 0.2209)	(-0.7249, 0.1471, -0.1270, -0.6609)	11	10571
912	(-0.7863, 0.3963, 0.4028)	(-0.7248, 0.1472, -0.1270, -0.6609)	11	10582
913	(-1.1526, -0.0325, 0.1722)	(-0.7248, 0.1472, -0.1269, -0.6610)	11	10593
914	(0.3033, -0.0930, -0.0711)	(-0.7248, 0.1472, -0.1269, -0.6610)	11	10604
915	(-0.2376, 0.5661, -0.2658)	(-0.7247, 0.1472, -0.1269, -0.6610)	11	10616
916	(-0.7218, 0.4773, 1.2533)	(-0.7247, 0.1473, -0.1270, -0.6611)	11	10626
917	(0.6691, 0.4534, 0.0370)	(-0.7247, 0.1472, -0.1269, -0.6610)	11	10638
918	(0.6702, -0.0342, -0.0161)	(-0.7248, 0.1472, -0.1270, -0.6610)	11	10649
919	(1.6515, -0.5219, -0.1293)	(-0.7248, 0.1472, -0.1270, -0.6609)	11	10660
920	(1.2205, 0.3370, 0.4553)	(-0.7249, 0.1472, -0.1271, -0.6609)	11	10671
921	(0.7943, 0.3136, -0.6299)	(-0.7249, 0.1471, -0.1270, -0.6609)	11	10682
922	(-0.3611, -0.5878, -0.4253)	(-0.7249, 0.1471, -0.1270, -0.6609)	11	10693
923	(1.0995, 0.3949, 0.2199)	(-0.7250, 0.1471, -0.1270, -0.6608)	11	10704
924	(0.2437, 0.3746, -0.6924)	(-0.7250, 0.1471, -0.1270, -0.6608)	11	10716
925	(0.0035, 0.6943, 0.0970)	(-0.7250, 0.1471, -0.1271, -0.6608)	11	10727
926	(-0.1748, -1.0549, 0.4874)	(-0.7249, 0.1471, -0.1271, -0.6608)	11	10738
927	(-0.1780, -0.2793, -0.1918)	(-0.7249, 0.1471, -0.1270, -0.6609)	11	10749
928	(-0.4817, -0.3426, -0.1896)	(-0.7249, 0.1471, -0.1270, -0.6609)	11	10760
929	(-1.2733, -0.4084, -0.5463)	(-0.7248, 0.1472, -0.1269, -0.6609)	11	10771
930	(-0.9673, -0.3241, 0.7210)	(-0.7248, 0.1472, -0.1269, -0.6610)	11	10782
931	(-0.7221, 0.0328, 0.5300)	(-0.7248, 0.1472, -0.1269, -0.6610)	11	10793
932	(0.3669, -0.0282, 0.2878)	(-0.7247, 0.1472, -0.1269, -0.6611)	11	10804
933	(0.1838, 0.1579, 0.7079)	(-0.7247, 0.1472, -0.1269, -0.6611)	11	10815
934	(0.3662, -0.4077, -0.6141)	(-0.7246, 0.1472, -0.1269, -0.6612)	11	10826
935	(0.2444, -0.1110, -0.9229)	(-0.7246, 0.1472, -0.1269, -0.6612)	11	10837
936	(-0.6013, -0.7101, -0.2390)	(-0.7246, 0.1472, -0.1269, -0.6612)	12	10849
937	(1.5849, 0.1842, -1.1159)	(-0.7247, 0.1471, -0.1269, -0.6612)	11	10859
938	(0.4867, -0.4063, -0.5516)	(-0.7246, 0.1472, -0.1269, -0.6612)	11	10870
939	(-0.1158, 0.2707, 0.1059)	(-0.7246, 0.1472, -0.1270, -0.6612)	11	10882
940	(0.2471, -0.2045, 0.3489)	(-0.7246, 0.1472, -0.1270, -0.6611)	12	10893
941	(0.7942, 0.7543, -0.0896)	(-0.7247, 0.1471, -0.1270, -0.6611)	11	10904
942	(0.4863, 0.3312, 0.2230)	(-0.7247, 0.1472, -0.1270, -0.6611)	11	10915
943	(0.5503, -0.1518, 0.1124)	(-0.7247, 0.1472, -0.1270, -0.6611)	11	10926
944	(0.9169, 0.3393, 0.5820)	(-0.7247, 0.1472, -0.1270, -0.6610)	11	10937
945	(-0.4823, -0.0966, -0.1946)	(-0.7247, 0.1472, -0.1270, -0.6611)	11	10948
946	(0.7332, 0.2125, 0.2819)	(-0.7247, 0.1472, -0.1270, -0.6610)	11	10959
947	(-0.4212, 0.4991, -0.4470)	(-0.7247, 0.1472, -0.1270, -0.6611)	12	10971
948	(-0.2360, 0.5197, 0.5188)	(-0.7246, 0.1472, -0.1270, -0.6611)	11	10982
949	(0.0703, -0.5111, 0.4758)	(-0.7246, 0.1472, -0.1270, -0.6611)	11	10993
950	(-0.3642, 0.9372, -0.0327)	(-0.7246, 0.1472, -0.1270, -0.6612)	12	11004
951	(-0.6040, 0.4481, -0.1423)	(-0.7246, 0.1472, -0.1270, -0.6612)	11	11015
952	(-0.0514, 0.0323, 0.4652)	(-0.7245, 0.1472, -0.1270, -0.6612)	11	11026
953	(0.3012, 0.8777, 0.0924)	(-0.7245, 0.1472, -0.1270, -0.6612)	11	11038
954	(-1.0327, -0.6631, -0.9710)	(-0.7245, 0.1472, -0.1269, -0.6613)	11	11048
955	(-0.1165, 1.1397, 0.8721)	(-0.7245, 0.1472, -0.1270, -0.6613)	11	11059
956	(0.7335, 0.0924, 0.2843)	(-0.7245, 0.1472, -0.1270, -0.6613)	11	11070
957	(0.4861, 0.8944, 0.8752)	(-0.7245, 0.1472, -0.1270, -0.6613)	11	11082
958	(0.2454, 0.7072, 0.6967)	(-0.7245, 0.1472, -0.1270, -0.6613)	11	11093
959	(-0.6651, -0.0306, 0.2337)	(-0.7245, 0.1472, -0.1269, -0.6613)	11	11104
960	(-0.6026, -0.1597, -0.1929)	(-0.7245, 0.1472, -0.1269, -0.6613)	11	11115
961	(0.6133, -0.7774, -0.7904)	(-0.7246, 0.1472, -0.1268, -0.6612)	11	11126
962	(-0.5457, 0.3941, 0.2820)	(-0.7245, 0.1472, -0.1269, -0.6613)	11	11137
963	(-0.4189, 0.4674, 0.7664)	(-0.7245, 0.1472, -0.1269, -0.6612)	11	11148
964	(-0.3604, -0.8326, -0.3631)	(-0.7245, 0.1472, -0.1269, -0.6613)	11	11159
965	(0.6109, 0.8793, 0.1487)	(-0.7245, 0.1472, -0.1269, -0.6613)	11	11170
966	(0.3645, 0.2559, -0.6275)	(-0.7245, 0.1472, -0.1269, -0.6613)	11	11182
967	(-1.0904, -0.1024, -0.4329)	(-0.7245, 0.1472, -0.1269, -0.6613)	12	11193
968	(-1.0315, -0.2072, 0.2955)	(-0.7244, 0.1473, -0.1269, -0.6614)	11	11204
969	(-0.8469, -0.7002, 0.2477)	(-0.7244, 0.1473, -0.1269, -0.6614)	11	11215
970	(-0.3613, -0.4009, -0.2460)	(-0.7244, 0.1472, -0.1269, -0.6614)	11	11227
971	(0.1272, -0.1983, 0.6523)	(-0.7244, 0.1473, -0.1269, -0.6614)	10	11237
972	(-0.5456, 0.2714, 0.1643)	(-0.7244, 0.1473, -0.1269, -0.6614)	12	11249
973	(0.1267, -0.2688, 0.2934)	(-0.7244, 0.1473, -0.1269, -0.6615)	11	11260
974	(0.5525, -0.6923, 0.5409)	(-0.7243, 0.1473, -0.1269, -0.6615)	11	11270
975	(0.6704, -0.4023, -0.3748)	(-0.7243, 0.1473, -0.1269, -0.6615)	11	11282
976	(0.3020, 0.4517, -0.0249)	(-0.7243, 0.1472, -0.1269, -0.6615)	12	11293
977	(-0.6016, -0.1483, 0.3503)	(-0.7243, 0.1473, -0.1269, -0.6615)	11	11304
978	(-0.6637, -0.0141, 1.0171)	(-0.7243, 0.1473, -0.1270, -0.6615)	11	11315
979	(-0.1137, -0.2653, 0.4713)	(-0.7243, 0.1473, -0.1269, -0.6615)	11	11326
980	(-0.7234, -0.1649, -0.4327)	(-0.7243, 0.1472, -0.1269, -0.6615)	12	11338
981	(0.0060, -0.0249, 0.4661)	(-0.7243, 0.1472, -0.1270, -0.6615)	10	11348
982	(-0.4829, 0.1379, -0.1993)	(-0.7243, 0.1472, -0.1270, -0.6615)	11	11359
983	(-0.1168, 0.0055, -0.8041)	(-0.7243, 0.1472, -0.1269, -0.6615)	11	11370
984	(0.5486, 0.0101, -0.6231)	(-0.7243, 0.1472, -0.1269, -0.6615)	11	11382
985	(-0.2339, -0.3868, 0.4169)	(-0.7243, 0.1473, -0.1269, -0.6615)	11	11393
986	(0.1262, -1.0876, -1.0859)	(-0.7243, 0.1472, -0.1269, -0.6615)	11	11404
987	(0.5510, -0.2028, 0.4109)	(-0.7243, 0.1473, -0.1269, -0.6615)	11	11415
988	(0.1247, 0.0789, -0.3200)	(-0.7243, 0.1473, -0.1269, -0.6615)	11	11426
989	(0.3664, 0.0253, 0.1094)	(-0.7243, 0.1473, -0.1269, -0.6615)	13	11439
990	(0.4853, 0.6376, 0.0967)	(-0.7243, 0.1473, -0.1269, -0.6615)	9	11448
991	(0.4284, 0.0125, -0.5026)	(-0.7243, 0.1473, -0.1269, -0.6615)	12	11460
992	(0.2455, 0.3962, 0.3368)	(-0.7243, 0.1473, -0.1269, -0.6615)	11	11471
993	(0.0691, 0.0337, 0.5277)	(-0.7243, 0.1472, -0.1269, -0.6616)	11	11482
994	(1.1028, -0.4393, 0.8374)	(-0.7243, 0.1473, -0.1269, -0.6615)	11	11493
995	(-0.6651, 0.1530, 0.5275)	(-0.7242, 0.1473, -0.1269, -0.6616)	11	11504
996	(-0.7875, 0.1287, -0.6215)	(-0.7242, 0.1472, -0.1269, -0.6616)	11	11515
997	(-0.1157, -0.1642, -0.4345)	(-0.7243, 0.1473, -0.1269, -0.6616)	11	11526
998	(-0.2355, 0.0900, 0.2300)	(-0.7243, 0.1473, -0.1269, -0.6616)	11	11537
999	(0.0059, -0.0858, 0.2900)	(-0.7243, 0.1473, -0.1270, -0.6616)	11	11548
1000	(0.6723, -0.5104, 0.4740)	(-0.7243, 0.1473, -0.1270, -0.6615)	11	11559
1001	(1.2203, -0.4722, -0.7354)	(-0.7243, 0.1473, -0.1269, -0.6615)	11	11570
1002	(-0.1773, -0.2716, 0.1742)	(-0.7242, 0.1473, -0.1270, -0.6616)	11	11582
1003	(-0.1761, -0.2577, 0.8375)	(-0.7242, 0.1473, -0.1270, -0.6616)	12	11593
1004	(0.4864, 0.5860, 0.6355)	(-0.7242, 0.1473, -0.1270, -0.6616)	11	11604
1005	(-0.1116, -1.0535, 0.5501)	(-0.7242, 0.1473, -0.1270, -0.6616)	12	11615
1006	(-0.3612, -0.3997, -0.1888)	(-0.7242, 0.1473, -0.1270, -0.6616)	11	11626
1007	(-0.6005, -0.8252, 0.0035)	(-0.7242, 0.1473, -0.1270, -0.6616)	11	11638
1008	(-0.5446, 0.5308, 1.0687)	(-0.7242, 0.1473, -0.1270, -0.6616)	11	11649
1009	(0.1247, 0.2672, -0.0778)	(-0.7242, 0.1473, -0.1270, -0.6616)	11	11660
1010	(0.4858, 0.5796, 0.3324)	(-0.7242, 0.1473, -0.1270, -0.6616)	11	11671
1011	(0.4863, 0.2727, 0.1613)	(-0.7242, 0.1472, -0.1270, -0.6616)	11	11682
1012	(0.7952, 0.3239, -0.1439)	(-0.7242, 0.1472, -0.1270, -0.6616)	11	11693
1013	(0.1238, 0.5691, -0.1468)	(-0.7242, 0.1472, -0.1270, -0.6616)	11	11704
1014	(0.3036, -0.1548, -0.0126)	(-0.7242, 0.1473, -0.1270, -0.6616)	11	11716
1015	(0.0039, 0.4513, -0.0240)	(-0.7242, 0.1472, -0.1270, -0.6616)	11	11726
1016	(0.5480, 0.5041, -0.2669)	(-0.7242, 0.1472, -0.1270, -0.6616)	11	11738
1017	(0.0059, -0.2740, 0.0536)	(-0.7242, 0.1473, -0.1270, -0.6616)	11	11749
1018	(-0.7225, -0.6550, -0.6059)	(-0.7242, 0.1473, -0.1270, -0.6616)	11	11760
1019	(0.4865, 0.2752, 0.2813)	(-0.7242, 0.1472, -0.1270, -0.6616)	11	11771
1020	(-0.5446, -0.2117, 0.0539)	(-0.7242, 0.1473, -0.1270, -0.6616)	11	11782
1021	(0.7324, 0.0797, -0.3218)	(-0.7242, 0.1472, -0.1270, -0.6616)	11	11793
1022	(-0.6013, -0.1458, 0.4704)	(-0.7241, 0.1473, -0.1270, -0.6617)	12	11804
1023	(-0.8495, -0.3533, -0.6745)	(-0.7241, 0.1472, -0.1270, -0.6617)	11	11815
1024	(-0.4204, 0.6377, 0.1566)	(-0.7241, 0.1472, -0.1270, -0.6617)	11	11826
1025	(0.7346, -0.6431, -0.1242)	(-0.7241, 0.1472, -0.1270, -0.6617)	11	11838
1026	(-0.6041, 0.7590, 0.2176)	(-0.7241, 0.1472, -0.1270, -0.6617)	11	11849
1027	(-1.2746, 0.3843, -0.1390)	(-0.7241, 0.1472, -0.1270, -0.6618)	11	11860
1028	(0.0039, 0.1335, -0.4409)	(-0.7241, 0.1472, -0.1270, -0.6617)	11	11871
1029	(0.3036, 0.1516, 0.4045)	(-0.7241, 0.1472, -0.1270, -0.6617)	11	11882
1030	(-0.1155, 0.3971, 0.4008)	(-0.7241, 0.1473, -0.1270, -0.6617)	11	11893
1031	(0.1257, 0.0262, 0.1673)	(-0.7241, 0.1472, -0.1270, -0.6617)	11	11904
1032	(0.3048, -0.8891, -0.3640)	(-0.7241, 0.1473, -0.1270, -0.6617)	11	11915
1033	(1.0978, 0.1219, -1.0560)	(-0.7241, 0.1472, -0.1270, -0.6617)	12	11926
1034	(0.6132, 0.2817, 0.5840)	(-0.7241, 0.1472, -0.1271, -0.6617)	11	11938
1035	(0.1817, 0.0752, -0.5032)	(-0.7241, 0.1472, -0.1270, -0.6617)	11	11949
1036	(0.0034, 0.7572, 0.0957)	(-0.7241, 0.1472, -0.1271, -0.6618)	11	11960
1037	(0.3670, -0.3975, -0.1281)	(-0.7241, 0.1472, -0.1270, -0.6617)	11	11971
1038	(-0.6027, -0.2208, -0.3748)	(-0.7241, 0.1472, -0.1270, -0.6618)	24	11995
1039	(-0.1752, -0.6239, 0.8449)	(-0.7240, 0.1473, -0.1270, -0.6618)	12	12006
1040	(-0.1167, 0.1949, -0.5047)	(-0.7241, 0.1472, -0.1270, -0.6618)	9	12015
1041	(-0.0543, 0.3756, -0.6287)	(-0.7240, 0.1472, -0.1270, -0.6618)	11	12026
1042	(0.3653, 0.5128, 0.1568)	(-0.7240, 0.1472, -0.1270, -0.6618)	11	12038
1043	(-1.7047, 0.3825, -0.2006)	(-0.7240, 0.1472, -0.1270, -0.6619)	11	12049
1044	(0.6129, -0.2809, -0.3142)	(-0.7240, 0.1472, -0.1270, -0.6618)	11	12060
1045	(-0.4206, 0.1291, -0.6226)	(-0.7240, 0.1472, -0.1270, -0.6618)	11	12070

