Missile Rate 3.00 Missile Speed 0.20 
Line_#	VR_Velocity	VR_Orientation	DeltaTime	TotalTime
0	Index trigger pushed	0	0
0	(2.0548, -2.8204, 1.7570)	(0.2175, 0.0959, 0.0185, -0.9712)	0	1
1	(40.7763, 25.3894, -2.8154)	(0.0107, 0.0255, 0.0205, -0.9994)	32	33
2	(46.5898, 19.2023, -1.7925)	(-0.0196, 0.0131, 0.0210, -0.9995)	15	48
3	(37.8896, 10.8977, 0.6486)	(-0.0325, 0.0123, 0.0188, -0.9992)	39	86
4	(19.9180, 2.4441, 2.2677)	(-0.0307, 0.0144, 0.0181, -0.9993)	44	131
5	(16.3324, -1.5182, 4.8579)	(-0.0309, 0.0162, 0.0167, -0.9993)	25	155
6	(12.3706, -2.2798, 6.7098)	(-0.0309, 0.0167, 0.0155, -0.9993)	12	168
7	(12.3151, -3.0707, 6.6629)	(-0.0320, 0.0173, 0.0148, -0.9992)	12	179
8	(10.4243, -4.0622, 5.8991)	(-0.0324, 0.0179, 0.0145, -0.9992)	11	190
9	(8.6494, -2.6015, 6.0579)	(-0.0328, 0.0177, 0.0138, -0.9992)	10	200
10	(8.7715, -1.7639, 8.0485)	(-0.0337, 0.0177, 0.0124, -0.9992)	11	211
11	(7.4359, -2.7627, 9.8974)	(-0.0332, 0.0179, 0.0118, -0.9992)	11	223
12	(7.1955, -1.6331, 11.6430)	(-0.0338, 0.0178, 0.0103, -0.9992)	12	234
13	(6.9467, 0.5307, 13.3048)	(-0.0344, 0.0173, 0.0086, -0.9992)	11	245
14	(7.1239, 1.2719, 10.9783)	(-0.0351, 0.0171, 0.0081, -0.9992)	11	257
15	(5.8953, 2.8142, 9.0001)	(-0.0354, 0.0164, 0.0076, -0.9992)	11	268
16	(5.1648, 2.6568, 7.5467)	(-0.0358, 0.0162, 0.0072, -0.9992)	11	279
17	(2.7191, 2.3663, 5.3059)	(-0.0355, 0.0161, 0.0072, -0.9992)	11	290
18	(3.5110, 2.1867, 5.4273)	(-0.0360, 0.0159, 0.0066, -0.9992)	11	301
19	(5.1616, 2.9375, 6.1968)	(-0.0368, 0.0155, 0.0058, -0.9992)	11	312
20	(7.1785, 1.8620, 7.1907)	(-0.0379, 0.0155, 0.0049, -0.9992)	11	324
21	(9.5575, 2.6176, 8.1410)	(-0.0393, 0.0151, 0.0038, -0.9991)	11	335
22	(13.2805, 2.6488, 9.4051)	(-0.0413, 0.0148, 0.0026, -0.9990)	11	346
23	(13.7663, 2.2551, 8.0730)	(-0.0427, 0.0147, 0.0020, -0.9990)	11	357
24	(14.9842, 1.0877, 4.7464)	(-0.0444, 0.0148, 0.0023, -0.9989)	11	368
25	(12.2329, 1.7784, 2.9158)	(-0.0450, 0.0145, 0.0024, -0.9989)	11	379
26	(10.5315, -0.8286, 3.1564)	(-0.0458, 0.0152, 0.0020, -0.9988)	11	390
27	(10.4130, -2.3139, 2.2085)	(-0.0468, 0.0158, 0.0020, -0.9988)	11	401
28	(7.2387, -3.4232, 1.6338)	(-0.0469, 0.0163, 0.0020, -0.9988)	11	413
29	(5.4719, -3.1902, 1.3883)	(-0.0471, 0.0167, 0.0019, -0.9988)	11	424
30	(5.8445, -5.1902, 1.7936)	(-0.0477, 0.0176, 0.0017, -0.9987)	11	435
31	(4.3185, -4.0800, 2.6910)	(-0.0477, 0.0178, 0.0013, -0.9987)	11	446
32	(2.7302, -4.0844, 2.5756)	(-0.0477, 0.0183, 0.0011, -0.9987)	11	457
33	(3.7081, -4.8575, 3.3148)	(-0.0482, 0.0190, 0.0007, -0.9987)	11	468
34	(3.9556, -4.9697, 3.6825)	(-0.0485, 0.0196, 0.0003, -0.9986)	11	479
35	(4.0130, -4.7801, 3.9817)	(-0.0489, 0.0200, -0.0001, -0.9986)	11	491
36	(4.8088, -4.1033, 4.2746)	(-0.0496, 0.0203, -0.0006, -0.9986)	11	502
37	(4.6830, -4.4119, 4.0352)	(-0.0500, 0.0209, -0.0010, -0.9985)	11	513
38	(4.1964, -4.0328, 4.9443)	(-0.0502, 0.0212, -0.0016, -0.9985)	11	524
39	(1.9358, -3.9917, 4.0348)	(-0.0499, 0.0216, -0.0018, -0.9985)	11	535
40	(4.0104, -3.2442, 4.6200)	(-0.0506, 0.0217, -0.0023, -0.9985)	11	546
41	(2.8505, -2.2653, 4.9698)	(-0.0507, 0.0217, -0.0029, -0.9985)	11	557
42	(3.7004, 0.1235, 5.8345)	(-0.0513, 0.0213, -0.0037, -0.9985)	11	568
43	(5.1071, 0.1508, 7.0482)	(-0.0521, 0.0213, -0.0046, -0.9984)	11	580
44	(5.3450, 1.3068, 7.0242)	(-0.0526, 0.0210, -0.0052, -0.9984)	11	591
45	(6.9335, 1.6914, 7.8012)	(-0.0536, 0.0207, -0.0062, -0.9983)	11	602
46	(2.4754, 4.5889, 9.7638)	(-0.0530, 0.0198, -0.0076, -0.9984)	11	613
47	(-10.5905, 9.3866, 6.7881)	(-0.0495, 0.0179, -0.0077, -0.9986)	11	624
48	(-16.5858, 14.5207, 5.2378)	(-0.0466, 0.0155, -0.0080, -0.9988)	11	635
49	(-15.9926, 17.1748, 1.0409)	(-0.0451, 0.0132, -0.0074, -0.9989)	11	646
50	(-8.6149, 16.5449, -3.2242)	(-0.0456, 0.0116, -0.0063, -0.9989)	11	657
51	(-5.2636, 16.2727, -4.9332)	(-0.0458, 0.0101, -0.0055, -0.9989)	11	668
52	(-3.5433, 14.1565, -1.4233)	(-0.0458, 0.0093, -0.0062, -0.9989)	11	680
53	(-2.3154, 11.8511, -0.8942)	(-0.0459, 0.0087, -0.0063, -0.9989)	11	691
54	(-3.7109, 9.5108, 0.8561)	(-0.0453, 0.0082, -0.0067, -0.9989)	11	702
55	(-2.8527, 7.8673, 0.7666)	(-0.0451, 0.0077, -0.0069, -0.9989)	11	713
56	(-4.3109, 7.3432, 2.0571)	(-0.0444, 0.0071, -0.0074, -0.9990)	11	724
57	(-5.1622, 6.9394, 3.0459)	(-0.0438, 0.0066, -0.0079, -0.9990)	11	735
58	(-6.8735, 7.6524, 2.4874)	(-0.0428, 0.0058, -0.0079, -0.9990)	11	746
59	(-5.5893, 5.7176, 2.9460)	(-0.0426, 0.0057, -0.0083, -0.9990)	11	758
60	(-3.5696, 6.1169, 4.3964)	(-0.0427, 0.0050, -0.0091, -0.9990)	11	769
61	(-1.7403, 6.2481, 4.8117)	(-0.0429, 0.0043, -0.0096, -0.9990)	11	780
62	(1.9085, 7.2829, 4.5399)	(-0.0438, 0.0034, -0.0101, -0.9990)	11	791
63	(5.9985, 8.9400, 4.9807)	(-0.0452, 0.0021, -0.0108, -0.9989)	11	802
64	(9.5282, 11.3660, 4.1892)	(-0.0468, 0.0005, -0.0111, -0.9988)	11	813
65	(13.4925, 11.5257, 2.8357)	(-0.0489, -0.0008, -0.0111, -0.9987)	11	824
66	(19.3959, 16.1471, 2.0559)	(-0.0519, -0.0033, -0.0112, -0.9986)	11	836
67	(25.6124, 17.3654, 1.6470)	(-0.0556, -0.0053, -0.0113, -0.9984)	11	847
68	(33.4230, 18.9614, 1.9580)	(-0.0604, -0.0075, -0.0116, -0.9981)	11	858
69	(42.3193, 21.7124, 1.8764)	(-0.0662, -0.0102, -0.0119, -0.9977)	11	869
70	(48.8514, 21.9352, 3.3743)	(-0.0722, -0.0123, -0.0126, -0.9972)	11	880
71	(56.8452, 21.3446, 3.6659)	(-0.0792, -0.0143, -0.0131, -0.9967)	11	891
72	(59.3389, 22.5273, 2.0559)	(-0.0855, -0.0167, -0.0131, -0.9961)	11	902
73	(65.3833, 20.1128, -0.1671)	(-0.0931, -0.0183, -0.0126, -0.9954)	11	914
74	(68.8637, 19.1856, -1.1883)	(-0.1005, -0.0201, -0.0123, -0.9947)	11	925
75	(71.6683, 18.4489, -1.5478)	(-0.1080, -0.0218, -0.0121, -0.9938)	11	936
76	(73.9268, 17.8831, -2.4583)	(-0.1155, -0.0235, -0.0117, -0.9930)	11	947
77	(74.9011, 16.7557, -4.1432)	(-0.1228, -0.0251, -0.0110, -0.9920)	11	958
78	(76.1862, 15.4489, -5.3963)	(-0.1304, -0.0264, -0.0102, -0.9911)	11	969
79	(75.2705, 14.3410, -6.0406)	(-0.1375, -0.0278, -0.0094, -0.9901)	11	980
80	(72.6443, 14.0778, -6.6968)	(-0.1439, -0.0292, -0.0086, -0.9891)	11	992
81	(69.6601, 12.7920, -6.9653)	(-0.1500, -0.0303, -0.0079, -0.9882)	11	1003
82	(64.1112, 12.8516, -6.5269)	(-0.1551, -0.0316, -0.0074, -0.9874)	11	1014
83	(57.9961, 14.0529, -10.0055)	(-0.1595, -0.0334, -0.0059, -0.9866)	11	1025
84	(55.1316, 13.2542, -9.9810)	(-0.1642, -0.0347, -0.0050, -0.9858)	11	1036
85	(47.8747, 12.3791, -10.6113)	(-0.1673, -0.0359, -0.0039, -0.9852)	11	1047
86	(43.1229, 10.2593, -9.8853)	(-0.1704, -0.0366, -0.0031, -0.9847)	11	1058
87	(38.3067, 9.9361, -7.5478)	(-0.1732, -0.0376, -0.0029, -0.9842)	11	1069
88	(33.6715, 8.6496, -7.7543)	(-0.1754, -0.0384, -0.0021, -0.9837)	11	1080
89	(27.3266, 8.6588, -6.9407)	(-0.1769, -0.0393, -0.0017, -0.9835)	11	1092
90	(23.3081, 6.9041, -6.0411)	(-0.1784, -0.0396, -0.0013, -0.9832)	11	1103
91	(21.6626, 6.3350, -6.8772)	(-0.1802, -0.0402, -0.0005, -0.9828)	11	1114
92	(20.1971, 5.5449, -6.7997)	(-0.1818, -0.0407, 0.0001, -0.9825)	11	1125
93	(19.1587, 5.6002, -7.1010)	(-0.1835, -0.0414, 0.0008, -0.9822)	11	1136
94	(17.8796, 6.9040, -5.7220)	(-0.1849, -0.0423, 0.0011, -0.9818)	11	1147
95	(14.7062, 5.5524, -6.1144)	(-0.1857, -0.0426, 0.0018, -0.9817)	11	1158
96	(13.0660, 4.4802, -4.7494)	(-0.1866, -0.0429, 0.0020, -0.9815)	11	1169
97	(13.3180, 3.2888, -3.4447)	(-0.1880, -0.0430, 0.0021, -0.9812)	11	1181
98	(13.3212, 3.2674, -1.7396)	(-0.1892, -0.0432, 0.0019, -0.9810)	11	1192
99	(12.1021, 1.9703, -2.3792)	(-0.1901, -0.0431, 0.0024, -0.9808)	11	1203
100	(11.8021, 0.5124, -2.2860)	(-0.1912, -0.0429, 0.0026, -0.9806)	11	1214
101	(9.9685, 1.7749, -0.1151)	(-0.1919, -0.0432, 0.0022, -0.9805)	11	1225
102	Index trigger pushed	3	1228
102	(9.6047, -0.1913, -1.0526)	(-0.1927, -0.0428, 0.0026, -0.9803)	11	1236
103	(8.2043, 0.4720, -0.9989)	(-0.1933, -0.0430, 0.0027, -0.9802)	11	1247
104	(8.0278, -0.7549, 1.0914)	(-0.1941, -0.0426, 0.0023, -0.9801)	11	1258
105	(9.6047, 0.6798, 0.0911)	(-0.1953, -0.0430, 0.0025, -0.9798)	11	1269
106	(9.1195, -0.4155, -0.2515)	(-0.1960, -0.0428, 0.0027, -0.9797)	11	1280
107	(8.5672, -0.7559, -1.7075)	(-0.1968, -0.0427, 0.0031, -0.9795)	11	1292
108	(9.2488, -1.3860, 0.1338)	(-0.1978, -0.0424, 0.0029, -0.9793)	11	1303
109	(6.3798, -2.9189, -0.1930)	(-0.1979, -0.0419, 0.0031, -0.9793)	11	1314
110	(6.0178, -2.4864, -0.0176)	(-0.1985, -0.0418, 0.0031, -0.9792)	11	1325
111	(4.6725, -3.1549, 0.1200)	(-0.1987, -0.0414, 0.0032, -0.9792)	11	1336
112	(3.1486, -3.8980, -0.2896)	(-0.1986, -0.0410, 0.0034, -0.9792)	11	1348
113	(2.4751, -2.9299, -0.4845)	(-0.1987, -0.0410, 0.0035, -0.9792)	11	1359
114	(2.7778, -2.9424, -1.0972)	(-0.1989, -0.0407, 0.0037, -0.9792)	11	1370
115	(1.3825, -4.1575, -0.8226)	(-0.1989, -0.0401, 0.0039, -0.9792)	11	1381
116	(0.1023, -3.3613, -0.7148)	(-0.1987, -0.0400, 0.0039, -0.9792)	11	1392
117	(-1.9128, -2.0185, -0.4327)	(-0.1983, -0.0400, 0.0039, -0.9793)	11	1403
118	(-3.3153, -2.4963, 0.0672)	(-0.1978, -0.0396, 0.0039, -0.9794)	11	1414
119	(-4.5909, -3.0304, 0.8712)	(-0.1971, -0.0391, 0.0038, -0.9796)	11	1425
120	(-5.2620, -2.0929, 1.9469)	(-0.1965, -0.0390, 0.0033, -0.9797)	11	1437
121	(-6.7293, -1.6545, 2.7375)	(-0.1955, -0.0388, 0.0030, -0.9799)	11	1448
122	(-10.0206, -0.5345, 3.9374)	(-0.1939, -0.0388, 0.0023, -0.9803)	11	1459
123	(-16.5523, -0.0635, 3.5867)	(-0.1911, -0.0388, 0.0020, -0.9808)	11	1470
124	(-21.8607, -0.6319, 3.0016)	(-0.1880, -0.0387, 0.0016, -0.9814)	11	1481
125	(-28.6990, 1.1208, 2.9235)	(-0.1840, -0.0391, 0.0011, -0.9821)	11	1492
126	(-34.6193, 2.2581, 2.3745)	(-0.1796, -0.0396, 0.0007, -0.9829)	11	1503
127	(-41.5808, 3.4771, 0.0593)	(-0.1744, -0.0402, 0.0008, -0.9839)	11	1515
128	(-46.2203, 3.3297, -0.9595)	(-0.1691, -0.0406, 0.0008, -0.9848)	11	1526
129	(-53.9701, 2.5221, -1.3437)	(-0.1625, -0.0408, 0.0006, -0.9859)	11	1537
130	(-59.8885, 4.3053, -0.0237)	(-0.1557, -0.0416, -0.0001, -0.9869)	11	1548
131	(-65.4434, 5.0565, 1.1902)	(-0.1484, -0.0421, -0.0009, -0.9880)	11	1559
132	(-72.2720, 3.4743, -1.2462)	(-0.1402, -0.0423, -0.0007, -0.9892)	11	1570
133	(-76.1815, 0.6524, -4.8332)	(-0.1321, -0.0420, 0.0001, -0.9903)	11	1581
134	(-81.1113, -3.1553, -3.5235)	(-0.1233, -0.0410, 0.0000, -0.9915)	11	1593
135	(-85.0059, -4.4271, -0.0770)	(-0.1145, -0.0403, -0.0009, -0.9926)	11	1604
136	(-90.1244, -4.9211, 2.8654)	(-0.1049, -0.0396, -0.0020, -0.9937)	11	1615
137	(-96.2255, -4.6303, 2.6315)	(-0.0944, -0.0391, -0.0026, -0.9948)	11	1626
138	(-98.0550, -7.0846, -1.0205)	(-0.0845, -0.0381, -0.0022, -0.9957)	11	1637
139	(-97.9271, -11.9511, -3.5428)	(-0.0749, -0.0361, -0.0015, -0.9965)	11	1648
140	(-94.6197, -15.7078, -2.7446)	(-0.0664, -0.0339, -0.0014, -0.9972)	11	1659
141	(-90.3311, -20.9532, -0.3976)	(-0.0586, -0.0309, -0.0018, -0.9978)	11	1671
142	(-86.6002, -21.0137, 4.9414)	(-0.0511, -0.0287, -0.0034, -0.9983)	11	1682
143	(-86.1690, -20.9313, 8.8341)	(-0.0428, -0.0266, -0.0051, -0.9987)	11	1693
144	(-84.2725, -20.7525, 11.5078)	(-0.0351, -0.0245, -0.0068, -0.9991)	11	1704
145	(-80.4845, -19.5093, 15.4245)	(-0.0280, -0.0227, -0.0091, -0.9993)	11	1715
146	(-78.8360, -20.4723, 15.8052)	(-0.0206, -0.0204, -0.0108, -0.9995)	11	1726
147	(-76.8878, -19.1041, 14.0672)	(-0.0135, -0.0187, -0.0119, -0.9997)	11	1737
148	(-74.7511, -19.2504, 12.9712)	(-0.0067, -0.0166, -0.0130, -0.9998)	11	1748
149	(-69.0224, -19.0399, 10.9365)	(-0.0011, -0.0147, -0.0138, -0.9998)	11	1759
150	(-66.2765, -18.0371, 12.1896)	(0.0047, -0.0131, -0.0153, -0.9998)	11	1771
151	(-63.1131, -14.8510, 12.7225)	(0.0102, -0.0120, -0.0168, -0.9997)	11	1782
152	(-59.6309, -15.0737, 13.6320)	(0.0154, -0.0105, -0.0184, -0.9997)	11	1793
153	(-54.7511, -13.7422, 15.9648)	(0.0199, -0.0094, -0.0204, -0.9996)	11	1804
154	(-48.9533, -13.0249, 17.8840)	(0.0236, -0.0082, -0.0225, -0.9994)	11	1815
155	(-41.1996, -13.5440, 18.5982)	(0.0262, -0.0068, -0.0244, -0.9993)	11	1826
156	(-35.7246, -10.4785, 13.5321)	(0.0286, -0.0063, -0.0249, -0.9993)	11	1837
157	(-32.0767, -10.0210, 8.9414)	(0.0310, -0.0054, -0.0249, -0.9992)	11	1849
158	(-29.2091, -9.2507, 10.5650)	(0.0333, -0.0047, -0.0262, -0.9991)	11	1860
159	(-25.0596, -7.5038, 12.2795)	(0.0351, -0.0043, -0.0277, -0.9990)	11	1871
160	(-29.6456, -4.1930, 10.7675)	(0.0385, -0.0043, -0.0287, -0.9988)	11	1882
161	(-26.6607, 1.2955, 17.1008)	(0.0407, -0.0055, -0.0314, -0.9987)	11	1893
162	(-28.2581, 7.5145, 17.3463)	(0.0437, -0.0074, -0.0331, -0.9985)	11	1904
163	(-31.3898, 11.1164, 12.1687)	(0.0473, -0.0090, -0.0334, -0.9983)	11	1915
164	(-33.4758, 13.2463, 9.3289)	(0.0510, -0.0107, -0.0338, -0.9981)	11	1926
165	(-34.1506, 13.3877, 7.3831)	(0.0545, -0.0120, -0.0341, -0.9979)	11	1937
166	(-32.6309, 14.5182, 6.0744)	(0.0574, -0.0136, -0.0344, -0.9977)	11	1948
167	(-27.8750, 14.8721, 5.2009)	(0.0594, -0.0151, -0.0346, -0.9975)	11	1959
168	(-22.0202, 17.3394, 6.2323)	(0.0606, -0.0173, -0.0353, -0.9974)	11	1971
169	(-16.4755, 19.6700, 6.7754)	(0.0613, -0.0196, -0.0359, -0.9973)	11	1982
170	(-13.1231, 21.0359, 7.8364)	(0.0620, -0.0219, -0.0368, -0.9972)	11	1993
171	(-10.4332, 21.7417, 9.3988)	(0.0626, -0.0242, -0.0379, -0.9970)	11	2004
172	(-9.1538, 22.9494, 11.4988)	(0.0634, -0.0266, -0.0392, -0.9969)	11	2015
173	(-7.8663, 22.5474, 12.7215)	(0.0639, -0.0288, -0.0405, -0.9967)	11	2026
174	(-5.0007, 24.4206, 14.8034)	(0.0640, -0.0317, -0.0421, -0.9966)	11	2037
175	(-4.4477, 26.4592, 18.9023)	(0.0643, -0.0348, -0.0445, -0.9963)	11	2049
176	(-2.4360, 27.7751, 20.3915)	(0.0642, -0.0379, -0.0466, -0.9961)	11	2060
177	(-3.5354, 28.4136, 21.9665)	(0.0649, -0.0408, -0.0489, -0.9959)	11	2071
178	(-1.7572, 25.4190, 21.5354)	(0.0647, -0.0429, -0.0508, -0.9957)	11	2082
179	(-0.4843, 25.2326, 18.3090)	(0.0646, -0.0454, -0.0518, -0.9955)	11	2093
180	(0.1864, 23.1008, 15.4268)	(0.0645, -0.0472, -0.0527, -0.9954)	11	2104
181	(2.3816, 21.0943, 12.4175)	(0.0639, -0.0490, -0.0532, -0.9953)	11	2115
182	(2.7399, 20.0607, 9.5141)	(0.0637, -0.0508, -0.0534, -0.9952)	11	2126
183	(3.4714, 19.7810, 7.8758)	(0.0632, -0.0528, -0.0537, -0.9952)	11	2137
184	(3.5914, 18.9635, 6.5534)	(0.0629, -0.0545, -0.0540, -0.9951)	11	2148
185	(3.6537, 19.3266, 6.6660)	(0.0626, -0.0566, -0.0546, -0.9949)	11	2160
186	(2.7995, 19.5137, 6.9050)	(0.0626, -0.0585, -0.0552, -0.9948)	11	2171
187	(2.7994, 18.4462, 5.4049)	(0.0624, -0.0601, -0.0553, -0.9947)	11	2182
188	(4.0264, 15.1940, 4.1911)	(0.0618, -0.0610, -0.0554, -0.9947)	11	2193
189	(5.9832, 13.9694, 3.5408)	(0.0610, -0.0622, -0.0555, -0.9947)	11	2204
190	(5.3075, 12.5933, 2.1060)	(0.0606, -0.0632, -0.0554, -0.9946)	11	2215
191	(6.8397, 11.2346, 1.0935)	(0.0597, -0.0640, -0.0552, -0.9946)	11	2226
192	(8.1172, 11.1662, 0.4848)	(0.0588, -0.0652, -0.0550, -0.9946)	11	2238
193	(6.8379, 10.2123, -1.2542)	(0.0586, -0.0660, -0.0545, -0.9946)	11	2249
194	(5.7363, 10.1366, -1.7929)	(0.0583, -0.0669, -0.0542, -0.9946)	11	2260
195	(4.8881, 7.2596, -2.4646)	(0.0581, -0.0671, -0.0538, -0.9946)	11	2271
196	(5.6245, 5.6648, -3.2240)	(0.0574, -0.0673, -0.0533, -0.9946)	11	2282
197	(7.0941, 1.9272, -4.1312)	(0.0565, -0.0669, -0.0528, -0.9948)	11	2293
198	(7.3453, -0.2682, -4.5740)	(0.0558, -0.0666, -0.0522, -0.9948)	11	2304
199	(6.2439, -1.5900, -6.6721)	(0.0555, -0.0661, -0.0512, -0.9950)	11	2316
200	(6.4295, -3.9504, -8.6959)	(0.0549, -0.0653, -0.0500, -0.9951)	11	2327
201	(5.5780, -5.2336, -8.9707)	(0.0545, -0.0645, -0.0490, -0.9952)	11	2338
202	(4.6611, -7.1739, -11.3658)	(0.0542, -0.0633, -0.0476, -0.9954)	11	2349
203	(3.1997, -8.1713, -12.4398)	(0.0542, -0.0622, -0.0463, -0.9955)	11	2360
204	(2.8450, -11.7289, -10.6623)	(0.0539, -0.0604, -0.0456, -0.9957)	11	2371
205	(2.4247, -12.3146, -9.3679)	(0.0537, -0.0591, -0.0450, -0.9958)	11	2382
206	(1.6942, -13.1552, -8.7424)	(0.0537, -0.0576, -0.0443, -0.9959)	11	2393
207	(2.3643, -13.8506, -10.0060)	(0.0533, -0.0561, -0.0432, -0.9961)	11	2404
208	(2.1853, -15.0541, -9.2548)	(0.0531, -0.0544, -0.0426, -0.9962)	11	2415
209	(2.9796, -15.1401, -7.6708)	(0.0527, -0.0530, -0.0422, -0.9963)	11	2427
210	(2.8542, -13.1893, -7.7097)	(0.0525, -0.0520, -0.0415, -0.9964)	11	2438
211	(2.4279, -12.0239, -7.2457)	(0.0523, -0.0510, -0.0410, -0.9965)	11	2449
212	(3.0347, -10.9086, -6.2346)	(0.0519, -0.0501, -0.0405, -0.9966)	11	2460
213	(3.8837, -9.8373, -7.5973)	(0.0514, -0.0492, -0.0395, -0.9967)	11	2471
214	(2.8455, -9.9091, -7.9589)	(0.0512, -0.0482, -0.0388, -0.9968)	11	2482
215	(4.0050, -9.7614, -6.9871)	(0.0507, -0.0472, -0.0383, -0.9969)	11	2493
216	(3.0892, -8.3100, -7.3225)	(0.0506, -0.0466, -0.0376, -0.9969)	11	2505
217	(2.7808, -8.1735, -6.5292)	(0.0504, -0.0458, -0.0372, -0.9970)	11	2516
218	(4.0070, -9.4261, -5.4722)	(0.0497, -0.0447, -0.0369, -0.9971)	11	2527
219	(3.5755, -7.1320, -6.3123)	(0.0495, -0.0444, -0.0361, -0.9971)	11	2538
220	(3.2056, -6.5369, -7.1126)	(0.0492, -0.0438, -0.0352, -0.9972)	11	2549
221	(3.1427, -7.3539, -8.1314)	(0.0490, -0.0429, -0.0342, -0.9973)	11	2560
222	(3.2022, -6.0748, -8.2775)	(0.0487, -0.0426, -0.0334, -0.9973)	11	2571
223	(3.1351, -4.7439, -8.6702)	(0.0485, -0.0423, -0.0325, -0.9974)	11	2582
224	(2.5885, -4.3314, -9.1632)	(0.0484, -0.0420, -0.0315, -0.9974)	11	2593
225	(3.1273, -2.5782, -9.9323)	(0.0481, -0.0420, -0.0304, -0.9975)	11	2605
226	(1.6655, -1.8246, -8.8449)	(0.0482, -0.0419, -0.0298, -0.9975)	11	2616
227	(0.7509, -2.3608, -8.1621)	(0.0482, -0.0415, -0.0291, -0.9975)	11	2627
228	(1.3624, -1.3157, -7.7616)	(0.0480, -0.0415, -0.0285, -0.9976)	11	2638
229	(-0.8259, -1.0453, -6.4792)	(0.0484, -0.0414, -0.0281, -0.9976)	11	2649
230	(1.9105, -1.7757, -6.5355)	(0.0476, -0.0412, -0.0273, -0.9976)	11	2660
231	(0.9986, -1.1563, -5.8760)	(0.0478, -0.0413, -0.0269, -0.9976)	11	2671
232	(0.5648, 0.7357, -5.4266)	(0.0478, -0.0417, -0.0266, -0.9976)	11	2683
233	(0.3829, 1.0071, -4.2131)	(0.0477, -0.0418, -0.0265, -0.9976)	11	2693
234	(0.4471, 1.3321, -3.1844)	(0.0477, -0.0419, -0.0264, -0.9976)	11	2705
235	(1.4868, 0.7918, -2.8105)	(0.0475, -0.0419, -0.0262, -0.9976)	11	2716
236	(-0.3371, 1.9696, -1.6733)	(0.0477, -0.0422, -0.0261, -0.9976)	11	2727
237	(0.0293, 1.6528, -2.3373)	(0.0477, -0.0423, -0.0258, -0.9976)	11	2738
238	(-0.8263, 2.5774, -1.8672)	(0.0479, -0.0427, -0.0256, -0.9976)	11	2749
239	(-0.7084, 2.9258, -2.7269)	(0.0480, -0.0431, -0.0252, -0.9976)	11	2760
240	(-0.8907, 3.3103, -1.5786)	(0.0481, -0.0433, -0.0252, -0.9976)	11	2771
241	(-0.7055, 2.0167, -2.4054)	(0.0481, -0.0434, -0.0249, -0.9976)	11	2783
242	(-1.8590, 1.3793, -0.8046)	(0.0483, -0.0434, -0.0249, -0.9976)	11	2794
243	(-1.0054, 0.8722, -1.8323)	(0.0483, -0.0435, -0.0247, -0.9976)	11	2805
244	(-0.7662, 1.3550, -2.0258)	(0.0484, -0.0437, -0.0244, -0.9976)	11	2816
245	(-0.3381, 1.8997, -2.2783)	(0.0484, -0.0439, -0.0242, -0.9976)	11	2827
246	(0.7504, 1.5741, -3.1273)	(0.0483, -0.0441, -0.0237, -0.9976)	11	2838
247	(-1.0740, 2.3748, -2.7776)	(0.0486, -0.0444, -0.0235, -0.9976)	11	2849
248	(-0.7706, 1.6160, -4.0389)	(0.0487, -0.0445, -0.0229, -0.9976)	11	2860
249	(-0.2230, 2.4627, -4.3608)	(0.0487, -0.0450, -0.0223, -0.9976)	11	2872
250	(-1.3249, 2.3246, -5.1499)	(0.0491, -0.0451, -0.0216, -0.9975)	11	2883
251	(-0.7717, 1.1684, -5.1854)	(0.0490, -0.0451, -0.0211, -0.9976)	11	2894
252	(-0.0375, 1.2971, -4.8241)	(0.0488, -0.0453, -0.0207, -0.9976)	11	2905
253	(0.7453, 2.7111, -4.3114)	(0.0486, -0.0457, -0.0203, -0.9976)	11	2916
254	(0.9918, 1.9573, -5.3324)	(0.0485, -0.0457, -0.0195, -0.9976)	11	2927
255	(1.8476, 2.0405, -4.4213)	(0.0483, -0.0459, -0.0193, -0.9976)	11	2938
256	(-0.5897, 2.0287, -4.8372)	(0.0488, -0.0461, -0.0188, -0.9976)	11	2949
257	(-0.4683, 1.9762, -4.3502)	(0.0488, -0.0463, -0.0186, -0.9976)	11	2961
258	(-1.9935, 2.6603, -3.5701)	(0.0491, -0.0466, -0.0183, -0.9975)	11	2972
259	(-2.2929, 0.9564, -3.4720)	(0.0494, -0.0464, -0.0181, -0.9975)	11	2983
260	(-3.0842, 1.2663, -3.1098)	(0.0497, -0.0465, -0.0178, -0.9975)	11	2994
261	(-1.4950, 0.7806, -3.1676)	(0.0496, -0.0465, -0.0176, -0.9975)	11	3005
262	(0.3285, 0.0339, -3.9473)	(0.0495, -0.0464, -0.0171, -0.9976)	11	3016
263	(-0.0340, 1.2725, -2.9987)	(0.0496, -0.0466, -0.0169, -0.9975)	11	3027
264	(0.2056, 1.5708, -3.2514)	(0.0495, -0.0467, -0.0165, -0.9975)	11	3038
265	(0.0841, 1.5579, -3.8572)	(0.0495, -0.0468, -0.0160, -0.9975)	11	3050
266	(0.3805, 2.4814, -3.5106)	(0.0494, -0.0472, -0.0157, -0.9975)	11	3061
267	(0.4446, 2.8051, -2.5448)	(0.0494, -0.0474, -0.0157, -0.9975)	11	3072
268	(0.4426, 4.0365, -1.9632)	(0.0493, -0.0480, -0.0154, -0.9975)	11	3083
269	(0.6928, 2.8901, -1.5118)	(0.0493, -0.0480, -0.0154, -0.9975)	11	3094
270	(0.7502, 3.5158, -0.6093)	(0.0492, -0.0485, -0.0154, -0.9975)	11	3105
271	(0.1463, 4.3104, -0.6236)	(0.0492, -0.0491, -0.0152, -0.9975)	11	3116
272	(0.5658, 4.1342, -0.3181)	(0.0491, -0.0494, -0.0152, -0.9975)	11	3127
273	(0.6311, 3.2830, -0.2439)	(0.0491, -0.0495, -0.0151, -0.9974)	11	3139
274	(0.6271, 4.6796, -0.5123)	(0.0491, -0.0503, -0.0149, -0.9974)	11	3150
275	(-0.0362, 4.0095, -0.4968)	(0.0492, -0.0505, -0.0148, -0.9974)	11	3161
276	(-0.2848, 4.7332, -0.6308)	(0.0492, -0.0511, -0.0147, -0.9974)	11	3172
277	(-0.2203, 4.1255, -0.6817)	(0.0492, -0.0515, -0.0146, -0.9974)	11	3183
278	(-0.9566, 5.7274, 0.1405)	(0.0494, -0.0524, -0.0147, -0.9973)	11	3194
279	(-0.4724, 6.5046, -0.4886)	(0.0494, -0.0532, -0.0145, -0.9973)	11	3205
280	(-0.2252, 6.2005, -0.5404)	(0.0494, -0.0536, -0.0144, -0.9972)	11	3216
281	(-1.1981, 6.2196, 0.4288)	(0.0496, -0.0542, -0.0146, -0.9972)	11	3228
282	(0.2007, 6.4095, 0.6668)	(0.0494, -0.0549, -0.0146, -0.9972)	11	3239
283	(-0.5295, 6.5726, -0.2439)	(0.0496, -0.0555, -0.0144, -0.9971)	11	3250
284	(0.0194, 7.3037, -0.0772)	(0.0495, -0.0564, -0.0145, -0.9971)	11	3261
285	(0.0207, 7.5726, 1.0043)	(0.0495, -0.0571, -0.0147, -0.9970)	11	3272
286	(-1.0177, 7.8104, 0.9454)	(0.0499, -0.0579, -0.0147, -0.9970)	11	3283
287	(-0.8954, 6.5836, 0.3004)	(0.0500, -0.0583, -0.0146, -0.9969)	11	3294
288	(-0.9623, 7.9758, 0.0952)	(0.0501, -0.0593, -0.0146, -0.9969)	11	3305
289	(-1.1414, 6.6482, 0.6660)	(0.0503, -0.0598, -0.0148, -0.9968)	11	3316
290	(-0.4732, 8.2504, 1.4211)	(0.0502, -0.0609, -0.0150, -0.9968)	11	3328
291	(0.0780, 6.7532, -0.1292)	(0.0502, -0.0613, -0.0147, -0.9968)	11	3339
292	(0.4402, 6.3303, -0.1217)	(0.0501, -0.0619, -0.0147, -0.9967)	11	3350
293	(0.9899, 7.0117, 0.4064)	(0.0500, -0.0627, -0.0147, -0.9967)	11	3361
294	(0.3794, 6.3557, 1.0907)	(0.0500, -0.0631, -0.0148, -0.9966)	11	3372
295	(0.6897, 5.0452, -0.2796)	(0.0500, -0.0632, -0.0145, -0.9966)	11	3383
296	(0.5051, 5.4086, -0.4065)	(0.0500, -0.0637, -0.0145, -0.9966)	11	3394
297	(-0.3383, 4.0880, 0.5322)	(0.0501, -0.0637, -0.0146, -0.9966)	11	3405
298	(1.1797, 4.5761, 0.5179)	(0.0499, -0.0642, -0.0146, -0.9966)	11	3417
299	(-1.1355, 4.3953, 0.7686)	(0.0503, -0.0646, -0.0147, -0.9965)	11	3428
300	(-2.0474, 4.5786, 0.8305)	(0.0507, -0.0650, -0.0148, -0.9965)	11	3439
301	(-1.4982, 4.6306, 0.2786)	(0.0507, -0.0655, -0.0147, -0.9965)	11	3450
302	(-1.9913, 4.3765, -0.0752)	(0.0510, -0.0658, -0.0146, -0.9964)	11	3461
303	(-0.8261, 4.2705, 0.5299)	(0.0509, -0.0661, -0.0147, -0.9964)	11	3472
304	(-1.3198, 3.8846, -0.3704)	(0.0512, -0.0662, -0.0146, -0.9964)	11	3483
305	(-1.0716, 4.2816, 1.0739)	(0.0513, -0.0668, -0.0148, -0.9963)	11	3494
306	(-1.4400, 4.0167, -0.0695)	(0.0515, -0.0672, -0.0146, -0.9963)	16	3510
307	(-2.3491, 4.2262, 1.5078)	(0.0518, -0.0676, -0.0149, -0.9963)	9	3519
308	(-0.7043, 4.0392, 0.9575)	(0.0516, -0.0678, -0.0148, -0.9963)	9	3528
309	(-1.4930, 3.1897, 1.1600)	(0.0518, -0.0680, -0.0149, -0.9962)	11	3539
310	(-2.5929, 2.8209, 1.1078)	(0.0522, -0.0683, -0.0150, -0.9962)	11	3551
311	(-1.9191, 2.1677, 1.8512)	(0.0522, -0.0684, -0.0152, -0.9962)	11	3562
312	(-2.3403, 1.0712, 1.9947)	(0.0525, -0.0684, -0.0154, -0.9962)	11	3573
313	(-1.6092, -0.1420, 1.9598)	(0.0525, -0.0683, -0.0155, -0.9962)	11	3584
314	(-1.6638, -2.0531, 0.9001)	(0.0527, -0.0681, -0.0156, -0.9962)	11	3595
315	(-2.3340, -2.2370, 0.9058)	(0.0530, -0.0678, -0.0158, -0.9962)	11	3606
316	(-2.3313, -3.5192, 0.6284)	(0.0533, -0.0673, -0.0158, -0.9962)	11	3617
317	(-2.2761, -3.6673, -0.7016)	(0.0535, -0.0668, -0.0156, -0.9962)	11	3628
318	(-1.7219, -4.8764, -0.2556)	(0.0536, -0.0661, -0.0157, -0.9962)	11	3639
319	(-1.2971, -6.2478, -1.8080)	(0.0537, -0.0652, -0.0153, -0.9963)	11	3650
320	(-1.4685, -8.6840, -1.7012)	(0.0539, -0.0640, -0.0152, -0.9964)	11	3661
321	(-1.1066, -9.8064, -2.8352)	(0.0539, -0.0629, -0.0149, -0.9965)	11	3672
322	(0.0629, -11.4932, -2.0095)	(0.0537, -0.0616, -0.0148, -0.9965)	11	3683
323	(0.9138, -13.4084, -3.3177)	(0.0535, -0.0600, -0.0144, -0.9967)	11	3694
324	(1.8332, -17.0086, -3.9171)	(0.0532, -0.0577, -0.0140, -0.9968)	11	3706
325	(1.7176, -19.6508, -4.8990)	(0.0531, -0.0553, -0.0135, -0.9970)	11	3717
326	(3.8049, -24.8401, -5.4698)	(0.0523, -0.0520, -0.0130, -0.9972)	11	3728
327	(3.3775, -27.9444, -8.2662)	(0.0520, -0.0488, -0.0119, -0.9974)	11	3739
328	(3.5104, -30.8755, -8.5736)	(0.0517, -0.0453, -0.0112, -0.9976)	11	3750
329	(3.2081, -34.5489, -9.5913)	(0.0514, -0.0413, -0.0103, -0.9978)	11	3761
330	(2.6153, -41.2748, -10.6725)	(0.0512, -0.0361, -0.0094, -0.9980)	11	3772
331	(3.1115, -45.3058, -11.3249)	(0.0508, -0.0310, -0.0085, -0.9982)	11	3783
332	(4.4057, -51.0194, -13.6448)	(0.0502, -0.0249, -0.0070, -0.9984)	11	3794
333	(5.2039, -55.0719, -15.3331)	(0.0496, -0.0188, -0.0056, -0.9986)	11	3805
334	(7.8290, -58.7077, -17.4584)	(0.0484, -0.0124, -0.0038, -0.9987)	11	3816
335	(7.1112, -62.7294, -17.3181)	(0.0479, -0.0055, -0.0025, -0.9988)	11	3827
336	(7.0539, -66.2323, -18.9520)	(0.0471, 0.0018, -0.0007, -0.9989)	11	3839
337	(6.3889, -69.9298, -20.8205)	(0.0466, 0.0093, 0.0013, -0.9989)	11	3850
338	(5.4205, -71.8621, -20.1094)	(0.0462, 0.0167, 0.0028, -0.9988)	11	3861
339	(3.7175, -74.3759, -20.6029)	(0.0462, 0.0245, 0.0046, -0.9986)	11	3872
340	(3.8426, -76.3234, -20.6841)	(0.0458, 0.0323, 0.0063, -0.9984)	11	3883
341	(4.8790, -76.7782, -21.9594)	(0.0451, 0.0400, 0.0083, -0.9981)	11	3894
342	(5.2464, -77.4612, -22.6160)	(0.0445, 0.0478, 0.0103, -0.9978)	11	3905
343	(5.9760, -77.3792, -24.7478)	(0.0437, 0.0554, 0.0125, -0.9974)	11	3917
344	(3.5982, -76.6184, -22.9943)	(0.0437, 0.0627, 0.0141, -0.9970)	11	3928
345	(3.8411, -75.9637, -20.9945)	(0.0432, 0.0701, 0.0155, -0.9965)	11	3939
346	(2.5650, -75.8786, -19.5967)	(0.0432, 0.0775, 0.0169, -0.9959)	11	3950
347	(2.1313, -73.5377, -18.4814)	(0.0431, 0.0842, 0.0182, -0.9953)	11	3961
348	(0.8455, -70.8681, -18.8403)	(0.0432, 0.0908, 0.0199, -0.9947)	11	3972
349	(-0.0035, -70.8742, -19.0779)	(0.0434, 0.0977, 0.0215, -0.9940)	11	3983
350	(-1.4097, -69.3284, -17.8865)	(0.0437, 0.1042, 0.0227, -0.9933)	11	3994
351	(-1.9658, -65.7621, -16.1948)	(0.0441, 0.1100, 0.0238, -0.9927)	11	4006
352	(-3.0089, -63.0634, -15.4510)	(0.0446, 0.1157, 0.0250, -0.9920)	11	4017
353	(-3.9296, -59.0354, -14.9231)	(0.0452, 0.1208, 0.0262, -0.9913)	11	4028
354	(-3.6305, -56.3345, -13.8801)	(0.0455, 0.1259, 0.0271, -0.9906)	11	4039
355	(-4.1230, -53.8208, -13.2600)	(0.0460, 0.1308, 0.0281, -0.9899)	11	4050
356	(-3.5193, -50.4850, -10.8978)	(0.0463, 0.1351, 0.0287, -0.9893)	11	4061
357	(-3.0928, -49.5832, -11.5866)	(0.0465, 0.1398, 0.0297, -0.9886)	11	4072
358	(-3.4667, -45.4005, -9.7191)	(0.0469, 0.1435, 0.0302, -0.9881)	11	4083
359	(-2.9792, -44.7076, -8.6419)	(0.0471, 0.1478, 0.0307, -0.9874)	11	4095
360	(-2.4358, -42.7860, -9.8377)	(0.0471, 0.1517, 0.0317, -0.9868)	11	4106
361	(-1.7664, -41.6103, -8.9481)	(0.0471, 0.1555, 0.0322, -0.9862)	11	4117
362	(-0.8000, -38.1287, -8.6550)	(0.0471, 0.1586, 0.0329, -0.9857)	11	4128
363	(-0.7389, -36.8330, -8.0120)	(0.0471, 0.1619, 0.0334, -0.9851)	11	4139
364	(-0.9210, -35.6919, -5.7234)	(0.0473, 0.1651, 0.0334, -0.9846)	11	4150
365	(0.3449, -32.8246, -5.5389)	(0.0471, 0.1678, 0.0338, -0.9841)	11	4161
366	(-0.1994, -32.0673, -4.3341)	(0.0473, 0.1708, 0.0339, -0.9836)	11	4172
367	(-1.1179, -29.7045, -4.8710)	(0.0475, 0.1733, 0.0344, -0.9831)	11	4183
368	(-0.3267, -28.8255, -3.6726)	(0.0474, 0.1760, 0.0344, -0.9827)	11	4195
369	(0.2159, -26.4710, -4.6941)	(0.0472, 0.1781, 0.0349, -0.9823)	11	4206
370	(1.2388, -22.6218, -4.3457)	(0.0469, 0.1797, 0.0351, -0.9820)	11	4217
371	(0.5685, -21.8049, -3.0216)	(0.0470, 0.1816, 0.0351, -0.9816)	11	4228
372	(0.6265, -21.3611, -2.0582)	(0.0469, 0.1836, 0.0350, -0.9813)	11	4239
373	(1.2445, -21.7427, -0.1017)	(0.0468, 0.1857, 0.0346, -0.9809)	11	4250
374	(2.0400, -22.5689, 1.1197)	(0.0467, 0.1880, 0.0341, -0.9805)	11	4261
375	(1.8581, -23.4291, 0.7772)	(0.0466, 0.1905, 0.0339, -0.9800)	11	4272
376	(3.8129, -24.1821, -0.3060)	(0.0460, 0.1930, 0.0339, -0.9795)	11	4284
377	(2.4666, -23.4858, -1.9579)	(0.0461, 0.1951, 0.0343, -0.9791)	11	4295
378	(2.4034, -22.2328, -0.3412)	(0.0460, 0.1970, 0.0339, -0.9787)	11	4306
379	(2.9531, -20.0489, 2.2275)	(0.0457, 0.1986, 0.0332, -0.9784)	11	4317
380	(4.2232, -17.2582, 1.4925)	(0.0451, 0.1999, 0.0330, -0.9782)	11	4328
381	(4.7082, -15.8406, 2.1947)	(0.0448, 0.2013, 0.0325, -0.9780)	11	4339
382	(3.7303, -15.7559, 0.5598)	(0.0446, 0.2028, 0.0327, -0.9777)	11	4350
383	(5.3718, -14.1737, 0.5803)	(0.0438, 0.2039, 0.0324, -0.9775)	11	4361
384	(6.5908, -13.9429, -0.2174)	(0.0430, 0.2052, 0.0323, -0.9772)	11	4372
385	(7.2593, -12.4666, 0.5403)	(0.0424, 0.2062, 0.0320, -0.9771)	11	4384
386	(7.2569, -11.6167, 0.4031)	(0.0417, 0.2072, 0.0318, -0.9769)	11	4395
387	Index trigger pushed	3	4397
387	(7.0137, -11.2687, -0.4556)	(0.0411, 0.2082, 0.0318, -0.9767)	11	4406
388	(7.5637, -10.3939, 0.5549)	(0.0404, 0.2090, 0.0314, -0.9766)	11	4417
389	(7.6226, -10.6881, 0.9896)	(0.0397, 0.2101, 0.0310, -0.9764)	11	4428
390	(8.4164, -9.9688, 0.3092)	(0.0388, 0.2110, 0.0309, -0.9762)	11	4439
391	(9.8821, -12.2443, -0.7475)	(0.0376, 0.2126, 0.0309, -0.9759)	11	4450
392	(9.9480, -13.1532, -0.4262)	(0.0368, 0.2140, 0.0307, -0.9757)	11	4461
393	(10.5599, -14.4168, 0.1466)	(0.0357, 0.2155, 0.0303, -0.9754)	11	4472
394	(11.2320, -14.7783, 0.3350)	(0.0346, 0.2170, 0.0300, -0.9751)	11	4484
395	(12.2733, -16.1774, 0.4230)	(0.0333, 0.2188, 0.0296, -0.9748)	11	4495
396	(13.0646, -16.2980, 0.3602)	(0.0321, 0.2204, 0.0292, -0.9744)	11	4506
397	(14.2941, -18.6441, 1.6739)	(0.0308, 0.2226, 0.0285, -0.9740)	11	4517
398	(13.8101, -19.5485, 2.2427)	(0.0296, 0.2247, 0.0279, -0.9736)	11	4528
399	(14.7323, -21.5581, 2.1603)	(0.0281, 0.2271, 0.0272, -0.9731)	11	4539
400	(16.9298, -23.3495, 0.6741)	(0.0262, 0.2296, 0.0268, -0.9725)	11	4550
401	(13.8132, -23.0820, -0.8438)	(0.0255, 0.2318, 0.0270, -0.9721)	11	4562
402	(15.5222, -24.6401, -2.6423)	(0.0236, 0.2345, 0.0271, -0.9715)	11	4573
403	(16.6245, -25.7515, -3.2981)	(0.0218, 0.2372, 0.0270, -0.9709)	11	4584
404	(17.0553, -27.2420, -1.8049)	(0.0203, 0.2400, 0.0265, -0.9702)	11	4595
405	(16.3231, -28.7903, -2.9900)	(0.0188, 0.2431, 0.0265, -0.9695)	11	4606
406	(17.5449, -29.3470, -3.4057)	(0.0169, 0.2460, 0.0264, -0.9688)	11	4617
407	(19.0148, -30.2549, -3.3917)	(0.0149, 0.2491, 0.0261, -0.9680)	11	4628
408	(18.9523, -31.3150, -4.5314)	(0.0130, 0.2523, 0.0262, -0.9672)	11	4639
409	(19.0738, -31.3020, -3.9200)	(0.0112, 0.2553, 0.0259, -0.9664)	11	4651
410	(19.7455, -31.2896, -3.3730)	(0.0093, 0.2583, 0.0256, -0.9657)	11	4662
411	(18.6505, -31.7329, -3.9730)	(0.0077, 0.2614, 0.0256, -0.9649)	11	4673
412	(19.3815, -30.6990, -4.1161)	(0.0058, 0.2642, 0.0255, -0.9641)	11	4684
413	(17.1839, -31.5991, -3.2391)	(0.0046, 0.2673, 0.0254, -0.9633)	11	4695
414	(16.7532, -29.6011, -4.0104)	(0.0030, 0.2698, 0.0255, -0.9626)	11	4706
415	(15.4654, -28.3319, -4.2724)	(0.0017, 0.2723, 0.0256, -0.9619)	11	4717
416	(14.2491, -28.0899, -4.3996)	(0.0005, 0.2749, 0.0257, -0.9611)	11	4728
417	(13.6923, -25.2210, -4.0267)	(-0.0007, 0.2768, 0.0256, -0.9606)	11	4740
418	(12.5266, -22.3001, -4.1451)	(-0.0018, 0.2785, 0.0258, -0.9601)	11	4751
419	(10.6849, -19.4404, -4.1344)	(-0.0026, 0.2798, 0.0259, -0.9597)	11	4762
420	(8.7858, -16.0162, -3.4084)	(-0.0032, 0.2808, 0.0260, -0.9594)	11	4773
421	(6.0388, -12.8988, -2.7939)	(-0.0034, 0.2815, 0.0261, -0.9592)	11	4784
422	Index trigger pushed	3	4787
422	(5.1168, -9.0733, -0.1911)	(-0.0037, 0.2818, 0.0256, -0.9591)	11	4795
423	(4.0054, -5.3101, -0.8071)	(-0.0040, 0.2818, 0.0258, -0.9591)	11	4806
424	(2.4742, -3.1869, -1.2744)	(-0.0039, 0.2817, 0.0260, -0.9592)	11	4817
425	(0.7601, 0.6845, 0.8378)	(-0.0036, 0.2811, 0.0258, -0.9593)	11	4828
426	(0.0294, 4.5392, 1.5574)	(-0.0035, 0.2801, 0.0255, -0.9596)	11	4840
427	(0.2600, 6.9915, 2.4798)	(-0.0034, 0.2791, 0.0251, -0.9599)	11	4851
428	(-1.8706, 9.4556, 3.8379)	(-0.0028, 0.2778, 0.0246, -0.9603)	11	4862
429	(-1.0864, 12.5091, 4.1974)	(-0.0027, 0.2761, 0.0242, -0.9608)	11	4873
430	(-3.5383, 15.7164, 3.3505)	(-0.0020, 0.2742, 0.0242, -0.9614)	11	4884
431	(-3.6637, 18.2915, 4.1513)	(-0.0016, 0.2721, 0.0238, -0.9620)	11	4895
432	(-3.1864, 21.9988, 3.7720)	(-0.0014, 0.2694, 0.0236, -0.9627)	11	4906
433	(-5.2707, 25.9681, 4.3045)	(-0.0005, 0.2664, 0.0234, -0.9636)	11	4917
434	(-7.1079, 28.4361, 3.1046)	(0.0004, 0.2634, 0.0236, -0.9644)	11	4928
435	(-5.8869, 29.1903, 4.0583)	(0.0008, 0.2605, 0.0232, -0.9652)	11	4939
436	(-6.5615, 30.9651, 4.3906)	(0.0016, 0.2572, 0.0228, -0.9661)	11	4951
437	(-6.9316, 32.9303, 5.3246)	(0.0023, 0.2538, 0.0224, -0.9670)	11	4962
438	(-6.1401, 33.1888, 5.8662)	(0.0028, 0.2507, 0.0219, -0.9678)	11	4973
439	(-6.6359, 35.8465, 4.8988)	(0.0035, 0.2469, 0.0218, -0.9688)	11	4984
440	(-7.1265, 37.4384, 5.2343)	(0.0042, 0.2431, 0.0215, -0.9697)	11	4995
441	(-7.0071, 37.0506, 4.2063)	(0.0049, 0.2396, 0.0214, -0.9706)	11	5006
442	(-7.1970, 39.7317, 4.3359)	(0.0056, 0.2354, 0.0211, -0.9717)	11	5017
443	(-7.5593, 40.7848, 5.1681)	(0.0064, 0.2314, 0.0207, -0.9726)	11	5028
444	(-6.8872, 40.3006, 5.2388)	(0.0070, 0.2276, 0.0203, -0.9735)	11	5039
445	(-8.3539, 40.8749, 6.5072)	(0.0082, 0.2236, 0.0197, -0.9744)	11	5051
446	(-8.2925, 42.1103, 7.2773)	(0.0091, 0.2194, 0.0191, -0.9754)	11	5062
447	(-11.1012, 42.8603, 8.5461)	(0.0107, 0.2151, 0.0185, -0.9763)	11	5073
448	(-11.7152, 45.4838, 8.6781)	(0.0120, 0.2104, 0.0179, -0.9774)	11	5084
449	(-13.4897, 46.9483, 9.0199)	(0.0137, 0.2056, 0.0174, -0.9784)	11	5095
450	(-14.5309, 48.7919, 9.6551)	(0.0155, 0.2006, 0.0167, -0.9794)	11	5106
451	(-15.8049, 49.5301, 12.9904)	(0.0175, 0.1957, 0.0154, -0.9804)	11	5117
452	(-15.1974, 50.0941, 13.6466)	(0.0190, 0.1907, 0.0144, -0.9814)	11	5128
453	(-15.1363, 51.8858, 15.0118)	(0.0206, 0.1854, 0.0131, -0.9824)	11	5139
454	(-13.4978, 52.9388, 12.7319)	(0.0216, 0.1801, 0.0125, -0.9833)	11	5150
455	(-14.2907, 53.9195, 13.1435)	(0.0232, 0.1747, 0.0115, -0.9843)	11	5162
456	(-13.0670, 53.7622, 14.2986)	(0.0244, 0.1696, 0.0102, -0.9852)	11	5173
457	(-13.6160, 53.9009, 15.2127)	(0.0259, 0.1644, 0.0090, -0.9860)	11	5184
458	(-12.7640, 54.9425, 15.4295)	(0.0272, 0.1588, 0.0078, -0.9869)	11	5195
459	(-13.1287, 54.6555, 16.2315)	(0.0287, 0.1536, 0.0064, -0.9877)	11	5206
460	(-13.1242, 53.3938, 16.9262)	(0.0301, 0.1487, 0.0050, -0.9884)	11	5217
461	(-13.4289, 53.3844, 16.4982)	(0.0315, 0.1435, 0.0039, -0.9891)	11	5228
462	(-10.7990, 50.6736, 15.0864)	(0.0323, 0.1391, 0.0028, -0.9897)	11	5239
463	(-9.9455, 50.8552, 14.9601)	(0.0333, 0.1341, 0.0016, -0.9904)	11	5250
464	(-9.4009, 50.9200, 15.0144)	(0.0343, 0.1291, 0.0004, -0.9910)	11	5261
465	(-8.2964, 49.6449, 15.2829)	(0.0352, 0.1244, -0.0009, -0.9916)	11	5273
466	(-9.4553, 49.9525, 15.2801)	(0.0364, 0.1194, -0.0021, -0.9922)	11	5284
467	(-7.6260, 49.7073, 15.2167)	(0.0370, 0.1146, -0.0034, -0.9927)	11	5295
468	(-6.6482, 48.1135, 14.7597)	(0.0376, 0.1102, -0.0045, -0.9932)	11	5306
469	(-6.2796, 45.9421, 12.7316)	(0.0382, 0.1061, -0.0052, -0.9936)	11	5317
470	(-5.9745, 45.5159, 12.8594)	(0.0389, 0.1017, -0.0063, -0.9940)	11	5328
471	(-5.0597, 45.9295, 12.0589)	(0.0393, 0.0972, -0.0072, -0.9945)	11	5339
472	(-3.4157, 45.9160, 11.3222)	(0.0396, 0.0928, -0.0080, -0.9949)	11	5350
473	(-3.2935, 47.7503, 11.7139)	(0.0400, 0.0879, -0.0090, -0.9953)	11	5362
474	(-3.2910, 47.4020, 12.5732)	(0.0405, 0.0834, -0.0102, -0.9956)	11	5373
475	(-3.5993, 47.2275, 13.0010)	(0.0410, 0.0788, -0.0113, -0.9960)	11	5384
476	(-3.2361, 48.1280, 12.2552)	(0.0413, 0.0739, -0.0122, -0.9963)	11	5395
477	(-3.4673, 47.0488, 15.9274)	(0.0419, 0.0695, -0.0142, -0.9966)	11	5406
478	(-3.1090, 47.1399, 14.5229)	(0.0423, 0.0649, -0.0152, -0.9969)	11	5417
479	(-3.7217, 46.8921, 11.4864)	(0.0428, 0.0603, -0.0156, -0.9971)	11	5428
480	(-3.9731, 47.5242, 9.7125)	(0.0433, 0.0557, -0.0161, -0.9974)	11	5439
481	(-5.0017, 46.9967, 10.8188)	(0.0441, 0.0512, -0.0171, -0.9976)	11	5450
482	(-5.1803, 44.5497, 10.1421)	(0.0448, 0.0474, -0.0178, -0.9977)	11	5461
483	(-4.8147, 42.7809, 10.1138)	(0.0453, 0.0435, -0.0186, -0.9979)	11	5473
484	(-3.4665, 41.4798, 8.8547)	(0.0455, 0.0396, -0.0191, -0.9980)	11	5484
485	(-3.7082, 39.2151, 8.4148)	(0.0460, 0.0361, -0.0198, -0.9981)	11	5495
486	(-3.1548, 38.6203, 9.2203)	(0.0463, 0.0324, -0.0207, -0.9982)	11	5506
487	(-4.3723, 36.2163, 7.9280)	(0.0470, 0.0294, -0.0211, -0.9982)	11	5517
488	(-4.7322, 33.3528, 7.8666)	(0.0476, 0.0266, -0.0217, -0.9983)	11	5528
489	(-5.1519, 31.4020, 7.6669)	(0.0482, 0.0238, -0.0224, -0.9983)	11	5539
490	(-4.4743, 28.6611, 7.6573)	(0.0486, 0.0215, -0.0230, -0.9983)	11	5550
491	(-5.1364, 23.8065, 5.7492)	(0.0493, 0.0200, -0.0231, -0.9983)	11	5561
492	(-4.7069, 21.6717, 5.7280)	(0.0497, 0.0182, -0.0236, -0.9983)	11	5573
493	(-5.0728, 19.9337, 3.9393)	(0.0503, 0.0165, -0.0236, -0.9983)	11	5584
494	(-5.8602, 18.8445, 4.4498)	(0.0511, 0.0149, -0.0241, -0.9983)	11	5595
495	(-5.4305, 16.5884, 4.3739)	(0.0517, 0.0137, -0.0244, -0.9983)	11	5606
496	(-5.6152, 16.1964, 3.1639)	(0.0523, 0.0120, -0.0245, -0.9983)	17	5623
497	(-7.5050, 16.9060, 2.1826)	(0.0534, 0.0102, -0.0245, -0.9982)	7	5630
498	(-6.1088, 17.5655, 1.6161)	(0.0538, 0.0084, -0.0246, -0.9982)	10	5640
499	(-7.6904, 17.3831, 1.7445)	(0.0548, 0.0067, -0.0247, -0.9982)	11	5651
500	(-6.7805, 17.8666, 1.5490)	(0.0553, 0.0049, -0.0247, -0.9982)	11	5662
501	(-5.7993, 17.3179, 1.2540)	(0.0557, 0.0034, -0.0247, -0.9981)	11	5673
502	(-5.6214, 16.7548, 0.5956)	(0.0563, 0.0019, -0.0246, -0.9981)	11	5684
503	(-3.6669, 17.6300, 1.5447)	(0.0563, 0.0001, -0.0248, -0.9981)	11	5695
504	(-3.6041, 17.6861, 1.4861)	(0.0567, -0.0016, -0.0248, -0.9981)	11	5706
505	(-3.7851, 16.5893, 1.3257)	(0.0571, -0.0030, -0.0248, -0.9981)	11	5717
506	(-2.9942, 17.6526, 2.5776)	(0.0573, -0.0049, -0.0252, -0.9980)	11	5728
507	(-1.9542, 15.6137, 1.0940)	(0.0573, -0.0061, -0.0250, -0.9980)	11	5739
508	(-0.6116, 15.6866, 1.7579)	(0.0571, -0.0077, -0.0251, -0.9980)	11	5750
509	(0.7869, 14.0594, -0.5817)	(0.0568, -0.0088, -0.0246, -0.9980)	11	5762
510	(1.8283, 12.5318, -0.6169)	(0.0565, -0.0097, -0.0245, -0.9981)	11	5773
511	(0.6119, 11.2056, 0.0827)	(0.0566, -0.0106, -0.0246, -0.9980)	11	5784
512	(2.2639, 8.5930, 0.1305)	(0.0560, -0.0109, -0.0246, -0.9981)	11	5795
513	(3.5568, 4.6202, -0.5197)	(0.0554, -0.0107, -0.0245, -0.9981)	11	5806
514	(3.8053, 2.3892, 0.6114)	(0.0551, -0.0106, -0.0247, -0.9981)	11	5817
515	(3.4493, -0.9907, -1.1385)	(0.0549, -0.0101, -0.0244, -0.9981)	11	5828
516	(1.8674, -3.9969, -1.9256)	(0.0548, -0.0093, -0.0241, -0.9982)	11	5839
517	(2.7201, -4.2020, -3.0166)	(0.0544, -0.0087, -0.0236, -0.9982)	11	5850
518	(2.2346, -5.3056, -3.4849)	(0.0543, -0.0080, -0.0232, -0.9982)	11	5861
519	(0.9526, -5.4710, -2.5625)	(0.0544, -0.0074, -0.0232, -0.9982)	11	5872
520	(1.8059, -5.9806, -3.7103)	(0.0540, -0.0067, -0.0227, -0.9983)	11	5884
521	(0.2821, -5.9696, -3.0997)	(0.0542, -0.0060, -0.0225, -0.9983)	11	5895
522	(0.0471, -5.9686, -3.0361)	(0.0542, -0.0054, -0.0223, -0.9983)	11	5906
523	(-2.1555, -5.7373, -3.3375)	(0.0548, -0.0049, -0.0220, -0.9982)	11	5917
524	(-3.4982, -4.3104, -2.0866)	(0.0554, -0.0047, -0.0220, -0.9982)	11	5928
525	(-3.8046, -2.9618, -1.6266)	(0.0558, -0.0047, -0.0220, -0.9982)	11	5939
526	(-4.1754, -0.4980, -0.3938)	(0.0562, -0.0050, -0.0221, -0.9982)	11	5950
527	(-2.4735, 2.0556, -0.4503)	(0.0561, -0.0055, -0.0220, -0.9982)	11	5961
528	(-2.2948, 4.2560, -0.0719)	(0.0565, -0.0063, -0.0220, -0.9981)	11	5973
529	(-1.5606, 4.8265, 0.8870)	(0.0566, -0.0068, -0.0222, -0.9981)	11	5984
530	(-2.2342, 5.5477, 0.3825)	(0.0569, -0.0076, -0.0221, -0.9981)	11	5995
531	(-1.1984, 6.7161, 0.9050)	(0.0568, -0.0085, -0.0222, -0.9981)	11	6006
532	(0.0211, 7.0761, 0.5281)	(0.0565, -0.0093, -0.0222, -0.9981)	11	6017
533	(0.8669, 8.6715, 1.2257)	(0.0563, -0.0105, -0.0223, -0.9981)	11	6028
534	(0.8655, 8.5321, 0.3132)	(0.0563, -0.0113, -0.0222, -0.9981)	11	6039
535	(0.9867, 8.5413, 0.7417)	(0.0561, -0.0121, -0.0222, -0.9981)	11	6050
536	(1.3533, 8.1616, 0.0847)	(0.0559, -0.0128, -0.0221, -0.9981)	11	6061
537	(2.0287, 6.8376, 0.7730)	(0.0556, -0.0132, -0.0222, -0.9981)	11	6072
538	(1.4803, 6.0474, 0.7905)	(0.0556, -0.0136, -0.0223, -0.9981)	11	6084
539	(1.1760, 6.1004, 0.6073)	(0.0556, -0.0142, -0.0223, -0.9981)	11	6095
540	(2.1563, 3.2874, -0.1226)	(0.0553, -0.0138, -0.0222, -0.9981)	11	6106
541	(1.3652, 3.4105, 0.0603)	(0.0553, -0.0141, -0.0222, -0.9981)	11	6117
542	(2.1574, 2.7344, -0.2945)	(0.0550, -0.0143, -0.0221, -0.9981)	11	6128
543	(1.9104, 3.0411, -0.1169)	(0.0549, -0.0146, -0.0221, -0.9981)	11	6139
544	(0.0292, 3.0941, -0.4786)	(0.0551, -0.0148, -0.0220, -0.9981)	11	6150
545	Index trigger pushed	3	6153
545	(0.6922, 4.3263, 0.1010)	(0.0549, -0.0154, -0.0220, -0.9981)	11	6161
546	(1.0525, 3.8161, -1.0453)	(0.0548, -0.0157, -0.0217, -0.9981)	11	6173
547	(-0.0416, 6.0138, -0.7203)	(0.0550, -0.0169, -0.0216, -0.9981)	11	6184
548	(-0.6552, 8.3899, -0.6462)	(0.0552, -0.0181, -0.0215, -0.9981)	11	6195
549	(-2.1257, 10.3575, 0.4682)	(0.0556, -0.0194, -0.0217, -0.9980)	11	6206
550	(0.3671, 10.9778, 0.6944)	(0.0551, -0.0206, -0.0218, -0.9980)	11	6217
551	(0.6092, 12.3053, 0.1178)	(0.0551, -0.0220, -0.0216, -0.9980)	11	6228
552	(0.1248, 13.8394, 0.7004)	(0.0551, -0.0237, -0.0217, -0.9980)	11	6239
553	(0.9049, 15.9101, 0.5934)	(0.0549, -0.0256, -0.0217, -0.9979)	11	6250
554	(2.4259, 16.9919, -0.0393)	(0.0544, -0.0275, -0.0215, -0.9979)	11	6261
555	(2.2963, 21.1492, 0.6038)	(0.0543, -0.0304, -0.0215, -0.9978)	11	6272
556	(3.5084, 25.6871, 1.8474)	(0.0538, -0.0337, -0.0217, -0.9977)	11	6283
557	(3.5568, 29.9070, 2.7404)	(0.0536, -0.0374, -0.0219, -0.9976)	11	6295
558	(2.6344, 34.2922, 2.8378)	(0.0536, -0.0415, -0.0219, -0.9975)	11	6306
559	(3.2312, 38.9316, 3.2288)	(0.0532, -0.0460, -0.0220, -0.9973)	11	6317
560	(5.1725, 44.4187, 3.2955)	(0.0524, -0.0512, -0.0221, -0.9971)	11	6328
561	(5.8939, 49.7886, 3.8544)	(0.0518, -0.0569, -0.0222, -0.9968)	11	6339
562	(7.3417, 56.4004, 5.1756)	(0.0509, -0.0634, -0.0226, -0.9964)	11	6350
563	(8.6078, 62.4608, 6.6915)	(0.0500, -0.0705, -0.0231, -0.9960)	11	6361
564	(9.5674, 71.9404, 8.3282)	(0.0490, -0.0791, -0.0237, -0.9954)	11	6373
565	(9.7433, 76.9883, 11.0233)	(0.0481, -0.0875, -0.0247, -0.9947)	11	6384
566	(10.2748, 83.2984, 12.4791)	(0.0471, -0.0968, -0.0256, -0.9939)	11	6395
567	(12.5882, 88.1505, 14.4453)	(0.0455, -0.1062, -0.0267, -0.9929)	11	6406
568	(14.7173, 89.7442, 14.7101)	(0.0439, -0.1152, -0.0276, -0.9920)	11	6417
569	(15.6320, 92.0950, 16.4849)	(0.0423, -0.1246, -0.0289, -0.9909)	11	6428
570	(17.0264, 95.7422, 15.9210)	(0.0405, -0.1345, -0.0296, -0.9896)	11	6439
571	(18.0615, 98.0348, 17.6394)	(0.0386, -0.1444, -0.0309, -0.9883)	11	6450
572	(18.3638, 99.0834, 18.2238)	(0.0368, -0.1541, -0.0321, -0.9868)	11	6462
573	(18.4811, 101.1732, 19.3368)	(0.0350, -0.1643, -0.0335, -0.9852)	11	6473
574	(19.3977, 101.5443, 19.5097)	(0.0331, -0.1742, -0.0347, -0.9835)	11	6484
575	(18.7881, 100.0205, 19.4850)	(0.0314, -0.1836, -0.0360, -0.9818)	11	6495
576	(20.3764, 100.2144, 19.8998)	(0.0292, -0.1933, -0.0373, -0.9800)	11	6506
577	(22.1556, 96.9191, 19.5948)	(0.0268, -0.2021, -0.0384, -0.9782)	11	6517
578	(22.8283, 96.3827, 19.9069)	(0.0246, -0.2113, -0.0396, -0.9763)	11	6528
579	(22.7715, 93.6931, 19.6581)	(0.0224, -0.2198, -0.0408, -0.9744)	11	6539
580	(21.4322, 92.7806, 19.6232)	(0.0205, -0.2286, -0.0420, -0.9724)	11	6551
581	(22.2350, 89.6529, 21.6288)	(0.0181, -0.2366, -0.0437, -0.9705)	11	6562
582	(20.9622, 86.5834, 20.5389)	(0.0162, -0.2445, -0.0449, -0.9685)	11	6573
583	(21.3337, 84.4465, 20.1519)	(0.0140, -0.2523, -0.0460, -0.9665)	11	6584
584	(22.0100, 81.2485, 18.8185)	(0.0117, -0.2595, -0.0469, -0.9645)	11	6595
585	(22.6826, 79.2026, 17.0272)	(0.0095, -0.2667, -0.0476, -0.9626)	11	6606
586	(22.5061, 75.9032, 16.3677)	(0.0073, -0.2734, -0.0484, -0.9607)	11	6618
587	(23.1185, 74.5735, 17.0620)	(0.0049, -0.2802, -0.0494, -0.9587)	11	6629
588	(22.8837, 71.7627, 16.5073)	(0.0027, -0.2865, -0.0502, -0.9567)	11	6640
589	(22.5843, 67.5566, 16.2898)	(0.0005, -0.2924, -0.0510, -0.9549)	17	6657
590	(22.0426, 66.2064, 16.0783)	(-0.0016, -0.2985, -0.0518, -0.9530)	7	6664
591	(22.2913, 62.7879, 15.7175)	(-0.0038, -0.3039, -0.0525, -0.9512)	10	6674
592	(21.3838, 60.7074, 15.0928)	(-0.0057, -0.3093, -0.0532, -0.9495)	11	6685
593	(21.6326, 56.7243, 14.0168)	(-0.0078, -0.3141, -0.0537, -0.9478)	11	6696
594	(20.6627, 53.4554, 12.1348)	(-0.0096, -0.3186, -0.0540, -0.9463)	11	6707
595	(19.3902, 48.4479, 11.6960)	(-0.0113, -0.3224, -0.0544, -0.9450)	11	6718
596	(18.2990, 44.3560, 8.2465)	(-0.0128, -0.3260, -0.0542, -0.9437)	11	6729
597	(17.3397, 37.4466, 7.1701)	(-0.0143, -0.3285, -0.0543, -0.9428)	11	6740
598	(15.7604, 32.2801, 4.9049)	(-0.0155, -0.3307, -0.0541, -0.9421)	11	6751
599	Index trigger pushed	3	6753
599	(13.5789, 25.5505, 3.4681)	(-0.0163, -0.3320, -0.0538, -0.9416)	11	6762
600	(11.0916, 16.9152, 1.5157)	(-0.0169, -0.3323, -0.0535, -0.9415)	11	6773
601	(9.5746, 12.0521, -0.7501)	(-0.0175, -0.3327, -0.0528, -0.9414)	11	6784
602	(8.5553, 4.6839, -0.7817)	(-0.0181, -0.3321, -0.0525, -0.9416)	11	6795
603	(6.1231, 1.9683, -2.1213)	(-0.0182, -0.3318, -0.0520, -0.9417)	11	6806
604	(5.2183, -3.7083, -3.0968)	(-0.0185, -0.3306, -0.0515, -0.9422)	11	6817
605	(3.0294, -6.8945, -3.6955)	(-0.0183, -0.3294, -0.0510, -0.9426)	11	6829
606	(1.8836, -12.7081, -4.9135)	(-0.0182, -0.3273, -0.0503, -0.9434)	11	6840
607	(0.9720, -15.8428, -6.1291)	(-0.0180, -0.3253, -0.0495, -0.9441)	11	6851
608	(-1.3295, -19.5649, -6.3505)	(-0.0174, -0.3229, -0.0491, -0.9450)	11	6862
609	(-1.7501, -23.7802, -6.9965)	(-0.0171, -0.3200, -0.0483, -0.9460)	11	6873
610	(-4.0582, -27.8248, -8.1266)	(-0.0162, -0.3168, -0.0476, -0.9472)	11	6884
611	(-6.1209, -32.5751, -7.7159)	(-0.0153, -0.3130, -0.0472, -0.9484)	11	6895
612	(-7.1532, -33.7636, -6.4705)	(-0.0145, -0.3097, -0.0470, -0.9496)	11	6906
613	(-9.2182, -38.9759, -7.8867)	(-0.0132, -0.3052, -0.0463, -0.9511)	11	6917
614	(-10.3083, -40.9293, -7.9013)	(-0.0120, -0.3011, -0.0459, -0.9524)	11	6928
615	(-11.2211, -43.6348, -9.1255)	(-0.0108, -0.2966, -0.0452, -0.9539)	11	6940
616	(-11.4001, -45.5866, -9.3888)	(-0.0096, -0.2919, -0.0446, -0.9553)	11	6951
617	(-10.2339, -50.0079, -10.9449)	(-0.0087, -0.2865, -0.0435, -0.9571)	11	6962
618	(-10.4048, -55.1280, -11.0872)	(-0.0076, -0.2804, -0.0427, -0.9589)	11	6973
619	(-11.3706, -58.9097, -11.4944)	(-0.0063, -0.2743, -0.0418, -0.9607)	11	6984
620	(-10.2691, -60.5303, -13.2326)	(-0.0053, -0.2684, -0.0404, -0.9625)	11	6995
621	(-9.2868, -65.1407, -15.3335)	(-0.0043, -0.2615, -0.0388, -0.9644)	11	7006
622	(-9.1651, -66.6917, -16.6984)	(-0.0031, -0.2551, -0.0372, -0.9662)	11	7017
623	(-9.7753, -65.6557, -16.6603)	(-0.0019, -0.2491, -0.0359, -0.9678)	11	7028
624	(-9.5308, -66.8663, -16.2705)	(-0.0009, -0.2426, -0.0346, -0.9695)	11	7040
625	(-9.9575, -66.0825, -16.5310)	(0.0003, -0.2365, -0.0332, -0.9711)	11	7051
626	(-9.8961, -65.8491, -17.1423)	(0.0015, -0.2302, -0.0317, -0.9726)	11	7062
627	(-10.2056, -65.5360, -16.6614)	(0.0027, -0.2240, -0.0305, -0.9741)	11	7073
628	(-10.1416, -66.0261, -16.8348)	(0.0038, -0.2175, -0.0291, -0.9756)	11	7084
629	(-8.5489, -68.3554, -17.4618)	(0.0046, -0.2106, -0.0275, -0.9772)	11	7095
630	(-8.4905, -68.8428, -17.5094)	(0.0056, -0.2040, -0.0261, -0.9786)	11	7106
631	(-9.0964, -70.1373, -18.3338)	(0.0067, -0.1971, -0.0244, -0.9801)	11	7117
632	(-8.3687, -67.3260, -17.7863)	(0.0075, -0.1911, -0.0229, -0.9813)	11	7128
633	(-6.7261, -66.1016, -17.6327)	(0.0080, -0.1850, -0.0214, -0.9825)	11	7139
634	(-7.0331, -63.4408, -15.7405)	(0.0089, -0.1794, -0.0204, -0.9835)	11	7151
635	(-7.0985, -61.9023, -14.9762)	(0.0098, -0.1737, -0.0193, -0.9846)	11	7162
636	(-6.3130, -59.7101, -15.0226)	(0.0104, -0.1683, -0.0180, -0.9855)	11	7173
637	(-7.1019, -60.0618, -14.2810)	(0.0114, -0.1625, -0.0169, -0.9865)	11	7184
638	(-7.8375, -59.5829, -14.5974)	(0.0124, -0.1569, -0.0157, -0.9874)	11	7195
639	(-6.0055, -58.6036, -14.6797)	(0.0128, -0.1515, -0.0144, -0.9883)	11	7206
640	(-6.3188, -56.5207, -13.8685)	(0.0137, -0.1464, -0.0134, -0.9890)	11	7217
641	(-6.0076, -56.3715, -12.7798)	(0.0143, -0.1409, -0.0125, -0.9898)	11	7228
642	(-7.8437, -54.8905, -11.6487)	(0.0155, -0.1360, -0.0117, -0.9905)	11	7239
643	(-9.0065, -53.0026, -11.6204)	(0.0166, -0.1312, -0.0108, -0.9912)	11	7250
644	(-9.3112, -52.2591, -11.0853)	(0.0176, -0.1264, -0.0101, -0.9918)	11	7261
645	(-9.1887, -51.4220, -8.8487)	(0.0186, -0.1216, -0.0098, -0.9924)	11	7273
646	(-10.5901, -50.7633, -9.2869)	(0.0199, -0.1167, -0.0090, -0.9929)	11	7284
647	(-10.8989, -51.6327, -10.0579)	(0.0210, -0.1115, -0.0081, -0.9935)	11	7295
648	(-11.5086, -51.7805, -11.3345)	(0.0223, -0.1065, -0.0070, -0.9940)	11	7306
649	(-10.6651, -49.2707, -13.6986)	(0.0233, -0.1022, -0.0054, -0.9945)	11	7317
650	(-10.0541, -49.0434, -11.6342)	(0.0244, -0.0975, -0.0048, -0.9949)	11	7328
651	(-10.1111, -48.1032, -10.1942)	(0.0255, -0.0931, -0.0042, -0.9953)	11	7339
652	(-8.5963, -43.9540, -10.0363)	(0.0262, -0.0896, -0.0035, -0.9956)	11	7350
653	(-8.6652, -42.0790, -10.6860)	(0.0271, -0.0857, -0.0025, -0.9959)	11	7361
654	(-7.9967, -41.1615, -10.6436)	(0.0278, -0.0818, -0.0017, -0.9963)	11	7372
655	(-7.8149, -40.3679, -10.4770)	(0.0287, -0.0780, -0.0009, -0.9965)	11	7384
656	(-9.3423, -39.0836, -10.0122)	(0.0299, -0.0744, -0.0003, -0.9968)	11	7395
657	(-9.7712, -37.0067, -9.7496)	(0.0310, -0.0711, 0.0004, -0.9970)	11	7406
658	(-8.6792, -35.9095, -9.8951)	(0.0318, -0.0678, 0.0012, -0.9972)	11	7417
659	(-8.8631, -33.9705, -7.4967)	(0.0327, -0.0648, 0.0014, -0.9974)	11	7428
660	(-8.7438, -33.0466, -6.8463)	(0.0336, -0.0618, 0.0018, -0.9975)	11	7439
661	(-8.0717, -30.3344, -5.5644)	(0.0343, -0.0593, 0.0021, -0.9976)	11	7450
662	(-7.7113, -30.6609, -6.4112)	(0.0350, -0.0563, 0.0027, -0.9978)	11	7461
663	(-7.1016, -28.8191, -5.9639)	(0.0356, -0.0539, 0.0031, -0.9979)	11	7472
664	(-6.1267, -29.6922, -6.9846)	(0.0361, -0.0508, 0.0038, -0.9980)	11	7484
665	(-5.7597, -28.7540, -5.6660)	(0.0366, -0.0482, 0.0041, -0.9982)	11	7495
666	(-4.2346, -29.5634, -6.6895)	(0.0368, -0.0452, 0.0048, -0.9983)	11	7506
667	(-3.1354, -28.7662, -6.4057)	(0.0370, -0.0425, 0.0053, -0.9984)	11	7517
668	(-3.0790, -27.7699, -5.5736)	(0.0373, -0.0400, 0.0056, -0.9985)	11	7528
669	(-1.4902, -27.8245, -5.2682)	(0.0372, -0.0372, 0.0060, -0.9986)	11	7539
670	(-1.5571, -26.7434, -5.8390)	(0.0374, -0.0349, 0.0066, -0.9987)	11	7550
671	(-2.6549, -25.2043, -5.2604)	(0.0379, -0.0326, 0.0070, -0.9987)	11	7561
672	(-2.0465, -25.6378, -5.4937)	(0.0380, -0.0301, 0.0075, -0.9988)	11	7572
673	(-2.5348, -24.0177, -3.8202)	(0.0384, -0.0280, 0.0075, -0.9988)	11	7583
674	(-2.1686, -23.7783, -3.8891)	(0.0385, -0.0258, 0.0078, -0.9989)	11	7595
675	(-1.4339, -23.7673, -3.4052)	(0.0386, -0.0235, 0.0080, -0.9989)	11	7606
676	(-1.5615, -23.5316, -3.8958)	(0.0388, -0.0213, 0.0083, -0.9990)	11	7617
677	(-0.8304, -21.4302, -2.5388)	(0.0388, -0.0196, 0.0083, -0.9990)	11	7628
678	(-1.3817, -21.1290, -2.6062)	(0.0391, -0.0175, 0.0086, -0.9990)	11	7639
679	(-1.6866, -20.7060, -2.6138)	(0.0394, -0.0155, 0.0088, -0.9991)	11	7650
680	(-0.7703, -19.5860, -1.6666)	(0.0393, -0.0138, 0.0088, -0.9991)	11	7661
681	(-1.2019, -18.9158, -1.6159)	(0.0396, -0.0120, 0.0089, -0.9991)	11	7672
682	(-0.1625, -19.0822, -0.8834)	(0.0395, -0.0102, 0.0089, -0.9991)	11	7683
683	(-0.6511, -19.2863, -1.8503)	(0.0396, -0.0083, 0.0092, -0.9991)	11	7695
684	(-1.1413, -18.0016, -1.6974)	(0.0398, -0.0068, 0.0092, -0.9991)	11	7706
685	(-0.9554, -19.0395, -1.7972)	(0.0399, -0.0048, 0.0093, -0.9991)	11	7717
686	(-0.8987, -18.9872, -2.0387)	(0.0401, -0.0030, 0.0094, -0.9991)	11	7728
687	(-0.8366, -17.6146, -0.7279)	(0.0402, -0.0015, 0.0093, -0.9991)	11	7739
688	(-0.1032, -18.4956, -2.1138)	(0.0401, 0.0005, 0.0096, -0.9991)	11	7750
689	(0.3764, -16.3925, -0.3900)	(0.0401, 0.0017, 0.0093, -0.9992)	11	7761
690	(0.5585, -16.0300, -0.5809)	(0.0400, 0.0032, 0.0094, -0.9992)	11	7772
691	(0.9783, -13.1956, 0.8137)	(0.0398, 0.0040, 0.0091, -0.9992)	11	7784
692	(0.9761, -12.4728, 0.6161)	(0.0398, 0.0052, 0.0091, -0.9992)	11	7795
693	(-0.2414, -11.3027, 1.0824)	(0.0401, 0.0061, 0.0089, -0.9991)	11	7806
694	(-0.1175, -10.0737, 1.5435)	(0.0401, 0.0070, 0.0087, -0.9991)	11	7817
695	(-1.4595, -10.3995, 0.8275)	(0.0405, 0.0080, 0.0087, -0.9991)	11	7828
696	(-1.4041, -9.2266, 1.3471)	(0.0406, 0.0087, 0.0085, -0.9991)	11	7839
697	(-1.8271, -9.4654, 1.7193)	(0.0409, 0.0096, 0.0083, -0.9991)	11	7850
698	(-2.1425, -7.2128, 1.6176)	(0.0411, 0.0098, 0.0082, -0.9991)	11	7861
699	(-2.8213, -4.9920, 0.2992)	(0.0415, 0.0099, 0.0084, -0.9991)	11	7873
700	(-2.5166, -3.1048, 0.2030)	(0.0416, 0.0099, 0.0083, -0.9991)	11	7884
701	(-3.6155, -2.8309, 1.5908)	(0.0421, 0.0102, 0.0080, -0.9990)	11	7895
702	(-3.3132, -3.0379, 0.4386)	(0.0424, 0.0104, 0.0082, -0.9990)	11	7906
703	(-3.7438, -1.3564, -0.6810)	(0.0428, 0.0103, 0.0085, -0.9990)	11	7917
704	(-4.5392, -2.0293, -0.7909)	(0.0434, 0.0106, 0.0086, -0.9990)	11	7928
705	(-4.6013, -0.5832, -1.4263)	(0.0440, 0.0104, 0.0088, -0.9989)	11	7939
706	(-5.2140, -0.2571, -0.5787)	(0.0446, 0.0104, 0.0087, -0.9989)	11	7950
707	(-5.0285, -0.7984, -0.2022)	(0.0452, 0.0105, 0.0086, -0.9989)	11	7962
708	(-5.3950, -0.2293, 0.7542)	(0.0459, 0.0103, 0.0084, -0.9989)	11	7973
709	(-5.9419, 0.1095, 0.0224)	(0.0466, 0.0103, 0.0086, -0.9988)	11	7984
710	(-5.9998, -2.0811, -0.1735)	(0.0472, 0.0109, 0.0086, -0.9988)	11	7995
711	(-6.5477, -2.4301, 0.6818)	(0.0480, 0.0112, 0.0084, -0.9987)	11	8006
712	(-6.6027, -3.5923, 0.4022)	(0.0486, 0.0118, 0.0085, -0.9987)	11	8017
713	(-6.1719, -5.7073, 1.0499)	(0.0492, 0.0126, 0.0082, -0.9987)	11	8028
714	(-6.7760, -7.9222, 0.0037)	(0.0499, 0.0138, 0.0083, -0.9986)	11	8039
715	(-5.9745, -11.3762, 0.9176)	(0.0503, 0.0154, 0.0080, -0.9986)	11	8051
716	(-5.4142, -15.7720, 0.3410)	(0.0507, 0.0177, 0.0080, -0.9985)	11	8062
717	(-4.8537, -20.0425, 0.0021)	(0.0511, 0.0203, 0.0080, -0.9985)	11	8073
718	(-4.8499, -22.2541, -0.9258)	(0.0517, 0.0228, 0.0081, -0.9984)	11	8084
719	(-4.7225, -25.5591, -1.5918)	(0.0521, 0.0258, 0.0082, -0.9983)	11	8095
720	(-3.2644, -25.0362, -2.9452)	(0.0522, 0.0282, 0.0086, -0.9982)	11	8106
721	(-3.0097, -28.4523, -3.1860)	(0.0524, 0.0316, 0.0088, -0.9981)	11	8117
722	(-1.9695, -30.1764, -4.1268)	(0.0525, 0.0349, 0.0092, -0.9980)	11	8128
723	(-2.2659, -33.4124, -4.4840)	(0.0528, 0.0387, 0.0094, -0.9978)	11	8139
724	(-2.1442, -34.4632, -5.1954)	(0.0530, 0.0422, 0.0098, -0.9977)	11	8151
725	(-2.3233, -35.8562, -4.7435)	(0.0533, 0.0460, 0.0100, -0.9975)	11	8162
726	(-2.3873, -35.8665, -5.2293)	(0.0536, 0.0495, 0.0105, -0.9973)	11	8173
727	(-3.6681, -35.5839, -6.1408)	(0.0542, 0.0529, 0.0110, -0.9971)	11	8184
728	(-3.4307, -33.6136, -5.2717)	(0.0545, 0.0558, 0.0112, -0.9969)	11	8195
729	(-3.6226, -30.3253, -5.3946)	(0.0548, 0.0583, 0.0117, -0.9967)	11	8206
730	(-2.7683, -29.8869, -4.7366)	(0.0550, 0.0611, 0.0119, -0.9965)	11	8217
731	(-2.7110, -27.9461, -5.2622)	(0.0553, 0.0635, 0.0124, -0.9964)	11	8228
732	(-3.0153, -27.0150, -4.2446)	(0.0557, 0.0660, 0.0125, -0.9962)	11	8239
733	(-3.9352, -25.9151, -4.1440)	(0.0562, 0.0684, 0.0128, -0.9960)	11	8251
734	(-2.3446, -26.2603, -3.2321)	(0.0561, 0.0711, 0.0128, -0.9958)	11	8262
735	(-1.6771, -25.2315, -3.6152)	(0.0561, 0.0734, 0.0131, -0.9956)	11	8273
736	(-2.8392, -23.2774, -3.1650)	(0.0565, 0.0753, 0.0133, -0.9955)	11	8284
737	(-1.1977, -22.2540, -3.8597)	(0.0563, 0.0774, 0.0136, -0.9953)	11	8295
738	(-0.4074, -21.2557, -2.9726)	(0.0562, 0.0793, 0.0136, -0.9952)	11	8306
739	(-0.1646, -19.2961, -2.3435)	(0.0562, 0.0809, 0.0137, -0.9950)	11	8317
740	(0.7474, -19.1004, -1.8010)	(0.0560, 0.0828, 0.0137, -0.9949)	11	8328
741	(1.4729, -18.6286, -2.5448)	(0.0557, 0.0846, 0.0140, -0.9948)	11	8340
742	(1.2285, -16.6041, -1.7898)	(0.0557, 0.0859, 0.0139, -0.9947)	11	8351
743	(1.7768, -15.1838, -0.9677)	(0.0554, 0.0872, 0.0138, -0.9946)	11	8362
744	(2.0785, -15.0793, -2.0061)	(0.0551, 0.0887, 0.0141, -0.9944)	11	8373
745	Index trigger pushed	3	8376
745	(2.4419, -13.7415, -2.0970)	(0.0548, 0.0899, 0.0142, -0.9943)	11	8384
746	(2.5658, -14.7666, -1.5905)	(0.0546, 0.0915, 0.0142, -0.9942)	11	8395
747	(3.9066, -14.9023, -2.1351)	(0.0539, 0.0929, 0.0144, -0.9941)	11	8406
748	(4.8794, -14.8575, -3.0542)	(0.0533, 0.0944, 0.0147, -0.9940)	11	8417
749	(6.7163, -15.1406, -2.2015)	(0.0524, 0.0959, 0.0146, -0.9939)	11	8428
750	(6.8389, -15.1149, -0.9839)	(0.0518, 0.0974, 0.0143, -0.9938)	11	8440
751	(8.0540, -13.9281, -2.5960)	(0.0507, 0.0986, 0.0147, -0.9937)	11	8451
752	(9.9450, -13.1235, -2.0057)	(0.0495, 0.0997, 0.0145, -0.9937)	11	8462
753	(10.2473, -12.4512, -1.9000)	(0.0485, 0.1007, 0.0145, -0.9936)	11	8473
754	(9.9990, -10.7171, -0.5327)	(0.0476, 0.1014, 0.0142, -0.9936)	11	8484
755	(11.0931, -8.9724, -1.7323)	(0.0463, 0.1020, 0.0144, -0.9936)	11	8495
756	(13.0393, -6.2490, 0.2779)	(0.0448, 0.1022, 0.0138, -0.9937)	11	8506
757	(15.2360, -6.1695, 0.9334)	(0.0430, 0.1028, 0.0134, -0.9937)	11	8517
758	(16.1447, -4.0771, -0.8676)	(0.0412, 0.1028, 0.0136, -0.9938)	11	8528
759	(19.3734, -2.2482, -0.9140)	(0.0388, 0.1027, 0.0133, -0.9939)	11	8539
760	(21.7488, -0.5926, -0.7141)	(0.0362, 0.1025, 0.0131, -0.9940)	11	8550
761	(25.4058, 1.2106, -1.7337)	(0.0331, 0.1022, 0.0132, -0.9941)	11	8562
762	(26.0720, 3.2259, -1.4731)	(0.0304, 0.1016, 0.0130, -0.9943)	11	8573
763	(31.9211, 4.8151, -1.6424)	(0.0263, 0.1009, 0.0128, -0.9945)	11	8584
764	(33.5008, 7.7303, -2.1921)	(0.0228, 0.0997, 0.0128, -0.9947)	11	8595
765	(37.2787, 9.7995, -2.5481)	(0.0186, 0.0985, 0.0127, -0.9949)	11	8606
766	(38.1266, 11.8543, -3.1411)	(0.0147, 0.0971, 0.0127, -0.9951)	11	8617
767	(37.4542, 13.8428, -1.3544)	(0.0112, 0.0955, 0.0122, -0.9953)	11	8628
768	(34.2781, 16.1517, -1.3287)	(0.0083, 0.0936, 0.0122, -0.9955)	11	8639
769	(30.7970, 16.4514, -1.5705)	(0.0058, 0.0920, 0.0121, -0.9957)	11	8651
770	(25.0625, 17.2393, -1.3235)	(0.0044, 0.0903, 0.0121, -0.9958)	11	8662
771	(20.4234, 17.5973, -1.4430)	(0.0032, 0.0886, 0.0122, -0.9960)	11	8673
772	(18.6561, 17.8319, 1.1089)	(0.0018, 0.0869, 0.0114, -0.9962)	11	8684
773	(14.4990, 19.3196, -0.2990)	(0.0010, 0.0847, 0.0117, -0.9963)	11	8695
774	(14.1917, 20.2148, -0.9854)	(-0.0004, 0.0827, 0.0118, -0.9965)	11	8706
775	(13.4635, 20.7201, -0.3242)	(-0.0016, 0.0806, 0.0116, -0.9967)	11	8717
776	(14.6801, 20.5472, 0.0933)	(-0.0033, 0.0787, 0.0115, -0.9968)	11	8728
777	(15.2296, 20.0959, -0.9861)	(-0.0049, 0.0768, 0.0116, -0.9970)	11	8739
778	(15.3467, 21.2479, -1.1927)	(-0.0064, 0.0746, 0.0117, -0.9971)	11	8751
779	(15.1065, 20.1293, -2.3879)	(-0.0080, 0.0728, 0.0120, -0.9972)	11	8762
780	(15.6545, 20.4794, -3.1917)	(-0.0097, 0.0707, 0.0122, -0.9974)	11	8773
781	(16.8710, 20.3639, -2.7640)	(-0.0116, 0.0686, 0.0123, -0.9975)	11	8784
782	(17.6613, 22.4860, -3.4211)	(-0.0135, 0.0660, 0.0125, -0.9976)	11	8795
783	(17.7174, 23.1606, -3.1889)	(-0.0152, 0.0637, 0.0127, -0.9978)	11	8806
784	(16.1887, 23.9279, -4.1724)	(-0.0165, 0.0613, 0.0130, -0.9979)	11	8817
785	(15.4668, 23.1220, -1.9001)	(-0.0179, 0.0592, 0.0127, -0.9980)	11	8828
786	(15.7109, 21.9703, -1.7003)	(-0.0194, 0.0572, 0.0127, -0.9981)	11	8839
787	(15.7074, 24.2501, -0.5278)	(-0.0210, 0.0544, 0.0125, -0.9982)	11	8851
788	(16.7472, 23.3988, -0.5137)	(-0.0228, 0.0524, 0.0124, -0.9983)	11	8862
789	(17.7230, 22.5361, -1.0426)	(-0.0248, 0.0504, 0.0125, -0.9983)	11	8873
790	(19.2571, 21.7593, -0.2420)	(-0.0269, 0.0485, 0.0122, -0.9984)	11	8884
791	(19.5653, 20.1188, -0.1527)	(-0.0288, 0.0467, 0.0120, -0.9984)	11	8895
792	(20.6044, 20.5144, 1.1749)	(-0.0311, 0.0447, 0.0115, -0.9985)	11	8906
793	(22.9863, 19.7951, 1.6686)	(-0.0338, 0.0430, 0.0112, -0.9984)	11	8917
794	(25.4857, 18.4172, -0.3131)	(-0.0367, 0.0414, 0.0114, -0.9984)	11	8928
795	(27.0796, 17.5445, 1.6391)	(-0.0395, 0.0399, 0.0107, -0.9984)	11	8939
796	(28.0583, 15.5915, 1.2522)	(-0.0424, 0.0388, 0.0106, -0.9983)	11	8951
797	(29.8869, 15.9033, 1.5438)	(-0.0456, 0.0373, 0.0102, -0.9982)	11	8962
798	(30.6280, 13.9203, 2.7371)	(-0.0487, 0.0364, 0.0096, -0.9981)	11	8973
799	(31.9723, 12.3885, 2.2148)	(-0.0521, 0.0355, 0.0094, -0.9980)	11	8984
800	(29.2938, 10.5577, 2.1395)	(-0.0546, 0.0349, 0.0090, -0.9979)	11	8995
801	(26.6701, 9.1350, 1.3235)	(-0.0568, 0.0343, 0.0089, -0.9978)	11	9006
802	(23.6831, 7.1860, -1.3628)	(-0.0586, 0.0339, 0.0094, -0.9977)	11	9017
803	(20.0234, 4.9687, -2.3428)	(-0.0600, 0.0338, 0.0097, -0.9976)	11	9028
804	(15.0860, 2.7576, -2.9530)	(-0.0608, 0.0338, 0.0100, -0.9975)	11	9040
805	(13.6856, 1.0497, -2.9774)	(-0.0619, 0.0340, 0.0102, -0.9975)	11	9051
806	(10.4550, 0.0116, -2.8840)	(-0.0624, 0.0340, 0.0104, -0.9974)	11	9062
807	(6.5518, -0.5416, -3.1017)	(-0.0624, 0.0342, 0.0108, -0.9974)	11	9073
808	(3.4475, -2.2014, -3.7341)	(-0.0623, 0.0346, 0.0113, -0.9974)	11	9084
809	(1.3125, -3.4842, -3.6390)	(-0.0621, 0.0351, 0.0116, -0.9974)	11	9095
810	(-0.1414, -4.0847, -3.2566)	(-0.0619, 0.0356, 0.0118, -0.9974)	11	9106
811	(-0.5683, -5.3680, -3.2924)	(-0.0617, 0.0364, 0.0123, -0.9974)	11	9117
812	(-1.4786, -5.9209, -3.3987)	(-0.0614, 0.0371, 0.0126, -0.9973)	11	9128
813	(-0.4987, -7.0473, -2.0402)	(-0.0615, 0.0379, 0.0126, -0.9973)	11	9139
814	(-1.9691, -5.8266, -1.8775)	(-0.0611, 0.0381, 0.0127, -0.9973)	11	9150
815	(-1.0497, -6.5553, -1.7454)	(-0.0612, 0.0389, 0.0129, -0.9973)	11	9162
816	(-2.0854, -6.5334, -0.6444)	(-0.0608, 0.0395, 0.0128, -0.9973)	11	9173
817	(-1.1724, -3.6958, 0.8746)	(-0.0610, 0.0391, 0.0125, -0.9973)	11	9184
818	(-2.7591, -4.0599, 1.0696)	(-0.0605, 0.0397, 0.0125, -0.9973)	11	9195
819	(-0.7471, -4.6844, 0.1038)	(-0.0608, 0.0402, 0.0126, -0.9973)	11	9206
820	(-2.1525, -4.3841, 0.0447)	(-0.0604, 0.0406, 0.0126, -0.9973)	11	9217
821	(-3.0667, -2.9722, 0.5566)	(-0.0600, 0.0406, 0.0125, -0.9973)	11	9228
822	(-3.4969, -2.7870, 0.6800)	(-0.0596, 0.0409, 0.0125, -0.9973)	11	9239
823	(-3.1348, -1.5941, -0.3176)	(-0.0595, 0.0409, 0.0126, -0.9973)	11	9251
824	(-3.0741, -0.6144, -0.2746)	(-0.0592, 0.0409, 0.0126, -0.9973)	11	9262
825	(-2.2207, -0.9987, -1.1846)	(-0.0592, 0.0411, 0.0127, -0.9973)	11	9273
826	(-1.4877, -0.9425, -1.5483)	(-0.0591, 0.0411, 0.0128, -0.9973)	11	9284
827	(0.1580, -0.6900, -1.0720)	(-0.0591, 0.0411, 0.0128, -0.9973)	11	9295
828	(1.0075, -1.0540, -1.0099)	(-0.0592, 0.0412, 0.0129, -0.9973)	11	9306
829	(1.1891, -1.0100, -1.9209)	(-0.0595, 0.0413, 0.0132, -0.9973)	11	9317
830	(2.8348, -0.9400, -1.6869)	(-0.0599, 0.0414, 0.0134, -0.9973)	11	9328
831	(4.6098, -1.8392, -1.0047)	(-0.0607, 0.0417, 0.0135, -0.9972)	11	9339
832	(4.9734, -0.9991, -1.6291)	(-0.0613, 0.0417, 0.0138, -0.9972)	11	9351
833	(5.2207, -3.0558, -0.9190)	(-0.0619, 0.0424, 0.0138, -0.9971)	11	9362
834	(6.8071, -2.8836, -1.5336)	(-0.0630, 0.0426, 0.0140, -0.9970)	11	9373
835	(8.5108, -2.6829, -3.7965)	(-0.0640, 0.0427, 0.0147, -0.9969)	11	9384
836	(9.7361, -3.4524, -2.6290)	(-0.0651, 0.0431, 0.0146, -0.9968)	11	9395
837	(10.6462, -1.8359, -1.2056)	(-0.0663, 0.0430, 0.0145, -0.9968)	11	9406
838	(12.6005, -1.5945, -1.2734)	(-0.0678, 0.0432, 0.0146, -0.9967)	11	9417
839	(11.9315, -2.8879, -2.0405)	(-0.0689, 0.0437, 0.0150, -0.9966)	11	9428
840	(13.5193, -2.1999, -1.2639)	(-0.0705, 0.0439, 0.0149, -0.9964)	11	9439
841	(13.6418, -2.7998, -0.9490)	(-0.0718, 0.0442, 0.0149, -0.9963)	11	9451
842	(13.1538, -2.8081, -1.3135)	(-0.0730, 0.0445, 0.0151, -0.9962)	11	9462
843	(15.0454, -3.5624, -2.4594)	(-0.0748, 0.0449, 0.0154, -0.9961)	11	9473
844	(14.7399, -4.5818, -1.6485)	(-0.0761, 0.0455, 0.0154, -0.9959)	11	9484
845	(14.9223, -3.6521, -0.9985)	(-0.0776, 0.0457, 0.0153, -0.9958)	11	9495
846	(15.2883, -4.3504, -2.3813)	(-0.0791, 0.0463, 0.0156, -0.9957)	11	9506
847	(14.4981, -4.2171, -1.7123)	(-0.0804, 0.0467, 0.0156, -0.9955)	11	9517
848	(14.4358, -3.9616, -0.9908)	(-0.0818, 0.0471, 0.0156, -0.9954)	11	9528
849	(13.4623, -4.7625, -1.4580)	(-0.0829, 0.0477, 0.0158, -0.9953)	11	9540
850	(12.1763, -3.9719, -1.3443)	(-0.0839, 0.0480, 0.0158, -0.9952)	11	9551
851	(10.5337, -4.0658, 0.0010)	(-0.0846, 0.0485, 0.0157, -0.9951)	11	9562
852	(8.2754, -4.5638, -0.4114)	(-0.0851, 0.0490, 0.0158, -0.9950)	11	9573
853	(8.4003, -4.4537, -0.9002)	(-0.0860, 0.0493, 0.0159, -0.9950)	11	9584
854	(7.3610, -3.6559, -0.7302)	(-0.0865, 0.0495, 0.0159, -0.9949)	11	9595
855	(7.1794, -3.6343, 0.3053)	(-0.0871, 0.0498, 0.0157, -0.9948)	11	9606
856	(6.5667, -3.4380, 0.9667)	(-0.0877, 0.0501, 0.0155, -0.9948)	11	9617
857	(6.3823, -3.0778, 0.9600)	(-0.0882, 0.0503, 0.0154, -0.9947)	11	9628
858	(6.3252, -2.3213, 2.1005)	(-0.0888, 0.0504, 0.0150, -0.9947)	11	9640
859	(7.2355, -2.5237, 1.1294)	(-0.0897, 0.0507, 0.0151, -0.9946)	11	9651
860	(7.4191, -1.9564, 1.9698)	(-0.0904, 0.0509, 0.0147, -0.9945)	11	9662
861	(7.2373, -3.3158, 1.0252)	(-0.0911, 0.0514, 0.0148, -0.9944)	11	9673
862	(6.8679, -1.1556, -0.4759)	(-0.0917, 0.0511, 0.0150, -0.9944)	11	9684
863	(6.8031, -0.7985, -0.9063)	(-0.0924, 0.0512, 0.0151, -0.9943)	11	9695
864	(6.0724, -1.3936, -0.0398)	(-0.0928, 0.0515, 0.0149, -0.9942)	11	9706
865	(5.5801, 0.4271, -0.2581)	(-0.0932, 0.0512, 0.0150, -0.9942)	12	9718
866	(4.7881, 0.4159, -0.7418)	(-0.0934, 0.0512, 0.0151, -0.9942)	10	9728
867	(3.9920, 0.1715, -0.6144)	(-0.0936, 0.0513, 0.0150, -0.9942)	11	9739
868	(3.8722, 0.9902, 0.7653)	(-0.0940, 0.0511, 0.0148, -0.9942)	11	9751
869	(3.9901, 2.0926, 0.9258)	(-0.0944, 0.0508, 0.0146, -0.9941)	11	9762
870	(4.7873, 2.0973, 1.1007)	(-0.0951, 0.0506, 0.0144, -0.9941)	11	9773
871	(4.6594, 3.5194, 2.0506)	(-0.0956, 0.0501, 0.0139, -0.9941)	11	9784
872	(5.3932, 3.2666, 1.6874)	(-0.0962, 0.0499, 0.0137, -0.9940)	11	9795
873	(3.6817, 4.0483, 1.1275)	(-0.0962, 0.0494, 0.0137, -0.9940)	11	9806
874	(3.4894, 6.5787, -0.1929)	(-0.0966, 0.0484, 0.0138, -0.9941)	11	9817
875	(3.3783, 4.2997, 1.6725)	(-0.0969, 0.0484, 0.0133, -0.9940)	11	9828
876	(4.5323, 4.7555, 0.1440)	(-0.0976, 0.0478, 0.0135, -0.9940)	11	9840
877	(6.3037, 5.6343, 1.2709)	(-0.0985, 0.0472, 0.0131, -0.9939)	11	9851
878	(7.8273, 5.6207, 0.5345)	(-0.0994, 0.0466, 0.0130, -0.9939)	11	9862
879	(9.0475, 6.6769, 1.4249)	(-0.1005, 0.0459, 0.0126, -0.9938)	11	9873
880	(10.5079, 6.7847, 0.7491)	(-0.1017, 0.0452, 0.0125, -0.9937)	11	9884
881	(12.1523, 7.2171, 0.7985)	(-0.1032, 0.0445, 0.0123, -0.9936)	11	9895
882	(14.7126, 8.2594, 0.9473)	(-0.1050, 0.0437, 0.0120, -0.9934)	11	9906
883	(15.9337, 8.1967, 0.8878)	(-0.1068, 0.0429, 0.0118, -0.9933)	11	9917
884	(19.2252, 8.8972, -0.8350)	(-0.1092, 0.0420, 0.0120, -0.9931)	11	9929
885	(21.6692, 7.7888, -1.4320)	(-0.1117, 0.0414, 0.0121, -0.9928)	11	9940
886	(25.5063, 9.3794, -1.4124)	(-0.1148, 0.0402, 0.0119, -0.9925)	11	9951
887	(30.0225, 9.3694, -2.1577)	(-0.1185, 0.0393, 0.0120, -0.9921)	11	9962
888	(39.0483, 10.0920, -3.1713)	(-0.1237, 0.0382, 0.0120, -0.9915)	11	9973
889	(45.3273, 10.9861, -4.3004)	(-0.1291, 0.0370, 0.0123, -0.9909)	11	9984
890	(54.8987, 12.4084, -6.9142)	(-0.1360, 0.0354, 0.0130, -0.9900)	11	9995
891	(58.9819, 13.6178, -7.6199)	(-0.1423, 0.0339, 0.0135, -0.9891)	11	10006
892	(62.1525, 13.1237, -8.1684)	(-0.1490, 0.0327, 0.0139, -0.9882)	11	10017
893	(53.5239, 12.3348, -21.7648)	(-0.1530, 0.0312, 0.0179, -0.9876)	11	10028
894	(50.2366, 11.1816, -21.4288)	(-0.1574, 0.0301, 0.0196, -0.9869)	11	10040
895	(49.6966, 9.9870, -17.5074)	(-0.1621, 0.0292, 0.0204, -0.9861)	11	10051
896	(51.4831, 7.5887, -12.7163)	(-0.1674, 0.0290, 0.0207, -0.9852)	11	10062
897	(57.7176, 10.3355, -1.4062)	(-0.1740, 0.0279, 0.0185, -0.9842)	11	10073
898	(53.6671, 10.2769, -15.3912)	(-0.1786, 0.0264, 0.0219, -0.9833)	11	10084
899	(45.6055, 9.5648, -19.9238)	(-0.1817, 0.0251, 0.0245, -0.9827)	11	10095
900	(43.1708, 10.6497, -14.4583)	(-0.1854, 0.0239, 0.0248, -0.9821)	11	10106
901	(40.5616, 9.0814, -10.7636)	(-0.1888, 0.0233, 0.0251, -0.9814)	11	10117
902	(38.5420, 9.2492, -11.3732)	(-0.1921, 0.0223, 0.0260, -0.9808)	11	10128
903	(36.0988, 11.9894, -11.2954)	(-0.1952, 0.0207, 0.0268, -0.9802)	11	10139
904	(36.3398, 12.4926, -10.5168)	(-0.1987, 0.0194, 0.0274, -0.9795)	11	10151
905	(34.2753, 12.5491, -7.7088)	(-0.2016, 0.0182, 0.0274, -0.9789)	11	10162
906	(32.9288, 12.7446, -7.0395)	(-0.2045, 0.0170, 0.0277, -0.9783)	11	10173
907	(27.9299, 11.9229, -7.9864)	(-0.2064, 0.0158, 0.0284, -0.9779)	11	10184
908	(21.8279, 10.3900, -8.1206)	(-0.2076, 0.0148, 0.0289, -0.9777)	11	10195
909	(18.3480, 12.7056, -8.0312)	(-0.2088, 0.0131, 0.0293, -0.9774)	11	10206
910	(14.1412, 12.9613, -7.0515)	(-0.2096, 0.0117, 0.0296, -0.9773)	11	10217
911	(11.0881, 11.9208, -7.0845)	(-0.2102, 0.0106, 0.0301, -0.9771)	11	10228
912	(8.0998, 13.2791, -6.0048)	(-0.2105, 0.0091, 0.0302, -0.9771)	11	10239
913	(6.7593, 12.7302, -6.1728)	(-0.2110, 0.0079, 0.0306, -0.9770)	11	10251
914	(2.8566, 12.8007, -5.3104)	(-0.2106, 0.0066, 0.0306, -0.9771)	11	10262
915	(-1.8938, 12.1320, -4.9798)	(-0.2096, 0.0054, 0.0308, -0.9773)	11	10273
916	(-3.9666, 12.1590, -3.5727)	(-0.2090, 0.0043, 0.0306, -0.9774)	11	10284
917	(-4.4552, 12.8971, -3.2830)	(-0.2086, 0.0029, 0.0306, -0.9775)	11	10295
918	(-4.8224, 13.2051, -3.0421)	(-0.2081, 0.0016, 0.0306, -0.9776)	11	10306
919	(-4.6324, 10.8374, -2.6918)	(-0.2077, 0.0009, 0.0306, -0.9777)	11	10317
920	(-3.3496, 9.3222, -2.4190)	(-0.2076, 0.0003, 0.0306, -0.9777)	11	10328
921	(-2.8549, 7.1520, -1.4043)	(-0.2074, -0.0001, 0.0304, -0.9778)	11	10339
922	Index trigger pushed	3	10342
922	(-1.5000, 4.5449, -0.8065)	(-0.2075, 0.0000, 0.0304, -0.9778)	11	10351
923	(-1.4917, 2.0733, 0.3302)	(-0.2074, 0.0003, 0.0303, -0.9778)	11	10362
924	(-1.3063, -1.0883, 0.2160)	(-0.2074, 0.0006, 0.0303, -0.9778)	11	10373
925	(0.0496, -4.1260, 0.7538)	(-0.2074, 0.0014, 0.0303, -0.9778)	11	10384
926	(0.9697, -9.4081, 1.2866)	(-0.2076, 0.0034, 0.0305, -0.9777)	11	10395
927	(3.2991, -12.2678, 1.5204)	(-0.2083, 0.0051, 0.0306, -0.9776)	11	10406
928	(2.3881, -15.3304, 0.7325)	(-0.2083, 0.0071, 0.0311, -0.9775)	11	10417
929	(5.2065, -18.9772, 0.7977)	(-0.2092, 0.0096, 0.0316, -0.9773)	11	10428
930	(5.6358, -22.6169, -1.3783)	(-0.2097, 0.0123, 0.0327, -0.9771)	11	10439
931	(6.1927, -25.0496, -1.1479)	(-0.2103, 0.0152, 0.0333, -0.9770)	11	10451
932	(6.3168, -27.5746, -2.5561)	(-0.2108, 0.0182, 0.0344, -0.9768)	11	10462
933	(7.5413, -28.3531, -1.8175)	(-0.2116, 0.0210, 0.0350, -0.9765)	11	10473
934	(6.8744, -29.4338, -1.1816)	(-0.2120, 0.0240, 0.0356, -0.9763)	11	10484
935	(6.2624, -30.1720, -1.4109)	(-0.2124, 0.0269, 0.0364, -0.9761)	11	10495
936	(7.3668, -30.9410, -0.4834)	(-0.2131, 0.0300, 0.0369, -0.9759)	11	10506
937	(7.3054, -31.2340, 0.0089)	(-0.2137, 0.0331, 0.0374, -0.9756)	11	10517
938	(7.5543, -31.6475, 0.7487)	(-0.2142, 0.0363, 0.0379, -0.9754)	11	10528
939	(7.2506, -31.7706, 0.6263)	(-0.2147, 0.0394, 0.0386, -0.9751)	11	10540
940	(6.0930, -32.3969, 0.0359)	(-0.2149, 0.0426, 0.0393, -0.9749)	11	10551
941	(4.5048, -31.0161, 1.8319)	(-0.2150, 0.0454, 0.0394, -0.9748)	11	10562
942	(3.7063, -30.3463, 1.8836)	(-0.2151, 0.0483, 0.0399, -0.9746)	11	10573
943	(2.1763, -28.4042, 1.7861)	(-0.2150, 0.0508, 0.0404, -0.9745)	11	10584
944	(3.6980, -27.1863, 1.6369)	(-0.2154, 0.0533, 0.0407, -0.9742)	11	10595
945	(1.8072, -24.9217, 2.2032)	(-0.2152, 0.0554, 0.0409, -0.9741)	11	10606
946	(2.4760, -24.7544, 1.4084)	(-0.2154, 0.0578, 0.0414, -0.9739)	11	10617
947	(1.4926, -22.9768, 2.1649)	(-0.2153, 0.0597, 0.0415, -0.9738)	11	10628
948	(0.3289, -20.7882, 2.0670)	(-0.2151, 0.0613, 0.0417, -0.9738)	11	10640
949	(1.2974, -17.8482, 2.7314)	(-0.2153, 0.0627, 0.0416, -0.9736)	11	10651
950	(0.8046, -15.7803, 2.5711)	(-0.2152, 0.0639, 0.0417, -0.9736)	11	10662
951	(-1.0904, -12.4395, 2.3262)	(-0.2147, 0.0645, 0.0417, -0.9736)	11	10673
952	(-1.2817, -8.5135, 3.4032)	(-0.2145, 0.0648, 0.0413, -0.9737)	11	10684
953	Index trigger pushed	3	10687
953	(-2.2685, -4.2093, 2.6500)	(-0.2142, 0.0645, 0.0411, -0.9738)	11	10695
954	(-4.3603, 2.8007, 3.2471)	(-0.2134, 0.0632, 0.0403, -0.9741)	11	10706
955	(-5.2833, 7.3079, 3.1590)	(-0.2128, 0.0619, 0.0398, -0.9743)	11	10717
956	(-5.9669, 12.7950, 3.6568)	(-0.2122, 0.0598, 0.0390, -0.9746)	11	10728
957	(-5.9180, 16.8974, 4.6723)	(-0.2117, 0.0577, 0.0379, -0.9749)	11	10740
958	(-5.3821, 23.3746, 5.6385)	(-0.2114, 0.0545, 0.0365, -0.9752)	11	10751
959	(-5.2123, 28.4819, 5.1689)	(-0.2111, 0.0510, 0.0355, -0.9755)	11	10762
960	(-7.7904, 33.4415, 3.5549)	(-0.2100, 0.0471, 0.0346, -0.9759)	11	10773
961	(-6.7016, 37.6281, 2.7980)	(-0.2097, 0.0429, 0.0335, -0.9762)	11	10784
962	(-7.2587, 40.8708, 3.5237)	(-0.2090, 0.0386, 0.0321, -0.9766)	11	10795
963	(-6.1092, 45.4792, 5.1321)	(-0.2087, 0.0337, 0.0303, -0.9769)	11	10806
964	(-6.0571, 49.5521, 4.7467)	(-0.2083, 0.0284, 0.0288, -0.9772)	11	10817
965	(-5.0307, 53.4341, 3.9332)	(-0.2081, 0.0228, 0.0274, -0.9775)	11	10828
966	(-5.7136, 56.3041, 4.3636)	(-0.2076, 0.0171, 0.0257, -0.9777)	11	10840
967	(-4.6212, 58.5289, 2.8568)	(-0.2075, 0.0112, 0.0244, -0.9779)	11	10851
968	(-4.9966, 61.9408, 2.9093)	(-0.2070, 0.0048, 0.0227, -0.9781)	11	10862
969	(-5.1838, 63.7759, 3.3591)	(-0.2067, -0.0015, 0.0210, -0.9782)	11	10873
970	(-5.3762, 66.2406, 1.9084)	(-0.2063, -0.0081, 0.0197, -0.9783)	11	10884
971	(-5.9215, 66.3620, 1.7245)	(-0.2058, -0.0144, 0.0183, -0.9783)	11	10895
972	(-5.9890, 68.1241, 1.6892)	(-0.2054, -0.0212, 0.0167, -0.9783)	11	10906
973	(-6.1137, 69.2643, 0.9401)	(-0.2049, -0.0280, 0.0153, -0.9783)	11	10917
974	(-6.4249, 69.8106, 0.8042)	(-0.2043, -0.0347, 0.0138, -0.9782)	11	10928
975	(-6.4241, 69.3192, 0.5738)	(-0.2038, -0.0413, 0.0124, -0.9781)	11	10940
976	(-5.9324, 70.5588, 1.5199)	(-0.2034, -0.0481, 0.0106, -0.9779)	11	10951
977	(-4.7715, 68.9614, 0.8793)	(-0.2032, -0.0544, 0.0093, -0.9776)	11	10962
978	(-4.5835, 67.0112, 0.6721)	(-0.2028, -0.0604, 0.0080, -0.9773)	11	10973
979	(-4.0923, 64.6718, -0.3748)	(-0.2025, -0.0662, 0.0070, -0.9770)	11	10984
980	(-3.8481, 63.1450, -0.5907)	(-0.2021, -0.0720, 0.0058, -0.9767)	11	10995
981	(-2.1325, 59.5968, -1.4910)	(-0.2022, -0.0772, 0.0050, -0.9763)	11	11006
982	(-3.1677, 57.8034, -2.6074)	(-0.2017, -0.0825, 0.0043, -0.9760)	11	11017
983	(-3.8356, 56.3335, -3.0620)	(-0.2013, -0.0877, 0.0035, -0.9756)	11	11028
984	(-3.0331, 54.1444, -2.9630)	(-0.2012, -0.0925, 0.0028, -0.9752)	11	11039
985	(-2.2355, 50.6445, -4.2334)	(-0.2011, -0.0968, 0.0026, -0.9748)	11	11051
986	(-1.9181, 45.7901, -3.4672)	(-0.2010, -0.1004, 0.0020, -0.9744)	11	11062
987	Index trigger pushed	3	11065
987	(-2.2125, 41.1332, -4.7111)	(-0.2007, -0.1037, 0.0020, -0.9742)	11	11073

