Missile Rate 1.00 Missile Speed 0.20 
Line_#	VR_Velocity	VR_Orientation	DeltaTime	TotalTime
0	(42.9823, 16.8787, 3.3192)	(0.2505, 0.0979, 0.0470, -0.9620)	0	0
1	(58.5295, 21.1467, 2.5811)	(0.2175, 0.0866, 0.0442, -0.9712)	3	3
2	(64.6298, 19.8390, 1.0050)	(0.1257, 0.0614, 0.0402, -0.9894)	118	121
3	(63.0451, 21.4412, 1.8926)	(0.0892, 0.0502, 0.0383, -0.9940)	55	176
4	(51.5139, 20.4022, 2.4337)	(0.0683, 0.0411, 0.0367, -0.9961)	46	221
5	(40.8921, 27.3579, 6.4035)	(0.0580, 0.0277, 0.0333, -0.9974)	53	274
6	(39.9049, 30.5988, 7.0675)	(0.0423, 0.0146, 0.0305, -0.9985)	43	317
7	(33.1357, 30.9781, 8.3612)	(0.0359, 0.0055, 0.0279, -0.9990)	42	359
8	(31.9226, 28.8778, 9.8086)	(0.0236, -0.0047, 0.0236, -0.9994)	32	391
9	(22.4805, 22.0446, 6.8679)	(0.0193, -0.0099, 0.0227, -0.9995)	47	438
10	(20.9014, 17.8814, 6.0411)	(0.0164, -0.0110, 0.0217, -0.9996)	42	479
11	(21.0886, 13.4134, 2.0519)	(0.0080, -0.0147, 0.0222, -0.9996)	40	520
12	(17.0150, 8.6817, 3.1947)	(0.0032, -0.0163, 0.0207, -0.9996)	42	562
13	(16.7736, 3.6642, -0.7765)	(-0.0031, -0.0161, 0.0222, -0.9996)	44	606
14	(7.5815, -4.6876, -0.8214)	(-0.0009, -0.0121, 0.0221, -0.9997)	45	651
15	(3.0134, -9.1909, -3.2170)	(-0.0006, -0.0086, 0.0234, -0.9997)	25	676
16	(-1.6587, -16.8929, -4.2036)	(0.0012, 0.0016, 0.0258, -0.9997)	43	719
17	(-0.7978, -20.7023, -5.7711)	(0.0010, 0.0074, 0.0276, -0.9996)	24	744
18	(-1.2896, -23.1977, -8.4595)	(0.0018, 0.0173, 0.0318, -0.9993)	43	787
19	(2.5627, -28.3284, -9.3399)	(-0.0002, 0.0301, 0.0357, -0.9989)	42	829
20	(2.9799, -25.7770, -9.7014)	(-0.0013, 0.0399, 0.0397, -0.9984)	44	873
21	(2.1845, -18.9299, -2.7723)	(-0.0016, 0.0450, 0.0386, -0.9982)	42	915
22	(3.3822, -4.6571, 3.8697)	(-0.0023, 0.0406, 0.0359, -0.9985)	43	958
23	(5.0696, 5.9385, 6.8204)	(-0.0048, 0.0370, 0.0326, -0.9988)	46	1004
24	(-0.7452, 17.6216, 9.3993)	(-0.0036, 0.0247, 0.0268, -0.9993)	46	1049
25	(-2.4061, 25.7740, 12.0429)	(-0.0025, 0.0117, 0.0211, -0.9997)	45	1094
26	(-1.4505, 34.3959, 13.4452)	(-0.0028, 0.0014, 0.0178, -0.9998)	27	1121
27	(0.9033, 41.8813, 12.9842)	(-0.0043, -0.0174, 0.0130, -0.9998)	42	1163
28	(1.3746, 47.5280, 12.0166)	(-0.0052, -0.0376, 0.0088, -0.9992)	42	1206
29	(0.3878, 49.0754, 7.5435)	(-0.0055, -0.0572, 0.0075, -0.9983)	43	1249
30	(-0.3960, 46.1497, 7.5476)	(-0.0053, -0.0648, 0.0059, -0.9979)	25	1274
31	(3.8221, 41.5725, 6.8323)	(-0.0081, -0.0795, 0.0036, -0.9968)	44	1318
32	(3.2876, 33.9218, 5.0431)	(-0.0086, -0.0831, 0.0036, -0.9965)	26	1344
33	(3.6921, 15.2386, 0.0584)	(-0.0101, -0.0836, 0.0049, -0.9964)	42	1386
34	(4.2877, -5.4172, -3.4799)	(-0.0112, -0.0758, 0.0068, -0.9970)	43	1429
35	(2.3675, -24.6367, -10.6951)	(-0.0120, -0.0582, 0.0148, -0.9981)	43	1472
36	(-0.8915, -40.0693, -14.3903)	(-0.0099, -0.0369, 0.0218, -0.9990)	45	1517
37	(-3.7278, -53.8300, -16.7245)	(-0.0068, -0.0114, 0.0293, -0.9995)	45	1562
38	(-13.2215, -66.4203, -21.2538)	(0.0026, 0.0187, 0.0389, -0.9991)	45	1607
39	(-18.4703, -69.2847, -26.7810)	(0.0127, 0.0466, 0.0510, -0.9975)	45	1652
40	(-29.7637, -68.7992, -28.8856)	(0.0289, 0.0726, 0.0632, -0.9949)	43	1695
41	(-33.2988, -66.5169, -24.6595)	(0.0451, 0.0964, 0.0712, -0.9918)	45	1740
42	(-21.6536, -63.1051, -22.3313)	(0.0499, 0.1196, 0.0783, -0.9885)	44	1784
43	(-34.4195, -57.4729, -23.1967)	(0.0673, 0.1387, 0.0881, -0.9841)	44	1829
44	(-38.7513, -55.8260, -19.7448)	(0.0770, 0.1481, 0.0910, -0.9818)	26	1855
45	(-32.1855, -39.6460, -12.5449)	(0.0883, 0.1576, 0.0945, -0.9790)	42	1897
46	(-21.8073, -34.9078, -2.3168)	(0.0945, 0.1687, 0.0918, -0.9768)	43	1940
47	(-15.0465, -24.9827, 5.7351)	(0.0992, 0.1744, 0.0869, -0.9758)	45	1985
48	(-10.1123, -18.4865, 10.3377)	(0.0998, 0.1749, 0.0830, -0.9760)	25	2010
49	(-7.6776, -13.2407, 13.3310)	(0.1009, 0.1749, 0.0793, -0.9762)	25	2035
50	(-6.2750, -11.0056, 15.2898)	(0.1040, 0.1773, 0.0727, -0.9759)	41	2076
51	(-8.2864, -12.5059, 13.7413)	(0.1069, 0.1798, 0.0709, -0.9753)	25	2101
52	(-11.1559, -14.6682, 12.3346)	(0.1132, 0.1852, 0.0667, -0.9739)	41	2141
53	(-13.3545, -14.4575, 11.0554)	(0.1172, 0.1875, 0.0654, -0.9731)	23	2165
54	(-13.8486, -13.3414, 8.9064)	(0.1203, 0.1894, 0.0649, -0.9723)	24	2189
55	(-13.6057, -12.5053, 8.0937)	(0.1232, 0.1912, 0.0640, -0.9717)	25	2214
56	(-13.4309, -10.7261, 5.8663)	(0.1258, 0.1924, 0.0642, -0.9711)	22	2236
57	(-11.3701, -8.7577, 3.8127)	(0.1272, 0.1933, 0.0644, -0.9707)	22	2258
58	(-11.0065, -8.8611, 1.8687)	(0.1292, 0.1950, 0.0648, -0.9701)	24	2282
59	(-10.8836, -8.3323, 0.8795)	(0.1312, 0.1964, 0.0652, -0.9695)	22	2303
60	(-8.3852, -7.4653, 1.4039)	(0.1320, 0.1972, 0.0648, -0.9693)	24	2328
61	(-6.1329, -5.9059, 0.0329)	(0.1317, 0.1972, 0.0653, -0.9693)	21	2349
62	(-5.6389, -8.1493, 0.5572)	(0.1332, 0.1996, 0.0650, -0.9686)	24	2373
63	(-4.7814, -9.6764, 0.2880)	(0.1343, 0.2022, 0.0648, -0.9679)	23	2396
64	(-4.2337, -8.3282, 0.6768)	(0.1346, 0.2030, 0.0646, -0.9677)	22	2418
65	(-1.0686, -7.1300, -0.5064)	(0.1338, 0.2038, 0.0648, -0.9677)	22	2440
66	(-1.0695, -6.6399, -0.3333)	(0.1341, 0.2048, 0.0647, -0.9674)	23	2463
67	(-1.3727, -6.2563, 0.5065)	(0.1345, 0.2058, 0.0644, -0.9672)	22	2485
68	(-2.2272, -5.9489, 0.7488)	(0.1350, 0.2069, 0.0641, -0.9669)	22	2508
69	(-2.4094, -6.9357, 0.1057)	(0.1356, 0.2086, 0.0641, -0.9664)	23	2530
70	(-3.8187, -5.0481, 0.1290)	(0.1364, 0.2090, 0.0641, -0.9662)	23	2553
71	(-3.8883, -2.7445, -0.2834)	(0.1369, 0.2091, 0.0643, -0.9661)	21	2574
72	(-3.5755, -2.3949, 1.8996)	(0.1375, 0.2094, 0.0638, -0.9660)	23	2597
73	(-0.2943, 0.4440, 0.6143)	(0.1369, 0.2091, 0.0639, -0.9661)	23	2620
74	(1.6542, 0.4387, 0.2483)	(0.1366, 0.2090, 0.0639, -0.9662)	23	2642
75	(1.7717, 2.2842, 1.1775)	(0.1362, 0.2084, 0.0637, -0.9664)	22	2664
76	(0.9183, 1.3499, 0.3465)	(0.1360, 0.2083, 0.0637, -0.9665)	23	2688
77	(1.1043, 0.8792, 1.0876)	(0.1358, 0.2080, 0.0635, -0.9666)	21	2709
78	(0.9789, 3.3889, 1.7696)	(0.1357, 0.2070, 0.0632, -0.9668)	23	2732
79	(0.8581, 3.5133, 1.7046)	(0.1356, 0.2063, 0.0629, -0.9670)	21	2753
80	(1.2171, 4.8666, 2.3455)	(0.1353, 0.2050, 0.0624, -0.9674)	22	2775
81	(2.6224, 5.0654, 3.0067)	(0.1346, 0.2040, 0.0617, -0.9677)	22	2797
82	(3.5898, 7.5508, 2.4675)	(0.1336, 0.2018, 0.0613, -0.9683)	21	2818
83	(5.4037, 14.9001, 1.2786)	(0.1313, 0.1958, 0.0615, -0.9699)	21	2839
84	(7.3982, 23.7211, 3.6520)	(0.1291, 0.1884, 0.0606, -0.9717)	22	2862
85	(11.2260, 30.4032, 5.4568)	(0.1255, 0.1804, 0.0594, -0.9737)	22	2883
86	(14.0202, 38.0084, 7.6693)	(0.1218, 0.1704, 0.0579, -0.9761)	23	2907
87	(18.5725, 49.1609, 10.5316)	(0.1165, 0.1574, 0.0557, -0.9791)	26	2932
88	(25.9744, 65.1345, 10.8572)	(0.1039, 0.1284, 0.0528, -0.9848)	40	2972
89	(29.3752, 75.7369, 16.4798)	(0.0911, 0.0968, 0.0469, -0.9900)	42	3015
90	(37.6631, 82.6125, 18.5078)	(0.0735, 0.0627, 0.0408, -0.9945)	41	3056
91	(41.9398, 81.8047, 20.3993)	(0.0553, 0.0316, 0.0336, -0.9974)	42	3098
92	(45.1236, 76.4464, 20.4350)	(0.0361, 0.0039, 0.0263, -0.9990)	42	3141
93	(42.6057, 59.1616, 21.1570)	(0.0198, -0.0131, 0.0183, -0.9995)	45	3185
94	(35.4397, 40.9353, 15.2128)	(0.0080, -0.0229, 0.0144, -0.9996)	44	3230
95	(26.9313, 27.1505, 14.7892)	(0.0003, -0.0285, 0.0089, -0.9996)	46	3276
96	(22.1246, 19.0974, 8.8161)	(-0.0068, -0.0332, 0.0075, -0.9994)	44	3320
97	(17.5626, 11.2190, 5.1498)	(-0.0120, -0.0351, 0.0066, -0.9993)	44	3364
98	(16.8979, 1.6364, -1.4053)	(-0.0186, -0.0332, 0.0095, -0.9992)	45	3409
99	(9.4749, -8.2438, -4.8340)	(-0.0194, -0.0266, 0.0134, -0.9994)	43	3452
100	(1.1151, -8.1426, -5.2405)	(-0.0170, -0.0250, 0.0152, -0.9994)	45	3497
101	(-7.6741, -9.3586, -13.2846)	(-0.0106, -0.0200, 0.0235, -0.9995)	45	3542
102	(-13.2550, -22.7226, -14.2803)	(-0.0029, -0.0073, 0.0290, -0.9995)	45	3587
103	(-35.5752, -40.8773, -30.3466)	(0.0176, 0.0136, 0.0456, -0.9987)	45	3632
104	(-56.5372, -52.1963, -34.4388)	(0.0474, 0.0365, 0.0609, -0.9964)	43	3675
105	(-61.5231, -64.3924, -40.6310)	(0.0740, 0.0649, 0.0787, -0.9920)	45	3720
106	(-62.3435, -72.0245, -32.8036)	(0.0986, 0.0960, 0.0881, -0.9866)	45	3764
107	(-78.7065, -74.4043, -8.9045)	(0.1378, 0.1212, 0.0839, -0.9794)	43	3807
108	(-73.2438, -77.5200, 4.8314)	(0.1675, 0.1481, 0.0766, -0.9717)	43	3850
109	(-75.9602, -80.8196, 16.2954)	(0.1852, 0.1624, 0.0683, -0.9668)	24	3874
110	(-70.7830, -75.6757, 17.2691)	(0.1982, 0.1734, 0.0641, -0.9626)	23	3897
111	(-42.0887, -61.3649, 15.3747)	(0.1954, 0.1792, 0.0607, -0.9623)	24	3921
112	(-0.8410, -37.1640, 16.5333)	(0.1796, 0.1770, 0.0548, -0.9661)	24	3945
113	(31.1622, -12.0902, 5.0362)	(0.1603, 0.1709, 0.0564, -0.9705)	24	3969
114	(41.8029, 0.1189, 0.0738)	(0.1483, 0.1672, 0.0575, -0.9730)	23	3992
115	(49.0546, 6.0698, 4.7377)	(0.1365, 0.1641, 0.0537, -0.9755)	23	4015
116	(63.9527, 10.7759, 16.1659)	(0.1199, 0.1602, 0.0441, -0.9788)	22	4036
117	(70.6180, 20.8253, 6.9969)	(0.0891, 0.1497, 0.0385, -0.9840)	46	4082
118	(62.2297, 14.3683, 13.1754)	(0.0679, 0.1462, 0.0313, -0.9864)	42	4124
119	(81.5968, -1.3318, 38.7024)	(0.0360, 0.1494, 0.0020, -0.9881)	42	4166
120	(97.3923, -2.4082, 0.9910)	(-0.0097, 0.1529, 0.0076, -0.9882)	41	4207
121	(112.2497, 2.4863, 24.6517)	(-0.0534, 0.1502, -0.0166, -0.9871)	42	4249
122	(122.0617, -0.0395, 16.6365)	(-0.1040, 0.1505, -0.0282, -0.9827)	45	4294
123	(109.3634, 0.5644, 14.5336)	(-0.1410, 0.1497, -0.0381, -0.9779)	46	4340
124	(37.2180, 4.4524, 3.6496)	(-0.1494, 0.1466, -0.0579, -0.9761)	134	4475
125	(38.2508, 6.5883, 3.9067)	(-0.1567, 0.1442, -0.0600, -0.9752)	23	4498
126	(31.4040, 9.6908, 1.0612)	(-0.1596, 0.1407, -0.0600, -0.9753)	23	4520
127	(23.9589, 7.3777, -3.9787)	(-0.1612, 0.1398, -0.0574, -0.9753)	22	4542
128	(-1.4564, -0.4757, -2.7675)	(-0.1550, 0.1428, -0.0575, -0.9758)	67	4609
129	(-15.6369, 5.8453, -8.0875)	(-0.1599, 0.1372, -0.0539, -0.9761)	67	4675
130	(-44.1509, 10.0775, -13.6321)	(-0.1300, 0.1290, -0.0370, -0.9824)	67	4742
131	(-68.7559, -15.9881, -26.6092)	(-0.0852, 0.1379, -0.0122, -0.9867)	67	4809
132	(-84.8773, -18.4489, 28.2731)	(-0.0289, 0.1590, -0.0394, -0.9861)	67	4875
133	(-91.9083, 27.7493, 18.4729)	(0.0301, 0.1359, -0.0368, -0.9896)	70	4945
134	(-28.1828, 56.8904, 7.1668)	(0.0392, 0.0967, -0.0400, -0.9937)	63	5008
135	(47.1022, 37.7372, -18.9027)	(-0.0105, 0.0774, -0.0230, -0.9967)	67	5075
136	(29.5676, 8.2818, -4.8657)	(-0.0271, 0.0803, -0.0251, -0.9961)	67	5142
137	(-0.3029, 11.2462, 10.4990)	(-0.0178, 0.0753, -0.0340, -0.9964)	67	5209
138	(3.5829, 15.5582, 9.5483)	(-0.0197, 0.0639, -0.0397, -0.9970)	66	5275
139	(4.3781, 9.8380, 0.9546)	(-0.0212, 0.0627, -0.0375, -0.9971)	44	5320
140	(5.2354, 6.9243, -1.2945)	(-0.0221, 0.0628, -0.0366, -0.9971)	22	5342
141	(-1.9176, 12.6244, -4.9809)	(-0.0216, 0.0536, -0.0319, -0.9978)	67	5408
142	(-9.6795, 21.2651, 0.8286)	(-0.0124, 0.0389, -0.0343, -0.9986)	67	5475
143	(-1.3663, 12.2670, -1.8690)	(-0.0131, 0.0348, -0.0332, -0.9988)	67	5542
144	(-5.9112, 2.8906, 1.6169)	(-0.0104, 0.0356, -0.0333, -0.9988)	67	5608
145	(-5.8876, -5.9187, 2.4008)	(-0.0059, 0.0396, -0.0345, -0.9986)	67	5675
146	(-3.6149, -9.3884, 5.2041)	(-0.0034, 0.0467, -0.0386, -0.9982)	67	5742
147	(-3.1242, -12.7949, 2.4111)	(-0.0025, 0.0553, -0.0393, -0.9977)	66	5808
148	(-1.4766, -13.7105, -0.6758)	(-0.0014, 0.0638, -0.0387, -0.9972)	67	5875
149	(-2.1594, -9.7146, 1.3108)	(-0.0005, 0.0678, -0.0396, -0.9969)	67	5941
150	(-2.1749, -2.1191, 3.2285)	(0.0003, 0.0683, -0.0406, -0.9968)	67	6008
151	(-2.5500, 1.5353, 0.6561)	(0.0016, 0.0680, -0.0407, -0.9968)	67	6075
152	(-2.6763, 3.1005, 2.6958)	(0.0035, 0.0659, -0.0423, -0.9969)	66	6141
153	(-1.4503, 0.2787, 1.5306)	(0.0042, 0.0655, -0.0422, -0.9969)	67	6208
154	(-1.0766, -1.2680, 3.0823)	(0.0054, 0.0658, -0.0434, -0.9969)	67	6275
155	(-1.0825, -0.7126, 0.6399)	(0.0064, 0.0661, -0.0441, -0.9968)	67	6341
156	(-0.7772, -0.6957, 1.4281)	(0.0072, 0.0665, -0.0447, -0.9968)	48	6389
157	(-1.3267, -0.0560, 2.7554)	(0.0085, 0.0663, -0.0458, -0.9967)	63	6452
158	(-0.3496, -1.4118, -0.8069)	(0.0092, 0.0662, -0.0457, -0.9967)	67	6519
159	(-0.2895, -1.7504, 0.2352)	(0.0094, 0.0667, -0.0458, -0.9967)	44	6563
160	(-2.0566, -1.3317, 0.1118)	(0.0099, 0.0673, -0.0457, -0.9966)	44	6608
161	(-1.3803, -2.8336, 1.0497)	(0.0108, 0.0688, -0.0463, -0.9965)	67	6674
162	(-0.4663, -3.7467, 1.1226)	(0.0117, 0.0714, -0.0468, -0.9963)	66	6741
163	(-2.1125, -3.6291, 0.8219)	(0.0124, 0.0729, -0.0472, -0.9961)	48	6789
164	(-1.5685, 0.1147, 2.4495)	(0.0134, 0.0733, -0.0482, -0.9961)	63	6852
165	(-2.7241, -0.5415, 2.8894)	(0.0146, 0.0739, -0.0491, -0.9960)	67	6919
166	(-0.2922, -0.0906, 1.0484)	(0.0148, 0.0736, -0.0491, -0.9960)	44	6963
167	(-1.2017, -0.2569, 1.9068)	(0.0154, 0.0737, -0.0494, -0.9959)	44	7007
168	(-1.1432, -0.9968, 1.5554)	(0.0167, 0.0739, -0.0502, -0.9959)	67	7074
169	(-0.6559, 2.5652, 3.2498)	(0.0180, 0.0730, -0.0515, -0.9958)	67	7141
170	(-0.4152, 0.5613, 0.4864)	(0.0188, 0.0726, -0.0518, -0.9958)	67	7207
171	(0.7278, 2.9642, -1.2644)	(0.0192, 0.0710, -0.0516, -0.9960)	67	7274
172	(0.3090, 1.5838, -0.1999)	(0.0197, 0.0701, -0.0514, -0.9960)	66	7341
173	(-0.1084, -0.9645, 0.0358)	(0.0196, 0.0704, -0.0512, -0.9960)	67	7407
174	(-0.7129, -3.1248, -1.1374)	(0.0200, 0.0717, -0.0508, -0.9959)	67	7474
175	(-1.5611, -2.4268, 2.9870)	(0.0207, 0.0734, -0.0520, -0.9957)	67	7541
176	(-0.4193, 1.6389, -0.2561)	(0.0213, 0.0729, -0.0523, -0.9957)	66	7607
177	(-1.2696, 1.2476, 1.3275)	(0.0223, 0.0720, -0.0529, -0.9957)	67	7674
178	(-1.6937, 1.4367, 1.6338)	(0.0231, 0.0709, -0.0537, -0.9958)	67	7740
179	(-0.9633, 0.4636, 1.5883)	(0.0243, 0.0707, -0.0544, -0.9957)	67	7807
180	(-1.1995, -1.4857, 1.4453)	(0.0250, 0.0717, -0.0546, -0.9956)	66	7874
181	(-0.8370, -0.9063, -0.1463)	(0.0254, 0.0722, -0.0549, -0.9956)	67	7940
182	(-0.5367, -0.0160, -0.8345)	(0.0257, 0.0724, -0.0549, -0.9955)	47	7987
183	(0.5564, -1.2199, -0.4473)	(0.0255, 0.0727, -0.0550, -0.9955)	64	8051
184	(-0.1673, -0.9182, -0.7544)	(0.0254, 0.0732, -0.0544, -0.9955)	67	8118
185	(0.6168, -0.2428, -0.5244)	(0.0255, 0.0735, -0.0542, -0.9955)	44	8162
186	(-1.8153, -1.7027, -0.1274)	(0.0266, 0.0741, -0.0544, -0.9954)	67	8229
187	(-1.0199, -0.1519, 1.1719)	(0.0267, 0.0741, -0.0545, -0.9954)	26	8255
188	(-1.6895, 0.2963, 2.3833)	(0.0278, 0.0740, -0.0556, -0.9953)	63	8318
189	(-1.7535, 0.7209, 2.4378)	(0.0288, 0.0739, -0.0562, -0.9953)	44	8362
190	(-2.6089, 0.6473, 1.7096)	(0.0295, 0.0738, -0.0564, -0.9952)	25	8387
191	(-2.9107, -0.0770, 1.8509)	(0.0310, 0.0738, -0.0574, -0.9951)	64	8451
192	(-1.5674, -0.1192, 2.7574)	(0.0313, 0.0738, -0.0579, -0.9951)	22	8473
193	(-0.7126, -0.6777, 2.2799)	(0.0321, 0.0743, -0.0586, -0.9950)	67	8540
194	(0.8652, -0.2209, 0.4984)	(0.0325, 0.0746, -0.0589, -0.9949)	67	8607
195	(0.1917, -0.1951, -0.9531)	(0.0322, 0.0745, -0.0585, -0.9950)	67	8673
196	(0.7967, 0.3994, -1.5733)	(0.0318, 0.0744, -0.0580, -0.9950)	45	8718
197	(0.7985, -0.0806, -1.2604)	(0.0315, 0.0743, -0.0578, -0.9951)	23	8741
198	(-0.2967, 0.1635, -1.0218)	(0.0313, 0.0746, -0.0571, -0.9951)	66	8807
199	(-1.3821, -2.6016, 0.3757)	(0.0314, 0.0758, -0.0568, -0.9950)	67	8873
200	(-0.4727, -0.9343, 1.4949)	(0.0316, 0.0765, -0.0570, -0.9949)	46	8919
201	(-0.7769, -0.8744, 1.3688)	(0.0320, 0.0771, -0.0573, -0.9949)	44	8963
202	(-1.1419, -2.2372, 0.5450)	(0.0323, 0.0777, -0.0574, -0.9948)	24	8987
203	(-1.7499, -2.1120, 0.5442)	(0.0327, 0.0785, -0.0573, -0.9947)	42	9029
204	(-0.2236, -1.9709, 1.4522)	(0.0327, 0.0788, -0.0576, -0.9947)	24	9052
205	(-1.1432, -1.1208, 1.3748)	(0.0336, 0.0796, -0.0585, -0.9945)	65	9117
206	(-1.1430, -1.8722, 0.4804)	(0.0341, 0.0803, -0.0587, -0.9945)	47	9164
207	(-0.6521, 0.1055, 1.9608)	(0.0345, 0.0803, -0.0591, -0.9944)	42	9206
208	(-0.1105, -0.5526, -0.5160)	(0.0345, 0.0804, -0.0589, -0.9944)	48	9254
209	(-0.9068, 1.0769, -1.0957)	(0.0343, 0.0801, -0.0582, -0.9945)	64	9318
210	(-0.3536, 0.0446, -0.9564)	(0.0341, 0.0800, -0.0581, -0.9945)	66	9384
211	(-1.1455, -1.1475, 0.1054)	(0.0345, 0.0806, -0.0581, -0.9945)	44	9428
212	(-1.0166, -1.1797, 1.5587)	(0.0351, 0.0816, -0.0588, -0.9943)	67	9495
213	(-1.0795, -1.8029, 0.7820)	(0.0358, 0.0827, -0.0591, -0.9942)	66	9562
214	(-0.1699, 0.7957, 0.1835)	(0.0361, 0.0824, -0.0593, -0.9942)	67	9628
215	(0.8568, 2.2436, -0.7010)	(0.0358, 0.0815, -0.0585, -0.9943)	66	9695
216	(0.1843, 1.7805, -2.2686)	(0.0355, 0.0803, -0.0576, -0.9945)	67	9762
217	(-0.4751, -0.5263, 0.7545)	(0.0351, 0.0804, -0.0572, -0.9945)	66	9828
218	(-0.7092, -3.3949, 0.4469)	(0.0355, 0.0817, -0.0578, -0.9943)	67	9895
219	(-0.7762, -1.0548, 1.4983)	(0.0360, 0.0823, -0.0581, -0.9943)	48	9943
220	(-1.0253, 1.1570, -0.0043)	(0.0364, 0.0820, -0.0585, -0.9943)	63	10006
221	(1.7710, 0.9568, -0.9810)	(0.0362, 0.0809, -0.0581, -0.9944)	66	10072
222	(-0.6594, 1.2114, -0.4298)	(0.0364, 0.0805, -0.0579, -0.9944)	47	10119
223	(0.3126, 0.1180, -0.2276)	(0.0362, 0.0803, -0.0579, -0.9944)	64	10184
224	(0.7399, -1.5961, -0.9265)	(0.0361, 0.0806, -0.0578, -0.9944)	44	10228
225	(0.9826, -0.1966, -1.0755)	(0.0361, 0.0810, -0.0578, -0.9944)	67	10294
226	(-0.5365, -0.1317, -0.8893)	(0.0359, 0.0809, -0.0574, -0.9944)	67	10361
227	(1.7084, 2.2794, -2.0429)	(0.0353, 0.0799, -0.0569, -0.9945)	44	10406
228	(0.7337, 1.4012, -0.1975)	(0.0353, 0.0796, -0.0564, -0.9946)	48	10454
229	(1.5320, -0.0250, -1.3838)	(0.0346, 0.0788, -0.0561, -0.9947)	63	10517
230	(4.6966, 0.9142, -3.1797)	(0.0328, 0.0784, -0.0550, -0.9949)	44	10561
231	(4.7528, 3.1556, -3.8371)	(0.0302, 0.0769, -0.0531, -0.9952)	67	10628
232	(14.6140, 12.6850, -3.0800)	(0.0186, 0.0661, -0.0516, -0.9963)	67	10694
233	(27.2235, 33.9952, -16.0287)	(0.0004, 0.0405, -0.0417, -0.9983)	66	10761
234	(29.2092, 48.1035, -11.2677)	(-0.0159, 0.0077, -0.0377, -0.9991)	67	10828
235	(20.9763, 44.3953, -16.4603)	(-0.0209, -0.0093, -0.0296, -0.9993)	44	10872
236	(8.1091, 39.7195, -17.8556)	(-0.0198, -0.0231, -0.0228, -0.9993)	46	10918
237	(16.6619, 37.3450, -15.3330)	(-0.0305, -0.0465, -0.0150, -0.9983)	65	10983
238	(11.9914, 25.4637, -18.0029)	(-0.0335, -0.0529, -0.0066, -0.9980)	45	11027
239	(-13.3018, 0.2355, -8.5304)	(-0.0204, -0.0451, -0.0067, -0.9988)	45	11072
240	(-14.0740, -24.0119, 2.8524)	(-0.0104, -0.0242, -0.0114, -0.9996)	66	11138
241	(-20.1296, -38.2303, 10.5191)	(-0.0016, -0.0038, -0.0177, -0.9998)	48	11186
242	(-22.6149, -42.2676, 12.7416)	(0.0123, 0.0227, -0.0263, -0.9993)	63	11249
243	(-14.9565, -35.3316, 6.2466)	(0.0193, 0.0425, -0.0283, -0.9985)	67	11316
244	(-11.8157, -25.9519, 3.0050)	(0.0228, 0.0498, -0.0281, -0.9981)	45	11361
245	(-9.9910, -22.4287, 2.4996)	(0.0240, 0.0528, -0.0284, -0.9979)	23	11384
246	(-6.3704, -13.7653, -5.7115)	(0.0256, 0.0559, -0.0236, -0.9978)	43	11427
247	(1.5922, -6.2525, -8.2031)	(0.0227, 0.0553, -0.0204, -0.9980)	45	11472
248	(6.8617, 10.0276, -7.3283)	(0.0167, 0.0460, -0.0148, -0.9987)	67	11538
249	(12.5154, 20.1229, -5.5405)	(0.0083, 0.0317, -0.0126, -0.9994)	67	11605
250	(10.8032, 23.9647, -2.3866)	(0.0050, 0.0212, -0.0123, -0.9997)	48	11653
251	(22.7463, 29.9385, -2.9025)	(-0.0106, 0.0013, -0.0132, -0.9999)	63	11716
252	(19.3966, 23.3399, -6.4780)	(-0.0177, -0.0057, -0.0096, -0.9998)	45	11761
253	(5.6610, 4.2487, -4.1650)	(-0.0169, -0.0039, -0.0081, -0.9998)	66	11827
254	(-1.9845, -7.4921, -0.2505)	(-0.0148, 0.0018, -0.0074, -0.9999)	67	11894
255	(-7.2812, -4.8582, 6.6453)	(-0.0106, 0.0045, -0.0118, -0.9999)	44	11938
256	(-10.0899, -5.7930, 5.6369)	(-0.0022, 0.0091, -0.0156, -0.9998)	67	12005
257	(-10.3339, -8.5207, 3.3186)	(0.0017, 0.0136, -0.0162, -0.9998)	47	12052
258	(-7.7177, -3.7383, 4.6733)	(0.0044, 0.0143, -0.0189, -0.9997)	64	12116
259	(-8.3254, -4.4289, 3.7165)	(0.0092, 0.0178, -0.0206, -0.9996)	67	12182
260	(-7.9640, -6.3104, 1.3164)	(0.0117, 0.0208, -0.0207, -0.9995)	44	12227
261	(-8.5680, -8.3943, 0.5136)	(0.0169, 0.0263, -0.0211, -0.9993)	67	12293
262	(-10.3249, -15.2480, -0.8648)	(0.0232, 0.0366, -0.0203, -0.9989)	67	12360
263	(-12.3833, -17.3835, 2.2276)	(0.0312, 0.0478, -0.0220, -0.9981)	67	12427
264	(-2.5764, -6.8096, 9.1077)	(0.0313, 0.0497, -0.0283, -0.9979)	67	12493
265	(2.3829, 6.3933, 5.4748)	(0.0295, 0.0449, -0.0289, -0.9981)	44	12538
266	(8.4581, 27.3911, -10.2401)	(0.0223, 0.0232, -0.0212, -0.9993)	67	12604
267	(-2.8363, 29.7404, -16.5239)	(0.0273, 0.0109, -0.0112, -0.9995)	47	12651
268	(3.3699, 37.2382, -10.9098)	(0.0246, -0.0134, -0.0049, -0.9996)	64	12715
269	(12.0540, 35.6847, -1.4652)	(0.0175, -0.0267, -0.0075, -0.9995)	44	12760
270	(16.2758, 28.5089, -6.8132)	(0.0095, -0.0356, -0.0029, -0.9993)	44	12804
271	(12.8156, 19.2030, -8.7492)	(0.0052, -0.0401, 0.0007, -0.9992)	44	12849
272	(-4.9342, -1.1520, -5.6039)	(0.0110, -0.0348, 0.0016, -0.9993)	67	12915
273	(-13.1173, -19.5123, -0.7077)	(0.0198, -0.0212, 0.0011, -0.9996)	44	12960
274	(-17.4012, -34.3562, 6.2342)	(0.0318, 0.0029, -0.0050, -0.9995)	67	13026
275	(-13.2485, -35.2692, 6.1202)	(0.0358, 0.0173, -0.0076, -0.9992)	44	13071
276	(-18.6021, -40.3315, 9.0353)	(0.0439, 0.0344, -0.0122, -0.9984)	47	13118
277	(-23.1623, -46.5572, 8.5679)	(0.0591, 0.0640, -0.0176, -0.9960)	67	13185
278	(-17.1907, -42.6297, 9.6267)	(0.0643, 0.0791, -0.0220, -0.9945)	41	13226
279	(3.0053, -15.4517, 17.7890)	(0.0595, 0.0819, -0.0355, -0.9942)	67	13293
280	(23.5034, 28.1432, 10.2143)	(0.0417, 0.0550, -0.0392, -0.9968)	67	13359
281	(22.8497, 59.4736, -6.1181)	(0.0290, 0.0113, -0.0304, -0.9991)	67	13426
282	(20.0281, 59.0790, -13.2868)	(0.0225, -0.0121, -0.0221, -0.9994)	44	13470
283	(19.0174, 46.9156, -15.1667)	(0.0161, -0.0262, -0.0147, -0.9994)	44	13515
284	(17.0720, 15.8462, -21.1133)	(0.0050, -0.0296, -0.0010, -0.9996)	67	13581
285	(9.1877, -1.5715, -20.6761)	(0.0062, -0.0223, 0.0029, -0.9997)	26	13607
286	(0.4355, -14.4480, -18.4459)	(0.0095, -0.0144, 0.0055, -0.9998)	21	13628
287	(-6.0524, -25.4455, -13.8175)	(0.0134, -0.0049, 0.0061, -0.9999)	20	13648
288	(-14.1233, -36.7638, -6.9299)	(0.0196, 0.0071, 0.0044, -0.9998)	22	13670
289	(-21.2920, -43.4829, 1.1381)	(0.0268, 0.0183, 0.0005, -0.9995)	22	13693
290	(-23.9575, -47.2997, 5.4217)	(0.0325, 0.0291, -0.0025, -0.9990)	22	13715
291	(-22.6701, -50.4518, 5.9677)	(0.0364, 0.0403, -0.0041, -0.9985)	23	13738
292	(-18.7646, -52.3748, 4.1072)	(0.0383, 0.0512, -0.0043, -0.9979)	21	13759
293	(-20.1007, -54.5703, 4.0296)	(0.0427, 0.0627, -0.0053, -0.9971)	22	13782
294	(-21.7338, -59.7601, 3.6527)	(0.0475, 0.0764, -0.0061, -0.9959)	22	13804
295	(-25.6320, -62.6406, 2.9957)	(0.0541, 0.0897, -0.0066, -0.9945)	23	13827
296	(-28.0110, -62.2645, 3.6015)	(0.0604, 0.1016, -0.0074, -0.9930)	24	13850
297	(-23.0011, -57.3116, 12.9258)	(0.0634, 0.1104, -0.0140, -0.9918)	21	13872
298	(-16.1856, -48.7371, 17.7212)	(0.0644, 0.1160, -0.0197, -0.9910)	21	13892
299	(-4.9835, -34.3255, 21.6596)	(0.0612, 0.1162, -0.0259, -0.9910)	22	13915
300	(11.8016, -13.4088, 24.5980)	(0.0526, 0.1096, -0.0326, -0.9920)	22	13937
301	(26.9953, 8.2081, 23.6314)	(0.0418, 0.0986, -0.0374, -0.9935)	22	13959
302	(36.7985, 31.5486, 11.8685)	(0.0307, 0.0826, -0.0351, -0.9955)	22	13981
303	(38.1403, 47.6215, -0.1464)	(0.0226, 0.0665, -0.0302, -0.9971)	22	14004
304	(35.2178, 60.6927, -12.5746)	(0.0168, 0.0493, -0.0223, -0.9984)	22	14026
305	(24.2057, 64.4341, -22.3539)	(0.0166, 0.0353, -0.0134, -0.9992)	22	14048
306	(12.8564, 61.2426, -28.6517)	(0.0188, 0.0247, -0.0047, -0.9995)	22	14070
307	(6.2842, 49.8111, -35.9473)	(0.0200, 0.0198, 0.0055, -0.9996)	24	14094
308	(-0.0352, 38.3930, -39.9032)	(0.0222, 0.0172, 0.0151, -0.9995)	21	14115
309	(-4.2571, 20.8408, -37.1000)	(0.0246, 0.0205, 0.0212, -0.9993)	22	14137
310	(-12.3118, -1.4970, -33.2796)	(0.0302, 0.0300, 0.0260, -0.9988)	22	14159
311	(-22.3696, -19.5439, -21.8057)	(0.0389, 0.0413, 0.0255, -0.9981)	22	14181
312	(-25.6638, -35.2797, -11.0675)	(0.0456, 0.0546, 0.0230, -0.9972)	22	14203
313	(-26.5466, -43.0325, -2.9915)	(0.0516, 0.0659, 0.0198, -0.9963)	22	14226
314	(-22.0716, -46.5484, 3.2044)	(0.0544, 0.0762, 0.0164, -0.9955)	22	14248
315	(-16.8163, -47.9377, 6.5062)	(0.0557, 0.0860, 0.0134, -0.9946)	22	14270
316	(-10.7662, -43.2021, 16.8672)	(0.0558, 0.0920, 0.0055, -0.9942)	22	14292
317	(-4.7820, -39.0047, 25.0426)	(0.0552, 0.0975, -0.0031, -0.9937)	22	14314
318	(2.0282, -31.8034, 28.2239)	(0.0527, 0.1005, -0.0103, -0.9935)	22	14337
319	(12.6265, -21.1043, 32.3018)	(0.0466, 0.0999, -0.0188, -0.9937)	22	14359
320	(22.3086, -8.9496, 38.9673)	(0.0393, 0.0960, -0.0298, -0.9942)	22	14381
321	(31.3737, 4.0906, 41.7841)	(0.0305, 0.0891, -0.0398, -0.9948)	22	14403
322	(36.4487, 18.5576, 34.2926)	(0.0218, 0.0790, -0.0438, -0.9957)	22	14426
323	(37.7370, 32.7974, 24.9290)	(0.0143, 0.0663, -0.0450, -0.9967)	22	14448
324	(33.2366, 40.9126, 11.2669)	(0.0098, 0.0549, -0.0414, -0.9976)	22	14470
325	(21.8611, 45.2522, 1.1047)	(0.0103, 0.0443, -0.0372, -0.9983)	22	14492
326	(11.1592, 45.3679, -10.1813)	(0.0124, 0.0356, -0.0302, -0.9988)	22	14514
327	(-0.4843, 37.7689, -20.2851)	(0.0173, 0.0318, -0.0217, -0.9991)	22	14537
328	(-4.7530, 33.1506, -25.1735)	(0.0197, 0.0276, -0.0143, -0.9993)	22	14559
329	(-7.9861, 30.4580, -28.6393)	(0.0225, 0.0230, -0.0069, -0.9995)	22	14581
330	(-10.5318, 21.8099, -31.1976)	(0.0254, 0.0226, 0.0003, -0.9994)	22	14603
331	(-14.4726, 11.8332, -30.4357)	(0.0297, 0.0247, 0.0061, -0.9992)	22	14625
332	(-19.2036, 1.3012, -29.9063)	(0.0354, 0.0292, 0.0118, -0.9989)	22	14648
333	(-22.7721, -7.9237, -25.2651)	(0.0412, 0.0347, 0.0148, -0.9984)	22	14670
334	(-25.0503, -16.6991, -16.7410)	(0.0470, 0.0414, 0.0145, -0.9979)	22	14692
335	(-23.9826, -21.9277, -7.6862)	(0.0513, 0.0478, 0.0122, -0.9975)	22	14714
336	(-19.5051, -28.6759, -1.4195)	(0.0533, 0.0561, 0.0096, -0.9970)	22	14737
337	(-12.7639, -35.9250, 3.7580)	(0.0530, 0.0658, 0.0062, -0.9964)	22	14759
338	(-13.4692, -46.3154, 5.0621)	(0.0561, 0.0789, 0.0042, -0.9953)	22	14781
339	(-17.8358, -53.9955, 8.0958)	(0.0616, 0.0924, 0.0012, -0.9938)	22	14803
340	(-22.4581, -59.3330, 9.3095)	(0.0681, 0.1061, -0.0015, -0.9920)	23	14826
341	(-27.5788, -60.9830, 9.5409)	(0.0758, 0.1185, -0.0034, -0.9900)	22	14847
342	(-30.8760, -58.6761, 9.2009)	(0.0833, 0.1288, -0.0050, -0.9882)	22	14870
343	(-25.0942, -50.3114, 12.7909)	(0.0862, 0.1349, -0.0089, -0.9871)	22	14892
344	(-14.6807, -35.7407, 21.3505)	(0.0857, 0.1351, -0.0168, -0.9870)	22	14914
345	(0.5376, -20.2279, 28.4240)	(0.0804, 0.1319, -0.0259, -0.9877)	22	14936
346	(17.2692, -0.8997, 28.2255)	(0.0707, 0.1233, -0.0320, -0.9893)	22	14959
347	(37.4579, 21.1738, 22.5499)	(0.0553, 0.1095, -0.0350, -0.9918)	22	14981
348	(49.0911, 43.8363, 10.5492)	(0.0409, 0.0913, -0.0324, -0.9945)	22	15003
349	(50.7427, 59.2888, 0.8570)	(0.0303, 0.0733, -0.0285, -0.9964)	22	15025
350	(45.5229, 68.5050, -6.6700)	(0.0236, 0.0561, -0.0239, -0.9979)	22	15047
351	(39.7590, 74.2263, -12.4317)	(0.0183, 0.0392, -0.0190, -0.9989)	22	15070
352	(32.7272, 73.7941, -20.8629)	(0.0146, 0.0251, -0.0112, -0.9995)	22	15092
353	(26.4035, 66.2732, -21.8540)	(0.0121, 0.0155, -0.0062, -0.9998)	22	15114
354	(23.8731, 53.9856, -21.1069)	(0.0086, 0.0105, -0.0026, -0.9999)	22	15136
355	(20.7206, 40.5254, -26.5526)	(0.0058, 0.0085, 0.0048, -0.9999)	22	15158
356	(17.0244, 30.4619, -26.9452)	(0.0040, 0.0070, 0.0103, -0.9999)	22	15181
357	(8.6542, 15.5047, -19.4342)	(0.0057, 0.0105, 0.0111, -0.9999)	22	15203
358	(-2.7649, 3.1149, -14.0367)	(0.0109, 0.0151, 0.0116, -0.9998)	22	15225
359	(-12.3647, -8.8676, -7.0740)	(0.0175, 0.0218, 0.0102, -0.9996)	22	15247
360	(-18.8570, -19.4721, -1.1779)	(0.0241, 0.0300, 0.0079, -0.9992)	22	15270
361	(-21.9290, -29.4696, 4.2612)	(0.0299, 0.0399, 0.0047, -0.9987)	22	15292
362	(-20.9334, -35.2438, 7.7841)	(0.0336, 0.0490, 0.0017, -0.9982)	22	15314
363	(-21.1649, -38.7692, 11.0822)	(0.0378, 0.0580, -0.0019, -0.9976)	22	15336
364	(-18.4110, -40.6193, 12.7589)	(0.0403, 0.0667, -0.0052, -0.9969)	22	15358
365	(-18.3466, -39.2255, 15.3449)	(0.0441, 0.0736, -0.0093, -0.9963)	22	15381
366	(-21.8284, -39.3754, 14.1397)	(0.0498, 0.0811, -0.0115, -0.9954)	22	15403
367	(-24.5163, -37.1797, 14.4694)	(0.0559, 0.0872, -0.0142, -0.9945)	22	15425
368	(-23.9091, -32.1731, 17.8963)	(0.0606, 0.0911, -0.0189, -0.9938)	22	15447
369	(-18.7483, -24.4562, 16.5700)	(0.0625, 0.0926, -0.0215, -0.9935)	23	15470
370	(-13.2174, -16.8980, 13.6613)	(0.0631, 0.0928, -0.0230, -0.9934)	22	15492
371	(-6.5919, -6.8335, 13.9252)	(0.0619, 0.0898, -0.0256, -0.9937)	22	15514
372	(4.6546, 5.2339, 13.8949)	(0.0567, 0.0836, -0.0283, -0.9945)	23	15537
373	(15.2914, 22.7935, 14.0588)	(0.0500, 0.0719, -0.0311, -0.9957)	23	15560
374	(21.9033, 32.8888, 7.0743)	(0.0431, 0.0615, -0.0297, -0.9967)	21	15581
375	(29.2956, 44.6802, -3.4019)	(0.0342, 0.0480, -0.0246, -0.9980)	23	15604
376	(32.2623, 53.2194, -5.7794)	(0.0269, 0.0340, -0.0224, -0.9988)	21	15625
377	(33.8347, 58.4958, -4.0027)	(0.0199, 0.0203, -0.0221, -0.9994)	22	15647
378	(32.8472, 57.4085, -12.3755)	(0.0139, 0.0097, -0.0160, -0.9997)	22	15669
379	(28.0968, 48.6542, -19.8563)	(0.0104, 0.0039, -0.0089, -0.9999)	22	15692
380	(19.2909, 29.0517, -24.7325)	(0.0101, 0.0064, -0.0021, -0.9999)	22	15714
381	(8.6632, 6.3326, -26.9205)	(0.0127, 0.0146, 0.0039, -0.9998)	22	15736
382	(0.6181, -17.5327, -23.0693)	(0.0158, 0.0281, 0.0068, -0.9995)	22	15758
383	(-8.2316, -31.6536, -13.3199)	(0.0210, 0.0403, 0.0053, -0.9990)	22	15780
384	(-18.3094, -43.2823, -3.9259)	(0.0287, 0.0534, 0.0021, -0.9982)	22	15803
385	(-27.7393, -52.9830, -1.1456)	(0.0380, 0.0676, 0.0011, -0.9970)	23	15826
386	(-37.3075, -54.1743, 3.4658)	(0.0493, 0.0786, -0.0013, -0.9957)	21	15847
387	(-39.6853, -52.0935, 7.0233)	(0.0584, 0.0877, -0.0041, -0.9944)	22	15869
388	(-39.9400, -45.3642, 8.5931)	(0.0664, 0.0937, -0.0062, -0.9934)	22	15891
389	(-35.6324, -38.2611, 6.9786)	(0.0716, 0.0981, -0.0067, -0.9926)	22	15914
390	(-27.7927, -26.8974, 5.2620)	(0.0739, 0.0987, -0.0069, -0.9924)	24	15937
391	(-17.1423, -16.7645, 5.8159)	(0.0729, 0.0977, -0.0083, -0.9925)	21	15958
392	(-9.4126, -8.2841, 5.8053)	(0.0716, 0.0956, -0.0094, -0.9928)	23	15981
393	(-5.1575, -3.3285, 3.8681)	(0.0696, 0.0935, -0.0086, -0.9931)	22	16003
394	(-4.5576, -2.0389, 1.4663)	(0.0700, 0.0934, -0.0085, -0.9931)	23	16026
395	(-5.2397, 0.3961, -1.3724)	(0.0711, 0.0931, -0.0077, -0.9931)	23	16049
396	(-3.1051, 1.9814, -1.2333)	(0.0713, 0.0926, -0.0075, -0.9931)	21	16070
397	(-3.6574, 2.8999, -1.0671)	(0.0722, 0.0917, -0.0071, -0.9931)	22	16091
398	(-3.1100, 5.2465, 0.5258)	(0.0729, 0.0901, -0.0073, -0.9932)	22	16113
399	(-1.8929, 5.3889, -1.4829)	(0.0729, 0.0892, -0.0066, -0.9933)	22	16136
400	(-0.5500, 4.9067, -1.3570)	(0.0728, 0.0885, -0.0064, -0.9934)	22	16158
401	(-0.4256, 3.1981, -1.5059)	(0.0728, 0.0884, -0.0061, -0.9934)	22	16180
402	(-0.4860, 2.2922, -1.3045)	(0.0729, 0.0882, -0.0059, -0.9934)	22	16202
403	(-1.0909, 1.5694, -0.8019)	(0.0731, 0.0880, -0.0058, -0.9934)	22	16225
404	(0.6799, -1.1207, -1.7253)	(0.0729, 0.0882, -0.0055, -0.9934)	22	16247
405	(1.0435, -2.0345, -1.6508)	(0.0728, 0.0886, -0.0052, -0.9934)	22	16269
406	(0.8670, -3.2095, -2.5361)	(0.0726, 0.0893, -0.0048, -0.9933)	22	16291
407	(-0.0447, -3.2132, -2.6592)	(0.0725, 0.0900, -0.0044, -0.9933)	22	16313
408	(0.0815, -4.3355, -1.0524)	(0.0725, 0.0910, -0.0044, -0.9932)	22	16335
409	(-0.7059, -5.6116, -0.7212)	(0.0727, 0.0923, -0.0044, -0.9931)	22	16358
410	(-0.3416, -3.1973, 1.1111)	(0.0727, 0.0923, -0.0046, -0.9931)	22	16380
411	(0.5631, -3.1448, 0.5583)	(0.0726, 0.0928, -0.0046, -0.9930)	22	16402
412	(0.6884, -2.2768, 1.2726)	(0.0725, 0.0933, -0.0048, -0.9930)	23	16425
413	(0.4402, -3.1742, -0.8309)	(0.0724, 0.0940, -0.0047, -0.9929)	22	16447
414	(1.0434, -1.3459, -0.7494)	(0.0722, 0.0943, -0.0047, -0.9929)	22	16469
415	(0.9828, 0.8662, 0.4762)	(0.0721, 0.0942, -0.0047, -0.9929)	22	16491
416	(-0.1729, 1.8916, 0.0413)	(0.0720, 0.0939, -0.0046, -0.9930)	22	16513
417	(0.6092, 3.9865, 1.0837)	(0.0718, 0.0928, -0.0049, -0.9931)	22	16535
418	(2.0087, 4.9957, -0.2737)	(0.0713, 0.0916, -0.0047, -0.9932)	22	16558
419	(0.1784, 4.9114, -1.1761)	(0.0716, 0.0907, -0.0044, -0.9933)	23	16580
420	(2.3752, 4.0487, -1.7773)	(0.0708, 0.0901, -0.0041, -0.9934)	22	16602
421	(1.5188, 4.7107, -2.0913)	(0.0706, 0.0892, -0.0036, -0.9935)	22	16624
422	(0.6075, 3.0894, -1.0205)	(0.0706, 0.0891, -0.0036, -0.9935)	22	16646
423	(0.6073, 2.8332, -1.5016)	(0.0704, 0.0886, -0.0032, -0.9936)	22	16669
424	(-0.4840, 1.3730, -1.4690)	(0.0704, 0.0884, -0.0031, -0.9936)	23	16691
425	(-0.7205, 0.7925, 0.0651)	(0.0705, 0.0881, -0.0030, -0.9936)	22	16713
426	(0.8643, -0.1725, 0.0799)	(0.0704, 0.0880, -0.0030, -0.9936)	22	16735
427	(0.4391, -1.3725, 1.0149)	(0.0704, 0.0882, -0.0031, -0.9936)	22	16757
428	(1.3578, -3.2978, -0.7739)	(0.0700, 0.0891, -0.0030, -0.9936)	22	16780
429	(0.2601, -4.7014, -1.0455)	(0.0700, 0.0903, -0.0028, -0.9934)	22	16802
430	(0.5582, -2.5124, -1.2107)	(0.0699, 0.0904, -0.0027, -0.9934)	22	16824
431	(-0.4137, -1.6713, -1.7110)	(0.0699, 0.0908, -0.0024, -0.9934)	22	16846
432	(-0.4741, -2.8297, -1.8133)	(0.0700, 0.0915, -0.0020, -0.9933)	23	16869
433	(1.4703, -1.3812, -2.4546)	(0.0698, 0.0918, -0.0017, -0.9933)	22	16891
434	(0.8643, -2.2396, -2.6815)	(0.0696, 0.0923, -0.0013, -0.9933)	23	16914
435	(-0.5311, -2.7019, -1.4496)	(0.0697, 0.0927, -0.0011, -0.9933)	24	16938
436	(0.1974, -2.2610, -0.6655)	(0.0697, 0.0930, -0.0010, -0.9932)	20	16958
437	(0.0215, -3.1760, -0.8925)	(0.0698, 0.0936, -0.0008, -0.9932)	22	16980
438	(-0.2877, -1.9182, 0.9651)	(0.0699, 0.0938, -0.0011, -0.9931)	22	17002
439	(-0.0973, -3.9101, 2.0401)	(0.0699, 0.0948, -0.0016, -0.9930)	22	17024
440	(-1.0109, -3.6819, 1.2430)	(0.0701, 0.0953, -0.0018, -0.9930)	22	17046
441	(-1.0104, -4.1771, 0.8297)	(0.0702, 0.0960, -0.0020, -0.9929)	22	17068
442	(-0.4646, -4.2278, 1.3783)	(0.0704, 0.0968, -0.0023, -0.9928)	22	17090
443	(-0.1544, -4.4677, 1.3822)	(0.0706, 0.0975, -0.0026, -0.9927)	22	17113
444	(-0.9578, -2.0996, 1.0908)	(0.0709, 0.0976, -0.0027, -0.9927)	22	17135
445	(-0.9601, -0.8719, 1.4951)	(0.0711, 0.0977, -0.0029, -0.9927)	22	17157
446	(-0.6528, -0.7148, 0.5128)	(0.0712, 0.0978, -0.0030, -0.9927)	22	17179
447	(-1.2078, 1.2336, 0.6583)	(0.0714, 0.0977, -0.0031, -0.9926)	22	17202
448	(-1.1511, 1.1607, 0.1790)	(0.0716, 0.0975, -0.0032, -0.9927)	22	17224
449	(-0.4191, 2.2072, 0.6363)	(0.0719, 0.0971, -0.0034, -0.9927)	22	17246
450	(-0.2317, 0.4974, 0.4300)	(0.0719, 0.0970, -0.0035, -0.9927)	22	17268
451	(0.3114, 1.3582, 0.7771)	(0.0719, 0.0968, -0.0036, -0.9927)	22	17290
452	(0.5557, 0.1449, 1.0411)	(0.0718, 0.0968, -0.0037, -0.9927)	22	17313
453	(0.9211, -0.4910, -0.6461)	(0.0718, 0.0969, -0.0037, -0.9927)	22	17335
454	(0.0155, 0.5054, 0.7952)	(0.0719, 0.0969, -0.0037, -0.9927)	22	17357
455	(0.0712, 0.3637, -0.2318)	(0.0718, 0.0969, -0.0036, -0.9927)	22	17379
456	(1.8366, -0.0743, -1.0233)	(0.0714, 0.0969, -0.0034, -0.9927)	22	17401
457	(0.7339, -0.4692, -2.5910)	(0.0711, 0.0970, -0.0029, -0.9927)	22	17424
458	(0.9186, -0.5846, -2.1029)	(0.0708, 0.0971, -0.0026, -0.9927)	22	17446
459	(0.4305, 0.1541, -1.5100)	(0.0707, 0.0971, -0.0024, -0.9928)	22	17468
460	(-0.2929, -1.0417, -0.6314)	(0.0707, 0.0972, -0.0024, -0.9927)	22	17490
461	(0.4974, -0.6733, -0.5783)	(0.0706, 0.0974, -0.0023, -0.9927)	22	17512
462	(0.0753, -1.5917, -0.6786)	(0.0705, 0.0977, -0.0023, -0.9927)	22	17535
463	(0.1968, -0.9489, 0.7610)	(0.0706, 0.0979, -0.0024, -0.9927)	23	17557
464	(-1.6886, -1.9428, -0.1229)	(0.0709, 0.0983, -0.0023, -0.9926)	22	17579
465	(-0.2917, -1.7760, -0.9828)	(0.0709, 0.0985, -0.0022, -0.9926)	22	17601
466	(-2.1838, -1.0324, -0.0769)	(0.0712, 0.0988, -0.0022, -0.9926)	22	17623
467	(0.3190, -2.1170, 0.1836)	(0.0711, 0.0992, -0.0024, -0.9925)	25	17649
468	(0.1968, -1.5134, 0.0459)	(0.0712, 0.0994, -0.0025, -0.9925)	23	17672
469	(-0.0463, -0.8520, -0.3328)	(0.0713, 0.0995, -0.0025, -0.9925)	21	17693
470	(-0.4143, 0.7611, 1.2775)	(0.0714, 0.0994, -0.0027, -0.9925)	20	17713
471	(-0.1132, 0.6056, -0.4192)	(0.0715, 0.0994, -0.0027, -0.9925)	24	17737
472	(-0.6000, -0.0784, -1.0733)	(0.0715, 0.0993, -0.0025, -0.9925)	22	17759
473	(-0.4803, 1.1628, 0.2399)	(0.0716, 0.0992, -0.0024, -0.9925)	21	17780
474	(-0.4107, -0.3227, 1.7227)	(0.0717, 0.0993, -0.0026, -0.9925)	21	17801
475	(-0.7778, -0.0136, 2.0207)	(0.0719, 0.0992, -0.0030, -0.9925)	22	17823
476	(-0.4737, 0.0492, 2.2646)	(0.0721, 0.0991, -0.0035, -0.9925)	27	17851
477	(-1.6910, -0.7222, 0.2186)	(0.0725, 0.0993, -0.0035, -0.9924)	40	17890
478	(-0.4764, -1.7318, -1.5895)	(0.0726, 0.0996, -0.0033, -0.9924)	22	17912

