Missile Rate 1.00 Missile Speed 0.20 
Line_#	VR_Velocity	VR_Orientation	DeltaTime	TotalTime
0	(0.2807, 13.5425, 0.7147)	(-0.2086, -0.1024, 0.0040, -0.9726)	0	0
1	(-25.7339, -22.6979, 2.0651)	(-0.1979, -0.0951, 0.0035, -0.9756)	10	10
2	(-32.3757, -26.3076, 1.7340)	(-0.1801, -0.0805, 0.0037, -0.9803)	15	25
3	(-45.4802, -35.3957, -3.7018)	(-0.1629, -0.0682, 0.0073, -0.9843)	28	54
4	(-54.0481, -48.3857, -1.1609)	(-0.1494, -0.0545, 0.0078, -0.9872)	34	88
5	(-53.9847, -49.0716, -1.9367)	(-0.1390, -0.0451, 0.0093, -0.9892)	22	110
6	(-54.2322, -49.9018, -3.5668)	(-0.1389, -0.0449, 0.0100, -0.9892)	12	122
7	(-56.0698, -47.2436, -4.7076)	(-0.1330, -0.0413, 0.0110, -0.9902)	9	131
8	(-58.0223, -47.0949, -6.2265)	(-0.1267, -0.0370, 0.0123, -0.9912)	10	141
9	(-61.3725, -50.4426, -5.7258)	(-0.1198, -0.0315, 0.0132, -0.9922)	11	152
10	(-63.5602, -53.9867, -6.1971)	(-0.1130, -0.0256, 0.0144, -0.9932)	11	163
11	(-65.8085, -58.2555, -6.2875)	(-0.1059, -0.0190, 0.0156, -0.9941)	11	174
12	(-68.8441, -64.7369, -7.3035)	(-0.0983, -0.0112, 0.0173, -0.9949)	11	185
13	(-72.6196, -68.0921, -7.4078)	(-0.0901, -0.0040, 0.0186, -0.9957)	11	196
14	(-75.4183, -70.4850, -8.0779)	(-0.0893, -0.0033, 0.0189, -0.9958)	11	207
15	(-79.5667, -74.6639, -12.4892)	(-0.0807, 0.0043, 0.0216, -0.9965)	11	218
16	(-82.0017, -78.9115, -14.2842)	(-0.0721, 0.0123, 0.0240, -0.9970)	11	229
17	(-84.4217, -87.1813, -16.5473)	(-0.0632, 0.0218, 0.0268, -0.9974)	11	240
18	(-83.4358, -92.3795, -17.4809)	(-0.0551, 0.0313, 0.0295, -0.9976)	11	251
19	(-82.0728, -100.2807, -16.5934)	(-0.0470, 0.0422, 0.0319, -0.9975)	11	262
20	(-79.1306, -105.8974, -17.3984)	(-0.0397, 0.0532, 0.0345, -0.9972)	11	273
21	(-74.4806, -109.4446, -15.6988)	(-0.0330, 0.0642, 0.0366, -0.9967)	11	284
22	(-68.4925, -111.8466, -14.3293)	(-0.0272, 0.0752, 0.0385, -0.9961)	11	295
23	(-61.8367, -111.8974, -11.4247)	(-0.0222, 0.0858, 0.0398, -0.9953)	11	306
24	(-56.6454, -113.5463, -9.0327)	(-0.0173, 0.0969, 0.0409, -0.9943)	11	318
25	(-53.5873, -114.8321, -6.3958)	(-0.0123, 0.1080, 0.0417, -0.9932)	11	329
26	(-49.6739, -115.3455, -5.1842)	(-0.0079, 0.1191, 0.0426, -0.9919)	11	340
27	(-46.1943, -115.9684, -3.1683)	(-0.0036, 0.1301, 0.0431, -0.9906)	11	351
28	(-43.5704, -113.9830, -1.4541)	(0.0006, 0.1405, 0.0435, -0.9891)	11	362
29	(-40.5350, -107.5627, -0.6199)	(0.0043, 0.1495, 0.0438, -0.9878)	11	373
30	(-37.2512, -101.3142, 1.0121)	(0.0078, 0.1580, 0.0438, -0.9864)	11	384
31	(-36.6575, -95.4562, 1.3785)	(0.0116, 0.1659, 0.0441, -0.9851)	11	395
32	(-34.3535, -89.8923, 2.3522)	(0.0148, 0.1733, 0.0441, -0.9838)	11	406
33	(-33.3806, -86.1552, 3.3666)	(0.0183, 0.1807, 0.0441, -0.9824)	11	417
34	(-31.3127, -82.2869, 4.5640)	(0.0213, 0.1877, 0.0437, -0.9810)	11	428
35	(-29.7401, -75.7534, 8.1403)	(0.0243, 0.1936, 0.0427, -0.9798)	11	439
36	(-27.9795, -70.4870, 9.4305)	(0.0271, 0.1993, 0.0419, -0.9787)	11	451
37	(-25.4406, -59.2854, 11.7543)	(0.0295, 0.2028, 0.0406, -0.9779)	11	462
38	(-21.7382, -51.1586, 12.8553)	(0.0314, 0.2062, 0.0394, -0.9772)	11	473
39	(-17.4217, -44.0243, 13.0020)	(0.0327, 0.2091, 0.0382, -0.9766)	11	484
40	(-13.9029, -36.5245, 13.1494)	(0.0338, 0.2112, 0.0371, -0.9762)	11	495
41	(-10.5660, -30.4486, 12.2849)	(0.0345, 0.2130, 0.0361, -0.9758)	11	506
42	(-8.2621, -23.1265, 12.4966)	(0.0352, 0.2138, 0.0350, -0.9756)	11	517
43	(-8.1605, -16.1409, 11.8063)	(0.0361, 0.2140, 0.0341, -0.9756)	11	529
44	(-7.7532, -8.9379, 12.4494)	(0.0370, 0.2135, 0.0330, -0.9757)	11	540
45	(-7.5220, -2.9730, 12.2083)	(0.0379, 0.2127, 0.0320, -0.9759)	11	551
46	(-7.3505, 2.2730, 12.8915)	(0.0389, 0.2115, 0.0309, -0.9761)	11	562
47	(-7.3657, 6.9260, 10.9729)	(0.0396, 0.2100, 0.0304, -0.9764)	11	573
48	(-6.5213, 10.1944, 10.1151)	(0.0401, 0.2084, 0.0298, -0.9768)	11	584
49	(-5.1886, 12.3558, 8.3000)	(0.0404, 0.2068, 0.0295, -0.9771)	11	595
50	(-3.6651, 12.0873, 7.1454)	(0.0405, 0.2057, 0.0291, -0.9774)	11	607
51	(-1.9532, 11.1283, 7.7089)	(0.0405, 0.2048, 0.0283, -0.9776)	11	618
52	(-1.0271, 7.1562, 7.1169)	(0.0406, 0.2048, 0.0278, -0.9776)	11	629
53	(-1.9418, 5.3058, 6.0014)	(0.0410, 0.2046, 0.0275, -0.9776)	11	640
54	(-0.6592, 5.6658, 5.6242)	(0.0409, 0.2040, 0.0270, -0.9777)	11	651
55	(-2.7965, 5.4879, 6.0002)	(0.0417, 0.2035, 0.0265, -0.9778)	11	662
56	(-2.7996, 6.3885, 5.5530)	(0.0420, 0.2027, 0.0261, -0.9780)	11	673
57	(-2.0659, 5.7637, 4.6482)	(0.0421, 0.2023, 0.0259, -0.9781)	11	684
58	(-2.3659, 5.4960, 6.3592)	(0.0426, 0.2018, 0.0251, -0.9782)	11	696
59	(-0.4823, 4.9672, 4.2363)	(0.0423, 0.2014, 0.0251, -0.9783)	11	707
60	(0.1351, 4.3839, 5.5848)	(0.0424, 0.2011, 0.0243, -0.9784)	11	718
61	(0.6835, 2.5492, 5.1339)	(0.0424, 0.2011, 0.0239, -0.9784)	11	729
62	(1.4699, 4.6276, 5.3929)	(0.0422, 0.2002, 0.0234, -0.9786)	11	740
63	(1.1634, 3.5303, 2.4928)	(0.0420, 0.2002, 0.0237, -0.9786)	11	751
64	(0.1876, 3.3269, 1.5902)	(0.0422, 0.2000, 0.0237, -0.9786)	11	762
65	(0.5505, 2.7820, 1.7831)	(0.0420, 0.1997, 0.0234, -0.9787)	11	773
66	(0.9108, 4.7738, 0.9468)	(0.0418, 0.1988, 0.0234, -0.9789)	11	784
67	(2.3730, 6.1556, -0.1151)	(0.0413, 0.1980, 0.0235, -0.9790)	11	796
68	(3.0949, 9.0298, 0.4313)	(0.0409, 0.1967, 0.0233, -0.9793)	11	807
69	(5.1055, 11.7675, 0.1242)	(0.0400, 0.1951, 0.0233, -0.9797)	11	818
70	(9.4770, 17.9387, -2.2612)	(0.0381, 0.1924, 0.0238, -0.9803)	11	829
71	(13.4278, 23.0184, -4.2630)	(0.0359, 0.1894, 0.0243, -0.9809)	11	840
72	(19.9955, 29.0676, -6.5952)	(0.0325, 0.1857, 0.0249, -0.9818)	11	851
73	(25.7104, 35.5099, -7.5942)	(0.0288, 0.1812, 0.0253, -0.9827)	11	862
74	(32.4004, 43.7710, -8.9931)	(0.0242, 0.1757, 0.0258, -0.9838)	11	874
75	(37.2047, 50.4749, -9.2053)	(0.0194, 0.1699, 0.0261, -0.9849)	11	885
76	(43.0943, 60.0723, -10.6974)	(0.0137, 0.1625, 0.0266, -0.9863)	11	896
77	(50.1366, 71.5597, -12.4713)	(0.0072, 0.1540, 0.0271, -0.9877)	11	907
78	(53.5302, 80.1290, -13.4435)	(0.0010, 0.1451, 0.0278, -0.9890)	11	918
79	(59.4267, 88.6800, -15.7040)	(-0.0062, 0.1354, 0.0289, -0.9904)	11	929
80	(67.2890, 93.4737, -14.1190)	(-0.0145, 0.1257, 0.0289, -0.9915)	11	940
81	(74.7141, 101.8816, -11.5702)	(-0.0234, 0.1146, 0.0282, -0.9927)	11	951
82	(80.6841, 105.9782, -11.1841)	(-0.0326, 0.1039, 0.0279, -0.9937)	11	962
83	(88.1797, 110.0842, -10.4365)	(-0.0428, 0.0928, 0.0273, -0.9944)	11	974
84	(92.4385, 114.3361, -11.2670)	(-0.0530, 0.0813, 0.0272, -0.9949)	11	985
85	(99.2564, 119.2389, -13.1477)	(-0.0643, 0.0691, 0.0272, -0.9952)	11	996
86	(101.8646, 122.9924, -14.4495)	(-0.0750, 0.0568, 0.0273, -0.9952)	11	1007
87	(103.0245, 123.8855, -15.3233)	(-0.0856, 0.0448, 0.0274, -0.9949)	11	1018
88	(104.4837, 124.8630, -15.4674)	(-0.0964, 0.0328, 0.0274, -0.9944)	11	1029
89	(105.5904, 122.9904, -14.7636)	(-0.1072, 0.0214, 0.0272, -0.9936)	11	1040
90	(104.7438, 121.9459, -12.1258)	(-0.1175, 0.0100, 0.0265, -0.9927)	11	1051
91	(100.9080, 118.8121, -10.4039)	(-0.1267, -0.0007, 0.0258, -0.9916)	11	1062
92	(96.7681, 115.1679, -9.5288)	(-0.1356, -0.0111, 0.0252, -0.9904)	11	1073
93	(91.5968, 112.5355, -7.0236)	(-0.1437, -0.0214, 0.0241, -0.9891)	11	1085
94	(86.5423, 107.2317, -6.9019)	(-0.1514, -0.0306, 0.0236, -0.9877)	12	1097
95	(79.7357, 99.8256, -5.3940)	(-0.1581, -0.0388, 0.0228, -0.9864)	10	1107
96	(71.8905, 90.0885, -4.4424)	(-0.1637, -0.0457, 0.0222, -0.9852)	11	1118
97	(63.4337, 80.0588, -2.9397)	(-0.1685, -0.0516, 0.0215, -0.9841)	11	1129
98	(56.6341, 70.9142, -0.0010)	(-0.1729, -0.0566, 0.0203, -0.9831)	11	1140
99	(50.4982, 62.0674, 2.6323)	(-0.1768, -0.0608, 0.0190, -0.9822)	11	1151
100	(43.8764, 51.0444, 3.0570)	(-0.1799, -0.0637, 0.0182, -0.9815)	11	1163
101	(38.3388, 42.9077, 1.5898)	(-0.1825, -0.0663, 0.0180, -0.9808)	11	1174
102	(32.5667, 32.4576, 0.3586)	(-0.1846, -0.0675, 0.0181, -0.9803)	11	1185
103	(29.6546, 23.7571, -1.9458)	(-0.1869, -0.0684, 0.0186, -0.9798)	11	1196
104	(28.6356, 16.1319, -2.2182)	(-0.1895, -0.0686, 0.0190, -0.9793)	11	1207
105	(26.3359, 9.3635, -2.4983)	(-0.1915, -0.0684, 0.0195, -0.9789)	11	1218
106	(25.3124, 3.6957, -2.5069)	(-0.1938, -0.0678, 0.0200, -0.9785)	11	1230
107	(25.8739, -0.3040, -1.9417)	(-0.1963, -0.0670, 0.0203, -0.9780)	11	1241
108	(24.7869, -4.3460, -0.0265)	(-0.1984, -0.0658, 0.0203, -0.9777)	11	1252
109	(22.2877, -5.3460, -1.1602)	(-0.2001, -0.0651, 0.0208, -0.9774)	11	1263
110	(23.0262, -7.0462, -0.9451)	(-0.2024, -0.0640, 0.0212, -0.9770)	11	1274
111	(21.5018, -8.4199, -2.4918)	(-0.2041, -0.0631, 0.0220, -0.9767)	11	1285
112	(18.2037, -6.9407, -1.3563)	(-0.2053, -0.0627, 0.0220, -0.9764)	11	1296
113	(18.3220, -5.7104, -0.8323)	(-0.2070, -0.0624, 0.0221, -0.9761)	11	1307
114	(16.7980, -5.3243, 0.1998)	(-0.2083, -0.0619, 0.0220, -0.9759)	11	1319
115	(13.7442, -3.6167, 0.4718)	(-0.2091, -0.0618, 0.0220, -0.9757)	11	1330
116	(10.9980, -3.4986, 0.5347)	(-0.2097, -0.0614, 0.0220, -0.9756)	11	1341
117	(7.4616, -3.1804, 1.4540)	(-0.2099, -0.0611, 0.0218, -0.9756)	11	1352
118	(5.7537, -3.2415, 1.6433)	(-0.2102, -0.0608, 0.0217, -0.9755)	11	1363
119	(1.1198, -5.2678, 1.0914)	(-0.2095, -0.0600, 0.0219, -0.9757)	11	1374
120	(-1.9863, -6.2594, 0.3940)	(-0.2088, -0.0592, 0.0220, -0.9759)	11	1385
121	(-6.6668, -11.2939, 1.5961)	(-0.2073, -0.0573, 0.0220, -0.9763)	11	1396
122	(-10.1376, -13.0134, 4.1408)	(-0.2057, -0.0556, 0.0213, -0.9768)	11	1407
123	(-15.6052, -19.1916, 5.9861)	(-0.2033, -0.0526, 0.0209, -0.9775)	11	1419
124	(-19.1932, -23.1949, 7.1700)	(-0.2008, -0.0496, 0.0205, -0.9782)	11	1430
125	(-23.6974, -28.1217, 7.7688)	(-0.1977, -0.0460, 0.0203, -0.9790)	11	1441
126	(-27.6526, -33.2538, 7.2775)	(-0.1943, -0.0420, 0.0203, -0.9798)	11	1452
127	(-31.1799, -36.5883, 8.1445)	(-0.1908, -0.0379, 0.0200, -0.9807)	11	1463
128	(-35.5545, -43.3541, 8.1107)	(-0.1866, -0.0327, 0.0201, -0.9817)	11	1474
129	(-40.3649, -47.6851, 8.2121)	(-0.1819, -0.0274, 0.0201, -0.9827)	11	1485
130	(-44.7994, -54.2268, 10.1247)	(-0.1767, -0.0210, 0.0198, -0.9838)	11	1496
131	(-48.9915, -59.6312, 11.4014)	(-0.1711, -0.0142, 0.0195, -0.9850)	11	1508
132	(-54.9543, -68.2802, 8.7331)	(-0.1647, -0.0063, 0.0205, -0.9861)	11	1519
133	(-59.5830, -74.3862, 5.5232)	(-0.1580, 0.0017, 0.0218, -0.9872)	11	1530
134	(-64.5686, -82.0050, 2.5223)	(-0.1506, 0.0108, 0.0236, -0.9883)	11	1541
135	(-70.0415, -91.1299, 0.6000)	(-0.1427, 0.0208, 0.0255, -0.9892)	11	1552
136	(-74.8503, -97.2563, -0.8469)	(-0.1343, 0.0310, 0.0276, -0.9901)	11	1563
137	(-79.0417, -105.7862, -3.4028)	(-0.1257, 0.0424, 0.0303, -0.9907)	11	1574
138	(-82.3236, -112.4535, -4.5344)	(-0.1168, 0.0540, 0.0328, -0.9911)	11	1585
139	(-86.2803, -117.5381, -5.7589)	(-0.1075, 0.0658, 0.0355, -0.9914)	11	1596
140	(-87.4904, -122.0473, -5.9105)	(-0.0984, 0.0780, 0.0380, -0.9914)	11	1607
141	(-88.8242, -125.0926, -5.8452)	(-0.0892, 0.0901, 0.0405, -0.9911)	11	1619
142	(-87.7771, -129.1878, -6.3149)	(-0.0804, 0.1029, 0.0431, -0.9905)	11	1630
143	(-83.5650, -131.0143, -6.5936)	(-0.0725, 0.1154, 0.0455, -0.9896)	11	1641
144	(-80.8743, -130.2339, -4.4835)	(-0.0646, 0.1274, 0.0474, -0.9886)	11	1652
145	(-76.6059, -128.4394, -3.5025)	(-0.0574, 0.1391, 0.0492, -0.9874)	11	1663
146	(-73.1371, -124.6748, -1.3347)	(-0.0505, 0.1501, 0.0505, -0.9861)	11	1674
147	(-68.6312, -118.2849, 0.9602)	(-0.0442, 0.1600, 0.0514, -0.9848)	11	1685
148	(-65.4110, -112.8554, 1.2074)	(-0.0379, 0.1696, 0.0526, -0.9834)	11	1696
149	(-62.8591, -107.2106, 3.0253)	(-0.0318, 0.1785, 0.0533, -0.9820)	11	1707
150	(-58.8452, -103.0706, 2.8729)	(-0.0263, 0.1874, 0.0543, -0.9804)	11	1719
151	(-56.2339, -95.7072, 5.0279)	(-0.0207, 0.1951, 0.0546, -0.9790)	11	1730
152	(-51.3750, -86.0946, 7.3140)	(-0.0160, 0.2016, 0.0545, -0.9778)	11	1741
153	(-47.0035, -75.9777, 10.2034)	(-0.0117, 0.2070, 0.0539, -0.9768)	11	1752
154	(-40.7409, -63.4895, 12.7936)	(-0.0083, 0.2108, 0.0529, -0.9761)	11	1763
155	(-37.2262, -53.9631, 13.5065)	(-0.0048, 0.2142, 0.0522, -0.9754)	11	1774
156	(-32.3781, -41.7134, 13.5485)	(-0.0021, 0.2160, 0.0514, -0.9750)	11	1785
157	(-26.8419, -34.2819, 13.3252)	(-0.0001, 0.2179, 0.0506, -0.9747)	11	1797
158	(-21.1324, -24.5808, 13.7822)	(0.0013, 0.2185, 0.0494, -0.9746)	11	1808
159	(-16.8190, -16.4757, 13.5432)	(0.0025, 0.2187, 0.0484, -0.9746)	11	1819
160	(-12.8121, -10.3495, 12.3096)	(0.0032, 0.2186, 0.0475, -0.9746)	11	1830
161	(-12.7057, -4.8042, 12.2605)	(0.0046, 0.2180, 0.0466, -0.9748)	11	1841
162	(-12.6567, 0.9177, 12.4482)	(0.0059, 0.2169, 0.0457, -0.9751)	11	1852
163	(-12.4784, 3.9325, 13.7255)	(0.0073, 0.2160, 0.0446, -0.9753)	11	1864
164	(-12.3580, 5.3697, 15.6469)	(0.0089, 0.2152, 0.0431, -0.9756)	11	1875
165	(-13.0372, 9.9772, 17.3236)	(0.0106, 0.2134, 0.0415, -0.9760)	11	1886
166	(-12.4302, 12.6593, 17.4508)	(0.0119, 0.2118, 0.0401, -0.9764)	11	1897
167	(-10.7299, 16.0133, 17.6185)	(0.0130, 0.2097, 0.0386, -0.9769)	11	1908
168	(-11.4190, 20.8202, 17.3406)	(0.0144, 0.2069, 0.0373, -0.9775)	11	1919
169	(-10.7493, 22.8100, 16.3889)	(0.0155, 0.2044, 0.0362, -0.9781)	11	1930
170	(-10.9374, 24.1344, 15.6878)	(0.0167, 0.2018, 0.0351, -0.9787)	11	1942
171	(-10.6964, 24.2657, 15.9304)	(0.0178, 0.1994, 0.0338, -0.9792)	11	1953
172	(-11.3062, 24.8008, 15.5553)	(0.0192, 0.1968, 0.0326, -0.9797)	11	1964
173	(-11.6098, 24.9327, 15.8567)	(0.0206, 0.1943, 0.0314, -0.9802)	11	1975
174	(-11.9239, 26.8241, 16.0026)	(0.0220, 0.1913, 0.0301, -0.9808)	11	1986
175	(-12.2323, 27.7721, 14.8288)	(0.0234, 0.1885, 0.0292, -0.9814)	11	1997
176	(-12.9056, 29.0548, 15.1711)	(0.0249, 0.1855, 0.0281, -0.9819)	11	2008
177	(-11.0764, 29.0622, 15.4115)	(0.0259, 0.1827, 0.0268, -0.9825)	11	2019
178	(-10.8255, 27.3575, 15.4451)	(0.0271, 0.1804, 0.0256, -0.9829)	11	2030
179	(-12.1594, 24.1869, 15.2670)	(0.0287, 0.1786, 0.0246, -0.9832)	11	2041
180	(-11.3614, 20.3799, 13.8197)	(0.0298, 0.1773, 0.0237, -0.9834)	11	2053
181	(-10.5645, 17.8800, 13.5646)	(0.0309, 0.1758, 0.0226, -0.9837)	11	2064
182	(-11.7208, 17.2093, 13.5815)	(0.0325, 0.1742, 0.0216, -0.9839)	11	2075
183	(-11.0527, 16.6135, 11.3377)	(0.0335, 0.1728, 0.0212, -0.9842)	11	2086
184	(-11.2396, 16.3854, 9.2091)	(0.0346, 0.1712, 0.0208, -0.9844)	11	2097
185	(-10.2017, 15.5766, 8.2498)	(0.0354, 0.1699, 0.0204, -0.9846)	11	2108
186	(-8.1276, 14.9349, 6.7350)	(0.0359, 0.1685, 0.0201, -0.9848)	11	2119
187	(-6.2968, 14.5240, 7.2242)	(0.0363, 0.1671, 0.0194, -0.9851)	11	2130
188	(-5.3152, 12.9084, 5.7322)	(0.0366, 0.1661, 0.0193, -0.9852)	11	2141
189	(-3.0605, 12.3059, 5.8006)	(0.0366, 0.1650, 0.0188, -0.9854)	11	2152
190	(-2.3866, 13.2125, 5.5973)	(0.0368, 0.1636, 0.0184, -0.9857)	11	2164
191	(-0.4388, 13.4518, 5.1577)	(0.0365, 0.1622, 0.0180, -0.9859)	11	2175
192	(-0.6807, 15.2534, 7.0099)	(0.0368, 0.1604, 0.0171, -0.9862)	11	2186
193	(0.5268, 15.1065, 5.6707)	(0.0366, 0.1590, 0.0169, -0.9865)	11	2197
194	(0.5207, 16.1666, 3.8245)	(0.0365, 0.1573, 0.0168, -0.9867)	11	2208
195	(0.5833, 15.9721, 3.2791)	(0.0364, 0.1558, 0.0167, -0.9870)	11	2219
196	(3.4468, 15.6886, 1.3314)	(0.0356, 0.1544, 0.0168, -0.9872)	11	2230
197	(3.5068, 16.7190, 1.0645)	(0.0352, 0.1526, 0.0167, -0.9875)	11	2241
198	(4.2962, 16.3874, -0.3269)	(0.0346, 0.1511, 0.0170, -0.9878)	11	2252
199	(5.0301, 16.2014, -0.5084)	(0.0339, 0.1496, 0.0170, -0.9880)	11	2264
200	(5.6350, 17.8593, 0.1829)	(0.0332, 0.1476, 0.0169, -0.9883)	11	2275
201	(5.6354, 16.7399, -1.0645)	(0.0326, 0.1463, 0.0172, -0.9886)	11	2286
202	(3.9275, 16.1783, -1.5401)	(0.0324, 0.1448, 0.0175, -0.9888)	11	2297
203	(2.0955, 17.2053, -1.8586)	(0.0324, 0.1428, 0.0178, -0.9891)	11	2308
204	(2.3338, 20.3669, -2.0432)	(0.0321, 0.1404, 0.0181, -0.9894)	11	2319
205	(0.2564, 20.9702, -2.3524)	(0.0323, 0.1383, 0.0185, -0.9897)	11	2330
206	(1.7774, 23.0584, -1.6725)	(0.0318, 0.1357, 0.0186, -0.9901)	11	2341
207	(2.2640, 23.1098, -1.9781)	(0.0314, 0.1335, 0.0189, -0.9904)	11	2353
208	(2.1409, 24.8338, -1.0972)	(0.0311, 0.1309, 0.0189, -0.9907)	11	2364
209	(1.1035, 25.0245, -0.6747)	(0.0311, 0.1286, 0.0190, -0.9910)	11	2375
210	(-0.2950, 25.0910, -0.4260)	(0.0313, 0.1261, 0.0191, -0.9913)	11	2386
211	(-1.2131, 26.5234, 1.0638)	(0.0316, 0.1233, 0.0189, -0.9917)	11	2397
212	(-2.7984, 27.2995, 0.5036)	(0.0320, 0.1205, 0.0192, -0.9920)	11	2408
213	(-1.6471, 28.6014, -1.3451)	(0.0318, 0.1174, 0.0197, -0.9924)	11	2419
214	(-1.0397, 29.0987, -0.8707)	(0.0317, 0.1144, 0.0198, -0.9927)	11	2430
215	(-0.7961, 29.1897, -2.2747)	(0.0316, 0.1115, 0.0202, -0.9931)	11	2441
216	(-0.9865, 31.6178, -2.7464)	(0.0316, 0.1080, 0.0206, -0.9934)	11	2453
217	(-0.6218, 31.4044, -4.2077)	(0.0315, 0.1050, 0.0213, -0.9937)	11	2464
218	(-2.5806, 33.4242, -3.5733)	(0.0320, 0.1014, 0.0216, -0.9941)	11	2475
219	(-2.5240, 35.7350, -3.9232)	(0.0321, 0.0976, 0.0223, -0.9945)	11	2486
220	(-2.7737, 37.6420, -3.0457)	(0.0323, 0.0936, 0.0227, -0.9948)	11	2497
221	(-3.0159, 38.1255, -3.1748)	(0.0325, 0.0899, 0.0232, -0.9952)	11	2508
222	(-0.6386, 38.9846, -3.0161)	(0.0321, 0.0859, 0.0235, -0.9955)	11	2519
223	(-0.6370, 38.9382, -2.2257)	(0.0321, 0.0822, 0.0237, -0.9958)	11	2530
224	(0.2666, 38.8540, -3.5653)	(0.0318, 0.0785, 0.0244, -0.9961)	11	2541
225	(0.6326, 39.4043, -3.2743)	(0.0316, 0.0746, 0.0247, -0.9964)	11	2553
226	(0.6971, 38.3548, -3.9226)	(0.0315, 0.0711, 0.0253, -0.9967)	11	2564
227	(-0.0896, 38.3384, -4.6522)	(0.0315, 0.0674, 0.0260, -0.9969)	11	2575
228	(0.5209, 35.8061, -3.4474)	(0.0313, 0.0644, 0.0262, -0.9971)	11	2586
229	(1.1314, 34.7140, -3.4272)	(0.0310, 0.0612, 0.0266, -0.9973)	11	2597
230	(1.9978, 30.9685, -1.9527)	(0.0306, 0.0588, 0.0266, -0.9974)	11	2608
231	(1.6423, 28.4018, -2.3232)	(0.0304, 0.0564, 0.0270, -0.9976)	11	2619
232	(3.0487, 25.3572, -2.3918)	(0.0297, 0.0545, 0.0273, -0.9977)	11	2630
233	(3.1801, 23.0384, -2.7059)	(0.0293, 0.0526, 0.0276, -0.9978)	11	2642
234	(1.8370, 21.0769, -3.0914)	(0.0293, 0.0509, 0.0279, -0.9979)	11	2653
235	(0.9273, 21.2858, -1.8116)	(0.0292, 0.0488, 0.0279, -0.9980)	11	2664
236	(0.5658, 19.9695, -0.6914)	(0.0292, 0.0471, 0.0278, -0.9981)	11	2675
237	(1.7237, 20.5938, 0.0763)	(0.0288, 0.0449, 0.0277, -0.9982)	11	2686
238	(0.5652, 21.2175, 0.6793)	(0.0290, 0.0427, 0.0277, -0.9983)	11	2697
239	(0.6321, 20.9431, 2.3264)	(0.0289, 0.0407, 0.0273, -0.9984)	11	2708
240	(-0.0934, 18.3402, 0.2530)	(0.0290, 0.0394, 0.0277, -0.9984)	11	2719
241	(0.4594, 15.4307, 0.6761)	(0.0288, 0.0383, 0.0275, -0.9985)	11	2731
242	(-0.1488, 15.9837, 1.1530)	(0.0288, 0.0366, 0.0273, -0.9985)	11	2742
243	(-0.7572, 15.0974, -0.4062)	(0.0290, 0.0353, 0.0277, -0.9986)	11	2753
244	(-1.9826, 16.8021, -0.3741)	(0.0293, 0.0334, 0.0277, -0.9986)	11	2764
245	(-2.1059, 18.0874, -0.2165)	(0.0295, 0.0314, 0.0277, -0.9987)	11	2775
246	(-2.3528, 17.7056, -0.9403)	(0.0298, 0.0298, 0.0279, -0.9987)	11	2786
247	(-1.6204, 19.0680, 0.1169)	(0.0298, 0.0277, 0.0278, -0.9988)	11	2797
248	(-2.1687, 18.3377, 0.2591)	(0.0300, 0.0260, 0.0278, -0.9988)	11	2808
249	(-2.6569, 18.2672, -0.3444)	(0.0303, 0.0243, 0.0280, -0.9989)	11	2819
250	(-3.5140, 18.9228, -0.9615)	(0.0307, 0.0224, 0.0282, -0.9989)	11	2831
251	(-3.5158, 19.2132, -1.5794)	(0.0309, 0.0205, 0.0286, -0.9989)	11	2842
252	(-4.7432, 21.6489, -1.6249)	(0.0315, 0.0180, 0.0288, -0.9989)	11	2853
253	(-4.6831, 21.8028, -3.0240)	(0.0320, 0.0158, 0.0294, -0.9989)	11	2864
254	(-4.7517, 24.4955, -2.3516)	(0.0324, 0.0130, 0.0296, -0.9990)	11	2875
255	(-3.9000, 26.0337, -1.6528)	(0.0326, 0.0103, 0.0297, -0.9990)	11	2886
256	(-2.7985, 25.1017, -2.4896)	(0.0327, 0.0080, 0.0301, -0.9990)	11	2897
257	(-3.5334, 26.2840, -1.4759)	(0.0331, 0.0051, 0.0301, -0.9990)	11	2908
258	(-3.2354, 28.0311, -2.2442)	(0.0333, 0.0021, 0.0306, -0.9990)	11	2919
259	(-5.0045, 28.9317, -2.8635)	(0.0339, -0.0009, 0.0310, -0.9989)	11	2931
260	(-4.8908, 31.4878, -2.9783)	(0.0342, -0.0043, 0.0314, -0.9989)	11	2942
261	(-3.4840, 31.0148, -2.4238)	(0.0342, -0.0072, 0.0316, -0.9989)	11	2953
262	(-3.3658, 31.3015, -3.2193)	(0.0344, -0.0103, 0.0322, -0.9988)	11	2964
263	(-3.7331, 32.1085, -2.3821)	(0.0347, -0.0135, 0.0324, -0.9988)	11	2975
264	(-4.0985, 30.8716, -3.2085)	(0.0351, -0.0163, 0.0329, -0.9987)	11	2986
265	(-3.6692, 31.8066, -2.3190)	(0.0352, -0.0196, 0.0331, -0.9986)	11	2997
266	(-3.4865, 31.6097, -2.9849)	(0.0354, -0.0226, 0.0336, -0.9986)	11	3008
267	(-1.3546, 31.9154, -2.9973)	(0.0350, -0.0258, 0.0340, -0.9985)	11	3019
268	(-1.3532, 31.4959, -2.8058)	(0.0350, -0.0287, 0.0343, -0.9984)	11	3031
269	(-1.2272, 29.6825, -2.2205)	(0.0350, -0.0313, 0.0345, -0.9983)	11	3042
270	(-0.4872, 27.6225, -1.6949)	(0.0348, -0.0336, 0.0347, -0.9982)	11	3053
271	(-2.0696, 26.0538, -0.8063)	(0.0352, -0.0359, 0.0347, -0.9981)	11	3064
272	(-1.6323, 22.6291, -1.4707)	(0.0352, -0.0376, 0.0350, -0.9981)	11	3075
273	(-1.0267, 23.6718, -1.1846)	(0.0352, -0.0401, 0.0351, -0.9980)	11	3086
274	(0.0776, 21.3934, -2.3604)	(0.0350, -0.0418, 0.0355, -0.9979)	11	3097
275	(0.1931, 20.9034, -2.5339)	(0.0349, -0.0438, 0.0359, -0.9978)	11	3108
276	(0.7489, 18.7115, -2.5543)	(0.0346, -0.0452, 0.0361, -0.9977)	11	3119
277	(1.4862, 17.6858, -2.1068)	(0.0343, -0.0468, 0.0363, -0.9977)	11	3130
278	(-0.3956, 16.2324, -1.7058)	(0.0345, -0.0482, 0.0364, -0.9976)	11	3142
279	(-0.8249, 15.7334, -2.0034)	(0.0346, -0.0495, 0.0367, -0.9975)	11	3153
280	(-0.6383, 13.3248, -3.5972)	(0.0346, -0.0504, 0.0373, -0.9974)	11	3164
281	(-0.3343, 14.0220, -2.5767)	(0.0346, -0.0519, 0.0374, -0.9974)	11	3175
282	(-1.6743, 12.9720, -3.1637)	(0.0350, -0.0529, 0.0378, -0.9973)	11	3186
283	(-1.4908, 12.9736, -3.1014)	(0.0352, -0.0542, 0.0381, -0.9972)	11	3197
284	(-2.8988, 13.3671, -4.4438)	(0.0357, -0.0555, 0.0388, -0.9971)	11	3208
285	(-1.9189, 13.8648, -3.9704)	(0.0356, -0.0570, 0.0391, -0.9970)	11	3219
286	(-1.3779, 15.7021, -3.4599)	(0.0356, -0.0588, 0.0394, -0.9969)	11	3231
287	(-0.9492, 16.8189, -2.6313)	(0.0356, -0.0607, 0.0396, -0.9967)	11	3242
288	(-1.1331, 16.8778, -2.8150)	(0.0357, -0.0623, 0.0400, -0.9966)	11	3253
289	(-2.8411, 18.1354, -0.8847)	(0.0361, -0.0644, 0.0399, -0.9965)	11	3264
290	(-1.4389, 18.4808, -1.6909)	(0.0359, -0.0662, 0.0403, -0.9963)	11	3275
291	(-3.0338, 21.5970, -1.1998)	(0.0364, -0.0689, 0.0404, -0.9961)	11	3286
292	(-3.2800, 23.6011, -1.4226)	(0.0367, -0.0715, 0.0406, -0.9959)	11	3297
293	(-4.6374, 28.0589, -0.8391)	(0.0372, -0.0750, 0.0407, -0.9957)	11	3309
294	(-4.1528, 30.4056, -2.2265)	(0.0374, -0.0782, 0.0413, -0.9954)	11	3320
295	(-2.7593, 32.2304, -2.6334)	(0.0372, -0.0816, 0.0417, -0.9951)	11	3331
296	(-1.7788, 32.6048, -2.0318)	(0.0372, -0.0849, 0.0419, -0.9948)	11	3342
297	(-1.7800, 33.3447, -1.6863)	(0.0373, -0.0883, 0.0420, -0.9945)	11	3353
298	(-3.2497, 34.8854, -0.7348)	(0.0377, -0.0920, 0.0420, -0.9942)	11	3364
299	(-2.0918, 35.1976, -0.3841)	(0.0376, -0.0955, 0.0420, -0.9938)	11	3375
300	(-2.9445, 35.4668, 0.7685)	(0.0379, -0.0991, 0.0419, -0.9935)	11	3386
301	(-3.3725, 36.0473, -0.4547)	(0.0381, -0.1027, 0.0421, -0.9931)	11	3397
302	(-2.4532, 36.0128, 0.5730)	(0.0380, -0.1062, 0.0420, -0.9927)	11	3408
303	(-1.6601, 34.9063, 0.1639)	(0.0379, -0.1095, 0.0421, -0.9924)	11	3420
304	(-2.6983, 34.7093, -0.4297)	(0.0382, -0.1128, 0.0423, -0.9920)	11	3431
305	(-2.3294, 34.7339, 0.7185)	(0.0382, -0.1162, 0.0421, -0.9916)	11	3442
306	(-3.3045, 34.6679, 0.3566)	(0.0384, -0.1195, 0.0422, -0.9912)	11	3453
307	(-4.6496, 34.8145, 1.6962)	(0.0388, -0.1229, 0.0419, -0.9908)	11	3464
308	(-2.6311, 34.3217, 1.2769)	(0.0385, -0.1262, 0.0420, -0.9904)	11	3475
309	(-3.2994, 33.2186, 1.1180)	(0.0388, -0.1293, 0.0420, -0.9900)	11	3486
310	(-2.4390, 30.9121, 1.3450)	(0.0388, -0.1319, 0.0419, -0.9896)	11	3497
311	(-2.0738, 29.3919, 1.4318)	(0.0388, -0.1345, 0.0418, -0.9893)	11	3509
312	(-1.3372, 28.7363, 2.0550)	(0.0386, -0.1372, 0.0415, -0.9889)	11	3520
313	(-2.0062, 27.5600, 1.4113)	(0.0389, -0.1397, 0.0416, -0.9886)	11	3531
314	(-2.2562, 28.7745, 1.2045)	(0.0390, -0.1427, 0.0416, -0.9881)	11	3542
315	(-2.2021, 31.4919, 0.0513)	(0.0390, -0.1461, 0.0419, -0.9876)	11	3553
316	(-0.3084, 30.5140, -0.2950)	(0.0386, -0.1489, 0.0421, -0.9872)	11	3564
317	(-0.2431, 31.0399, 1.5763)	(0.0384, -0.1519, 0.0418, -0.9868)	11	3575
318	(2.0767, 27.7658, 2.2475)	(0.0375, -0.1540, 0.0417, -0.9865)	11	3586
319	(2.9362, 24.8832, 1.2048)	(0.0370, -0.1559, 0.0419, -0.9862)	11	3597
320	(2.5282, 18.2384, 0.9738)	(0.0369, -0.1567, 0.0418, -0.9861)	11	3609
321	(0.4633, 14.7227, 1.8459)	(0.0371, -0.1576, 0.0414, -0.9859)	11	3620
322	(-1.0460, 9.8824, 0.6665)	(0.0373, -0.1578, 0.0415, -0.9859)	11	3631
323	(-0.9758, 4.2007, -0.0658)	(0.0374, -0.1573, 0.0416, -0.9860)	11	3642
324	(0.4943, -0.5851, -2.1017)	(0.0373, -0.1565, 0.0419, -0.9861)	11	3653
325	(0.3238, -6.0135, -2.4780)	(0.0374, -0.1551, 0.0423, -0.9863)	11	3664
326	(0.6319, -9.2860, -4.6039)	(0.0375, -0.1537, 0.0431, -0.9865)	11	3675
327	(0.5192, -12.8957, -5.3260)	(0.0376, -0.1519, 0.0436, -0.9867)	11	3686
328	(1.6893, -17.4547, -4.9915)	(0.0374, -0.1494, 0.0440, -0.9871)	11	3697
329	(2.0011, -21.5617, -6.2483)	(0.0374, -0.1466, 0.0448, -0.9875)	11	3708
330	(3.2922, -24.3019, -6.2597)	(0.0371, -0.1438, 0.0454, -0.9879)	11	3720
331	(4.2768, -27.9420, -5.7660)	(0.0367, -0.1405, 0.0458, -0.9883)	11	3731
332	(5.3733, -29.0545, -6.4733)	(0.0362, -0.1374, 0.0466, -0.9888)	11	3742
333	(6.3022, -33.1828, -5.7864)	(0.0357, -0.1335, 0.0470, -0.9893)	11	3753
334	(4.3016, -36.9323, -4.6066)	(0.0359, -0.1294, 0.0472, -0.9898)	11	3764
335	(3.8186, -38.6378, -4.5708)	(0.0358, -0.1253, 0.0476, -0.9903)	11	3775
336	(4.3135, -41.6237, -4.5121)	(0.0355, -0.1208, 0.0479, -0.9909)	11	3786
337	(5.3582, -45.0515, -5.3613)	(0.0352, -0.1159, 0.0485, -0.9915)	11	3797
338	(4.9939, -46.0875, -5.3394)	(0.0350, -0.1113, 0.0488, -0.9920)	11	3809
339	(7.8062, -49.0495, -4.5557)	(0.0340, -0.1060, 0.0490, -0.9926)	11	3820
340	(8.5559, -54.6961, -3.6547)	(0.0334, -0.0998, 0.0491, -0.9932)	11	3831
341	(9.3675, -60.1029, -3.0618)	(0.0327, -0.0931, 0.0492, -0.9939)	11	3842
342	(8.9457, -63.8305, -3.6548)	(0.0323, -0.0863, 0.0494, -0.9945)	11	3853
343	(5.7804, -65.5969, -3.3639)	(0.0326, -0.0796, 0.0495, -0.9951)	11	3864
344	(3.4546, -65.8924, -5.8452)	(0.0330, -0.0731, 0.0503, -0.9955)	11	3875
345	(3.0270, -65.0546, -6.5359)	(0.0332, -0.0670, 0.0508, -0.9959)	11	3886
346	(2.6535, -62.4391, -6.5246)	(0.0333, -0.0614, 0.0513, -0.9962)	11	3897
347	(3.5654, -59.2379, -5.1330)	(0.0330, -0.0561, 0.0515, -0.9965)	11	3909
348	(5.2112, -59.3605, -5.0725)	(0.0326, -0.0503, 0.0518, -0.9969)	11	3920
349	(5.3945, -58.1071, -3.4565)	(0.0323, -0.0449, 0.0518, -0.9971)	11	3931
350	(5.7554, -55.3547, -2.9639)	(0.0319, -0.0400, 0.0519, -0.9973)	11	3942
351	(3.4941, -53.1315, -1.3545)	(0.0322, -0.0352, 0.0517, -0.9975)	11	3953
352	(2.3868, -50.6410, -1.5273)	(0.0324, -0.0308, 0.0517, -0.9977)	11	3964
353	(2.2000, -47.7289, 0.6055)	(0.0325, -0.0267, 0.0512, -0.9978)	11	3975
354	(2.3215, -45.7797, 0.7489)	(0.0324, -0.0225, 0.0511, -0.9979)	11	3986
355	(4.0873, -45.0878, 1.7022)	(0.0319, -0.0182, 0.0506, -0.9980)	11	3997
356	(3.7873, -46.1096, 2.3930)	(0.0319, -0.0135, 0.0502, -0.9981)	11	4008
357	(4.4551, -44.8234, 2.5482)	(0.0315, -0.0094, 0.0498, -0.9982)	11	4020
358	(4.6372, -43.3960, 3.7316)	(0.0312, -0.0053, 0.0491, -0.9983)	11	4031
359	(3.8505, -44.9766, 4.0118)	(0.0312, -0.0006, 0.0485, -0.9983)	11	4042
360	(2.9414, -47.2691, 5.2791)	(0.0313, 0.0043, 0.0476, -0.9984)	11	4053
361	(2.4624, -50.1188, 5.8871)	(0.0313, 0.0095, 0.0468, -0.9984)	11	4064
362	(3.5101, -53.5108, 6.7419)	(0.0311, 0.0152, 0.0458, -0.9984)	11	4075
363	(3.2100, -55.8481, 5.5714)	(0.0311, 0.0209, 0.0453, -0.9983)	11	4086
364	(3.8217, -57.2439, 5.8437)	(0.0310, 0.0267, 0.0445, -0.9982)	11	4097
365	(5.1679, -58.0653, 7.2578)	(0.0305, 0.0325, 0.0434, -0.9981)	11	4108
366	(5.8506, -62.3726, 7.8861)	(0.0302, 0.0393, 0.0423, -0.9979)	11	4119
367	(6.8382, -65.2390, 7.8838)	(0.0297, 0.0460, 0.0413, -0.9976)	11	4130
368	(7.4590, -69.7858, 8.8259)	(0.0292, 0.0535, 0.0400, -0.9973)	11	4142
369	(7.5326, -73.9877, 8.7846)	(0.0289, 0.0614, 0.0389, -0.9969)	11	4153
370	(6.2016, -78.5079, 8.3933)	(0.0289, 0.0697, 0.0379, -0.9964)	11	4164
371	(8.4012, -80.4048, 7.8759)	(0.0280, 0.0778, 0.0369, -0.9959)	11	4175
372	(9.9881, -82.3518, 7.7332)	(0.0272, 0.0861, 0.0359, -0.9953)	11	4186
373	(12.1309, -82.9283, 9.3174)	(0.0261, 0.0943, 0.0344, -0.9946)	11	4197
374	(11.9456, -81.6303, 10.0869)	(0.0253, 0.1021, 0.0330, -0.9939)	11	4208
375	(12.3719, -82.4193, 10.1016)	(0.0244, 0.1102, 0.0317, -0.9931)	11	4219
376	(11.6483, -83.7519, 10.7369)	(0.0238, 0.1184, 0.0302, -0.9922)	11	4230
377	(13.0419, -82.3677, 9.7896)	(0.0227, 0.1261, 0.0291, -0.9913)	11	4242
378	(12.3691, -82.4513, 8.5805)	(0.0220, 0.1341, 0.0282, -0.9903)	11	4253
379	(12.9896, -84.3130, 9.8290)	(0.0211, 0.1424, 0.0267, -0.9892)	11	4264
380	(12.3159, -83.1581, 9.8077)	(0.0204, 0.1503, 0.0255, -0.9881)	11	4275
381	(10.3037, -83.1592, 9.8766)	(0.0201, 0.1583, 0.0243, -0.9869)	11	4286
382	(8.5158, -78.9630, 6.7539)	(0.0197, 0.1652, 0.0239, -0.9858)	11	4297
383	(4.4106, -73.1528, 5.1272)	(0.0202, 0.1713, 0.0237, -0.9847)	11	4308
384	(0.1872, -64.9446, 4.8541)	(0.0210, 0.1761, 0.0233, -0.9839)	11	4319
385	(-2.8232, -56.5671, 6.5761)	(0.0220, 0.1802, 0.0225, -0.9831)	11	4331
386	(-1.3739, -49.1271, 6.7308)	(0.0221, 0.1836, 0.0218, -0.9825)	11	4342
387	(3.4154, -41.1499, 6.3728)	(0.0211, 0.1863, 0.0210, -0.9820)	11	4353
388	(4.9826, -33.4315, 5.6006)	(0.0205, 0.1883, 0.0204, -0.9817)	11	4364
389	(7.0871, -22.6592, 4.9539)	(0.0196, 0.1887, 0.0199, -0.9816)	11	4375
390	(6.8162, -10.9749, 4.5362)	(0.0190, 0.1879, 0.0196, -0.9818)	11	4386
391	(4.8283, 3.1772, 5.8985)	(0.0189, 0.1853, 0.0189, -0.9823)	11	4397
392	(5.1681, 14.0256, 5.9820)	(0.0184, 0.1822, 0.0183, -0.9829)	11	4408
393	(1.4811, 27.4042, 8.2231)	(0.0190, 0.1773, 0.0173, -0.9838)	11	4420
394	(0.1725, 37.8395, 9.1721)	(0.0194, 0.1720, 0.0165, -0.9848)	11	4431
395	(-2.2820, 46.3393, 10.9587)	(0.0202, 0.1661, 0.0154, -0.9858)	11	4442
396	(-2.6026, 53.1662, 11.1824)	(0.0205, 0.1599, 0.0145, -0.9868)	11	4453
397	(-3.2847, 58.4233, 12.1768)	(0.0210, 0.1534, 0.0134, -0.9878)	11	4464
398	(-2.3256, 64.5176, 12.0511)	(0.0211, 0.1462, 0.0124, -0.9890)	11	4475
399	(-0.4997, 69.2425, 13.7182)	(0.0210, 0.1388, 0.0109, -0.9900)	11	4486
400	(0.8239, 73.9329, 13.4939)	(0.0208, 0.1310, 0.0099, -0.9911)	11	4498
401	(2.4604, 76.9657, 12.8216)	(0.0204, 0.1231, 0.0089, -0.9921)	11	4509
402	(1.3528, 82.7086, 13.8017)	(0.0205, 0.1140, 0.0076, -0.9932)	11	4520
403	(-0.3640, 89.4991, 15.3746)	(0.0209, 0.1042, 0.0061, -0.9943)	11	4531
404	(-1.2258, 93.4866, 16.6983)	(0.0213, 0.0945, 0.0046, -0.9953)	11	4542
405	(-3.2537, 97.5101, 16.8062)	(0.0220, 0.0843, 0.0033, -0.9962)	11	4553
406	(-4.4138, 97.3547, 15.4741)	(0.0226, 0.0748, 0.0023, -0.9969)	11	4564
407	(-2.8195, 93.6720, 13.9019)	(0.0227, 0.0663, 0.0014, -0.9975)	11	4575
408	(-2.5611, 88.7329, 13.6346)	(0.0229, 0.0585, 0.0004, -0.9980)	11	4586
409	(-2.6764, 83.6509, 12.5818)	(0.0232, 0.0512, -0.0005, -0.9984)	11	4597
410	(-1.0023, 74.3311, 12.3986)	(0.0231, 0.0454, -0.0015, -0.9987)	11	4608
411	(-1.7823, 68.6358, 13.7914)	(0.0235, 0.0395, -0.0030, -0.9989)	11	4620
412	(-0.2948, 60.5274, 13.5271)	(0.0233, 0.0349, -0.0041, -0.9991)	11	4631
413	(-0.0940, 51.9518, 11.2625)	(0.0233, 0.0312, -0.0047, -0.9992)	11	4642
414	(0.8267, 43.7921, 8.3180)	(0.0231, 0.0283, -0.0050, -0.9993)	11	4653
415	(-1.9015, 35.9071, 4.2232)	(0.0237, 0.0260, -0.0047, -0.9994)	11	4664
416	(-2.7508, 33.4536, 3.5486)	(0.0241, 0.0231, -0.0048, -0.9994)	11	4675
417	(-5.1285, 32.2784, 2.7841)	(0.0250, 0.0201, -0.0049, -0.9995)	11	4686
418	(-4.7583, 31.3152, 3.2315)	(0.0255, 0.0172, -0.0052, -0.9995)	11	4697
419	(-4.6347, 30.3459, 3.6740)	(0.0260, 0.0145, -0.0055, -0.9995)	11	4708
420	(-2.8646, 29.8311, 2.2204)	(0.0260, 0.0117, -0.0054, -0.9996)	11	4719
421	(-1.0908, 27.9170, 0.9152)	(0.0259, 0.0094, -0.0052, -0.9996)	11	4731
422	(1.9503, 28.7030, 0.2783)	(0.0252, 0.0065, -0.0051, -0.9996)	11	4742
423	(1.3353, 28.6190, -0.6849)	(0.0253, 0.0037, -0.0049, -0.9997)	11	4753
424	(0.9663, 31.6632, 2.2924)	(0.0253, 0.0001, -0.0054, -0.9997)	11	4764
425	(-1.3541, 34.5545, 0.8394)	(0.0258, -0.0038, -0.0051, -0.9996)	11	4775
426	(-2.4641, 39.8974, -0.0545)	(0.0263, -0.0085, -0.0048, -0.9996)	11	4786
427	(-2.6666, 45.2552, -3.0164)	(0.0266, -0.0137, -0.0040, -0.9995)	11	4797
428	(-1.8881, 49.6206, -3.9590)	(0.0267, -0.0193, -0.0033, -0.9995)	11	4808
429	(0.4111, 53.6351, -4.5329)	(0.0263, -0.0251, -0.0027, -0.9993)	11	4819
430	(3.8892, 55.1854, -3.4189)	(0.0254, -0.0307, -0.0023, -0.9992)	11	4830
431	(7.1293, 54.3892, -0.9182)	(0.0243, -0.0359, -0.0025, -0.9991)	11	4841
432	(8.4736, 53.6685, -0.4271)	(0.0233, -0.0409, -0.0024, -0.9989)	11	4852
433	(8.8451, 51.9679, -0.2109)	(0.0224, -0.0456, -0.0023, -0.9987)	11	4863
434	(7.8671, 51.3614, -2.8672)	(0.0218, -0.0505, -0.0015, -0.9985)	18	4882
435	(7.4351, 52.5922, -2.2844)	(0.0212, -0.0558, -0.0012, -0.9982)	10	4892
436	(6.2161, 52.6152, -1.1200)	(0.0202, -0.0660, -0.0009, -0.9976)	10	4902
437	(5.1886, 50.8527, 1.9561)	(0.0199, -0.0706, -0.0016, -0.9973)	10	4912
438	(5.3266, 47.7923, 4.2083)	(0.0192, -0.0746, -0.0024, -0.9970)	10	4922
439	(6.6816, 41.9957, 3.6519)	(0.0183, -0.0772, -0.0025, -0.9968)	11	4933
440	(8.1061, 34.2051, 3.8047)	(0.0171, -0.0786, -0.0029, -0.9968)	11	4944
441	(8.8029, 21.1553, 0.2273)	(0.0161, -0.0774, -0.0020, -0.9969)	11	4955
442	(10.1060, 9.0918, -2.7540)	(0.0149, -0.0753, -0.0009, -0.9970)	11	4965
443	(8.6753, -6.0868, -6.4597)	(0.0153, -0.0715, -0.0001, -0.9973)	11	4976
444	(10.1061, -18.6913, -9.3160)	(0.0142, -0.0677, 0.0013, -0.9976)	11	4987
445	(9.6553, -37.0095, -11.3195)	(0.0135, -0.0611, 0.0026, -0.9980)	11	4998
446	(8.4153, -52.9218, -12.0877)	(0.0130, -0.0534, 0.0039, -0.9985)	11	5009
447	(8.0909, -70.7356, -13.2494)	(0.0123, -0.0438, 0.0053, -0.9990)	11	5020
448	(9.8956, -85.4571, -15.2747)	(0.0111, -0.0331, 0.0071, -0.9994)	11	5031
449	(10.7753, -96.1923, -16.0334)	(0.0100, -0.0219, 0.0086, -0.9997)	11	5042
450	(12.1447, -108.2131, -17.2596)	(0.0088, -0.0094, 0.0104, -0.9999)	11	5053
451	(11.9787, -115.2199, -17.3009)	(0.0078, 0.0031, 0.0120, -0.9999)	11	5064
452	(12.4296, -125.1887, -16.4263)	(0.0067, 0.0171, 0.0133, -0.9997)	11	5075
453	(13.1183, -132.3775, -16.4665)	(0.0054, 0.0312, 0.0147, -0.9994)	11	5086
454	(12.2801, -139.5913, -17.6000)	(0.0046, 0.0460, 0.0165, -0.9988)	11	5097
455	(10.0873, -143.6946, -21.5266)	(0.0041, 0.0606, 0.0191, -0.9980)	11	5108
456	(8.7327, -141.5335, -25.6449)	(0.0035, 0.0741, 0.0222, -0.9970)	11	5119
457	(7.6824, -139.0478, -29.0442)	(0.0030, 0.0872, 0.0254, -0.9959)	11	5130
458	(7.0642, -134.6526, -28.7648)	(0.0025, 0.0995, 0.0281, -0.9946)	11	5141
459	(4.9882, -132.3478, -26.0021)	(0.0026, 0.1119, 0.0300, -0.9933)	11	5152
460	(3.7109, -131.7706, -24.6085)	(0.0025, 0.1246, 0.0321, -0.9917)	11	5163
461	(1.2706, -131.6863, -23.4475)	(0.0030, 0.1373, 0.0341, -0.9899)	11	5175
462	(-3.6793, -125.3332, -22.3425)	(0.0043, 0.1483, 0.0361, -0.9883)	11	5186
463	(-5.9039, -115.0156, -23.9455)	(0.0052, 0.1576, 0.0388, -0.9867)	11	5197
464	(-6.3724, -99.9179, -24.2484)	(0.0059, 0.1646, 0.0412, -0.9855)	11	5208
465	(-5.3784, -80.1145, -21.0580)	(0.0062, 0.1691, 0.0427, -0.9847)	11	5219
466	(-4.3671, -67.1307, -17.7302)	(0.0064, 0.1734, 0.0439, -0.9838)	11	5230
467	(-1.6584, -48.3772, -12.5788)	(0.0061, 0.1750, 0.0442, -0.9836)	11	5241
468	(-1.2620, -34.4686, -8.7816)	(0.0062, 0.1761, 0.0445, -0.9833)	11	5252
469	(-0.9356, -16.5147, -6.4043)	(0.0061, 0.1748, 0.0447, -0.9836)	11	5263
470	(-3.6537, -0.3080, -3.3765)	(0.0067, 0.1721, 0.0445, -0.9840)	11	5274
471	(-7.2989, 20.7829, 0.8942)	(0.0080, 0.1666, 0.0441, -0.9850)	11	5285
472	(-9.8338, 37.2339, 4.0996)	(0.0092, 0.1602, 0.0435, -0.9861)	11	5297
473	(-9.7495, 53.3611, 6.4515)	(0.0099, 0.1522, 0.0426, -0.9874)	11	5308
474	(-7.6368, 67.2363, 11.2797)	(0.0103, 0.1434, 0.0409, -0.9888)	11	5319
475	(-3.3303, 77.7675, 13.7320)	(0.0098, 0.1342, 0.0392, -0.9901)	11	5330
476	(-0.7864, 87.6426, 16.9349)	(0.0092, 0.1242, 0.0372, -0.9915)	11	5341
477	(0.4684, 96.5234, 16.2087)	(0.0087, 0.1134, 0.0358, -0.9929)	11	5352
478	(0.8072, 106.6715, 17.8280)	(0.0083, 0.1014, 0.0339, -0.9942)	11	5363
479	(0.7941, 112.4749, 18.6264)	(0.0080, 0.0894, 0.0320, -0.9954)	11	5374
480	(-2.3198, 119.6606, 21.6541)	(0.0086, 0.0765, 0.0295, -0.9966)	11	5386
481	(-3.9033, 119.9648, 24.5129)	(0.0091, 0.0648, 0.0268, -0.9975)	11	5397
482	(-4.3776, 118.3591, 29.2947)	(0.0097, 0.0535, 0.0232, -0.9983)	11	5408
483	(-5.3364, 114.6536, 32.7816)	(0.0104, 0.0429, 0.0196, -0.9988)	11	5419
484	(-5.6378, 110.9262, 32.1883)	(0.0109, 0.0327, 0.0167, -0.9993)	11	5430
485	(-7.2136, 107.8652, 31.5224)	(0.0118, 0.0228, 0.0139, -0.9996)	11	5441
486	(-9.0438, 104.7741, 29.7081)	(0.0128, 0.0131, 0.0114, -0.9998)	11	5452
487	(-9.5144, 98.7657, 30.6200)	(0.0137, 0.0044, 0.0084, -0.9999)	11	5464
488	(-7.7215, 89.6735, 29.8255)	(0.0141, -0.0027, 0.0057, -0.9999)	11	5475
489	(-6.0977, 73.9164, 27.8215)	(0.0145, -0.0073, 0.0034, -0.9999)	11	5486
490	(-4.7739, 54.1349, 25.5392)	(0.0147, -0.0093, 0.0013, -0.9998)	11	5497
491	(-5.7757, 36.9975, 21.7459)	(0.0155, -0.0101, -0.0002, -0.9998)	11	5508
492	(-6.5856, 16.4525, 17.8434)	(0.0162, -0.0083, -0.0014, -0.9998)	11	5519
493	(-9.4164, -0.1181, 14.7134)	(0.0175, -0.0055, -0.0023, -0.9998)	11	5530
494	(-8.0936, -19.5414, 9.3176)	(0.0180, -0.0003, -0.0024, -0.9998)	11	5541
495	(-7.9404, -36.4596, 4.1779)	(0.0188, 0.0061, -0.0020, -0.9998)	11	5552
496	(-6.4482, -53.8473, -2.9584)	(0.0192, 0.0143, -0.0007, -0.9997)	11	5563
497	(-4.7670, -69.9830, -8.5416)	(0.0194, 0.0239, 0.0009, -0.9995)	11	5575
498	(-3.0908, -87.2346, -15.2007)	(0.0194, 0.0354, 0.0033, -0.9992)	11	5586
499	(-1.7904, -100.8313, -21.6864)	(0.0193, 0.0476, 0.0063, -0.9987)	11	5597
500	(-0.4290, -109.6308, -25.9579)	(0.0190, 0.0599, 0.0093, -0.9980)	11	5608
501	(1.1607, -117.2512, -29.1554)	(0.0186, 0.0726, 0.0124, -0.9971)	11	5619
502	(2.3271, -120.9758, -29.6959)	(0.0181, 0.0849, 0.0151, -0.9961)	11	5630
503	(3.4909, -122.1646, -31.3171)	(0.0174, 0.0969, 0.0180, -0.9950)	11	5641
504	(3.4299, -124.0834, -32.7427)	(0.0170, 0.1092, 0.0212, -0.9936)	11	5652
505	(3.6679, -122.4922, -35.2067)	(0.0164, 0.1209, 0.0248, -0.9922)	11	5663
506	(3.4641, -116.3959, -37.8861)	(0.0159, 0.1311, 0.0286, -0.9908)	11	5675
507	(3.8013, -107.7738, -39.1592)	(0.0152, 0.1402, 0.0324, -0.9895)	11	5686
508	(3.0897, -92.7631, -40.8612)	(0.0147, 0.1467, 0.0366, -0.9884)	11	5697
509	(3.3610, -74.7766, -37.2030)	(0.0141, 0.1511, 0.0396, -0.9876)	11	5708
510	(3.7556, -59.2633, -32.2197)	(0.0134, 0.1544, 0.0418, -0.9870)	11	5719
511	(1.7658, -39.5516, -27.4970)	(0.0133, 0.1550, 0.0437, -0.9868)	11	5730
512	(1.2358, -21.9272, -23.5889)	(0.0130, 0.1543, 0.0453, -0.9869)	11	5741
513	(-1.8592, 2.5477, -17.9294)	(0.0135, 0.1500, 0.0463, -0.9875)	11	5752
514	(-2.5091, 22.7434, -13.4034)	(0.0135, 0.1446, 0.0470, -0.9883)	11	5764
515	(-4.9989, 46.1970, -7.3532)	(0.0141, 0.1363, 0.0469, -0.9895)	11	5775
516	(-4.3066, 67.4683, -1.0281)	(0.0141, 0.1264, 0.0461, -0.9908)	11	5786
517	(-4.4545, 82.1926, 4.0299)	(0.0143, 0.1162, 0.0452, -0.9921)	11	5797
518	(-5.0357, 95.5638, 5.4668)	(0.0144, 0.1049, 0.0447, -0.9934)	11	5808
519	(-2.4456, 108.1906, 6.4232)	(0.0138, 0.0924, 0.0440, -0.9947)	11	5819
520	(-2.8350, 120.3383, 7.6382)	(0.0136, 0.0789, 0.0433, -0.9958)	11	5830
521	(-1.8809, 128.3777, 7.4733)	(0.0131, 0.0652, 0.0428, -0.9969)	11	5841
522	(-2.6925, 137.7280, 9.0549)	(0.0130, 0.0503, 0.0419, -0.9978)	11	5852
523	(-1.7309, 144.0997, 10.6913)	(0.0125, 0.0352, 0.0408, -0.9985)	11	5864
524	(0.0694, 154.0563, 11.8239)	(0.0116, 0.0186, 0.0396, -0.9990)	11	5875
525	(0.1202, 161.8129, 15.6832)	(0.0109, 0.0017, 0.0377, -0.9992)	11	5886
526	(1.0890, 166.1352, 18.3963)	(0.0100, -0.0152, 0.0357, -0.9992)	11	5897
527	(2.8021, 167.5051, 22.7455)	(0.0088, -0.0317, 0.0329, -0.9989)	11	5908
528	(6.5288, 165.5116, 23.2610)	(0.0070, -0.0474, 0.0308, -0.9984)	11	5919
529	(10.2760, 154.4137, 22.5012)	(0.0049, -0.0604, 0.0288, -0.9977)	11	5930
530	(12.0124, 141.7060, 20.4354)	(0.0030, -0.0720, 0.0272, -0.9970)	11	5941
531	(14.8589, 124.7781, 17.6677)	(0.0007, -0.0813, 0.0261, -0.9963)	11	5952
532	(13.5455, 112.4388, 16.1527)	(-0.0008, -0.0901, 0.0249, -0.9956)	11	5963
533	(9.2544, 95.1270, 15.9651)	(-0.0012, -0.0963, 0.0233, -0.9951)	11	5975
534	(2.0448, 74.8683, 14.6270)	(-0.0005, -0.1003, 0.0220, -0.9947)	11	5986
535	(-3.0935, 55.0676, 11.8148)	(0.0005, -0.1025, 0.0213, -0.9945)	11	5997
536	(-4.9842, 31.4234, 11.3874)	(0.0012, -0.1017, 0.0201, -0.9946)	11	6008
537	(-5.9091, 9.1871, 11.1691)	(0.0019, -0.0989, 0.0190, -0.9949)	11	6019
538	(-3.7798, -15.6939, 6.6703)	(0.0021, -0.0932, 0.0191, -0.9955)	11	6030
539	(-1.1100, -36.3016, 2.5758)	(0.0019, -0.0862, 0.0195, -0.9961)	11	6041
540	(3.0727, -58.1740, -3.5055)	(0.0013, -0.0769, 0.0209, -0.9968)	11	6052
541	(2.6838, -75.6293, -8.0264)	(0.0014, -0.0667, 0.0224, -0.9975)	11	6063
542	(3.6933, -92.2111, -11.6480)	(0.0013, -0.0549, 0.0241, -0.9982)	11	6074
543	(2.3826, -106.2090, -13.9191)	(0.0017, -0.0422, 0.0258, -0.9988)	11	6086
544	(2.7156, -119.5941, -16.2703)	(0.0018, -0.0283, 0.0278, -0.9992)	11	6097
545	(4.3242, -128.9492, -17.8541)	(0.0016, -0.0141, 0.0298, -0.9995)	11	6108
546	(7.3294, -136.5021, -18.1969)	(0.0008, 0.0004, 0.0316, -0.9995)	11	6119
547	(11.0046, -140.6900, -17.5112)	(-0.0004, 0.0149, 0.0332, -0.9993)	11	6130
548	(15.1007, -144.2203, -17.6980)	(-0.0021, 0.0296, 0.0349, -0.9989)	11	6141
549	(16.6936, -146.1050, -17.6018)	(-0.0037, 0.0442, 0.0366, -0.9983)	11	6152
550	(18.1452, -142.5887, -18.4092)	(-0.0054, 0.0575, 0.0385, -0.9976)	11	6164
551	(16.4797, -135.9270, -20.2433)	(-0.0064, 0.0696, 0.0408, -0.9967)	11	6175
552	(11.2127, -127.9052, -20.8757)	(-0.0062, 0.0805, 0.0430, -0.9958)	11	6186
553	(7.5323, -121.0860, -20.8193)	(-0.0060, 0.0910, 0.0451, -0.9948)	11	6197
554	(7.7051, -116.8210, -20.7856)	(-0.0065, 0.1017, 0.0471, -0.9937)	11	6208
555	(8.0108, -116.0461, -18.7943)	(-0.0069, 0.1127, 0.0485, -0.9924)	11	6219
556	(7.9363, -110.1652, -17.0248)	(-0.0073, 0.1223, 0.0498, -0.9912)	11	6230
557	(6.5777, -101.2762, -14.2139)	(-0.0074, 0.1306, 0.0507, -0.9901)	11	6241
558	(3.3132, -86.4681, -10.9732)	(-0.0070, 0.1364, 0.0513, -0.9893)	12	6254
559	(0.2275, -68.0866, -8.4744)	(-0.0064, 0.1398, 0.0517, -0.9888)	10	6263
560	(-1.8996, -44.5585, -4.6177)	(-0.0058, 0.1401, 0.0515, -0.9888)	11	6274
561	(-4.6929, -22.9802, -0.9028)	(-0.0049, 0.1387, 0.0511, -0.9890)	11	6285
562	(-5.2788, -4.9056, 1.2802)	(-0.0044, 0.1361, 0.0507, -0.9894)	11	6297
563	(-5.9916, 13.7846, 3.8917)	(-0.0040, 0.1317, 0.0499, -0.9900)	11	6308
564	(-5.4161, 29.1447, 7.2930)	(-0.0037, 0.1262, 0.0487, -0.9908)	11	6319
565	(-5.9460, 48.9590, 11.0940)	(-0.0032, 0.1181, 0.0471, -0.9919)	11	6330
566	(-7.8282, 71.9037, 13.3200)	(-0.0025, 0.1073, 0.0456, -0.9932)	11	6341
567	(-10.1890, 89.7552, 16.4337)	(-0.0014, 0.0957, 0.0436, -0.9945)	11	6352
568	(-12.0560, 108.8651, 21.6544)	(-0.0003, 0.0819, 0.0407, -0.9958)	11	6363
569	(-9.9447, 120.8485, 26.3377)	(0.0000, 0.0682, 0.0374, -0.9970)	11	6374
570	(-2.5022, 128.4485, 34.0169)	(-0.0012, 0.0545, 0.0328, -0.9980)	11	6386
571	(-0.3675, 130.4781, 37.8654)	(-0.0016, 0.0415, 0.0284, -0.9987)	11	6397
572	(0.5417, 131.2706, 37.6636)	(-0.0021, 0.0287, 0.0248, -0.9993)	11	6408
573	(-0.7374, 129.1290, 34.4270)	(-0.0020, 0.0166, 0.0219, -0.9996)	11	6419
574	(-3.6645, 128.3985, 31.7102)	(-0.0014, 0.0042, 0.0193, -0.9998)	11	6430
575	(-7.4501, 126.1755, 27.7446)	(-0.0003, -0.0078, 0.0173, -0.9998)	11	6441
576	(-7.8674, 120.5548, 26.9496)	(0.0003, -0.0186, 0.0149, -0.9997)	11	6452
577	(-8.8818, 112.1767, 28.1569)	(0.0011, -0.0282, 0.0120, -0.9995)	11	6463
578	(-10.1251, 98.5409, 28.6756)	(0.0021, -0.0357, 0.0091, -0.9993)	12	6475
579	(-9.9081, 85.3894, 29.0030)	(0.0029, -0.0419, 0.0062, -0.9991)	11	6486
580	(-10.0520, 67.6054, 26.2557)	(0.0038, -0.0455, 0.0040, -0.9989)	11	6497
581	(-11.1574, 43.7061, 22.3587)	(0.0049, -0.0458, 0.0025, -0.9989)	11	6508
582	(-11.2338, 18.2081, 14.7784)	(0.0061, -0.0434, 0.0022, -0.9990)	11	6519
583	(-13.0851, -2.3164, 8.9222)	(0.0077, -0.0397, 0.0023, -0.9992)	11	6530
584	(-11.6342, -26.7275, 0.9493)	(0.0086, -0.0330, 0.0035, -0.9994)	11	6541
585	(-10.8666, -45.3894, -6.0391)	(0.0096, -0.0255, 0.0051, -0.9996)	11	6552
586	(-6.6721, -66.5039, -10.9173)	(0.0097, -0.0155, 0.0070, -0.9998)	11	6563
587	(-4.2066, -80.7670, -14.5956)	(0.0098, -0.0052, 0.0089, -0.9999)	11	6574
588	(-2.2749, -97.5427, -15.7848)	(0.0098, 0.0072, 0.0105, -0.9999)	11	6586
589	(-1.3940, -109.7663, -17.9150)	(0.0099, 0.0200, 0.0126, -0.9997)	11	6597
590	(-1.3727, -119.1142, -19.0652)	(0.0101, 0.0332, 0.0145, -0.9993)	11	6608
591	(1.6894, -126.9259, -20.0151)	(0.0095, 0.0468, 0.0165, -0.9987)	11	6619
592	(1.0297, -131.5629, -20.2858)	(0.0097, 0.0604, 0.0184, -0.9980)	11	6630
593	(2.9926, -135.7264, -21.6092)	(0.0091, 0.0744, 0.0206, -0.9970)	11	6641
594	(4.5779, -136.7642, -24.5104)	(0.0084, 0.0879, 0.0233, -0.9958)	11	6652
595	(4.2506, -132.7699, -28.6115)	(0.0081, 0.1001, 0.0267, -0.9946)	11	6664
596	(4.0422, -125.2191, -31.8063)	(0.0077, 0.1111, 0.0302, -0.9933)	11	6675
597	(3.5297, -116.7360, -33.9208)	(0.0074, 0.1210, 0.0337, -0.9921)	11	6686
598	(2.8925, -102.4129, -30.4950)	(0.0072, 0.1286, 0.0360, -0.9910)	11	6697
599	(3.7829, -90.0579, -25.2092)	(0.0067, 0.1352, 0.0375, -0.9901)	11	6708
600	(3.8814, -76.0243, -21.1677)	(0.0063, 0.1402, 0.0388, -0.9893)	11	6719
601	(4.8941, -62.2699, -16.0306)	(0.0057, 0.1439, 0.0394, -0.9888)	11	6730
602	(4.0016, -45.1630, -13.5755)	(0.0052, 0.1454, 0.0402, -0.9885)	11	6741
603	(2.8586, -25.2813, -9.5280)	(0.0051, 0.1446, 0.0406, -0.9886)	11	6753
604	(-0.1109, -3.8150, -5.1410)	(0.0054, 0.1413, 0.0404, -0.9891)	11	6764
605	(-1.3182, 20.5574, 1.2473)	(0.0057, 0.1353, 0.0393, -0.9900)	11	6775
606	(-2.6312, 38.2675, 6.5517)	(0.0060, 0.1286, 0.0379, -0.9909)	11	6786
607	(-2.1361, 60.1350, 9.3988)	(0.0059, 0.1191, 0.0366, -0.9922)	11	6797
608	(-3.5674, 74.4226, 11.1858)	(0.0063, 0.1095, 0.0354, -0.9933)	11	6808
609	(-3.1787, 89.7498, 12.7635)	(0.0064, 0.0982, 0.0340, -0.9946)	12	6820
610	(-3.8735, 100.2494, 14.0127)	(0.0066, 0.0867, 0.0324, -0.9957)	10	6830
611	(-2.4940, 110.9925, 15.0105)	(0.0062, 0.0741, 0.0308, -0.9968)	11	6842
612	(-2.8835, 119.7588, 14.6519)	(0.0063, 0.0610, 0.0296, -0.9977)	11	6853
613	(-2.7735, 124.6508, 15.6513)	(0.0062, 0.0481, 0.0280, -0.9984)	11	6864
614	(-3.0193, 127.8501, 17.2923)	(0.0062, 0.0352, 0.0261, -0.9990)	11	6875
615	(-1.9266, 129.5793, 18.3468)	(0.0061, 0.0223, 0.0242, -0.9994)	11	6886
616	(-2.5946, 129.6105, 19.8698)	(0.0062, 0.0097, 0.0221, -0.9997)	11	6897
617	(-1.6173, 129.3956, 21.0268)	(0.0060, -0.0029, 0.0199, -0.9998)	11	6908
618	(-0.3944, 129.1652, 21.7029)	(0.0057, -0.0155, 0.0178, -0.9997)	11	6920
619	(0.7786, 123.0154, 24.5006)	(0.0053, -0.0265, 0.0150, -0.9995)	11	6931
620	(3.7980, 112.9211, 25.2443)	(0.0042, -0.0360, 0.0126, -0.9993)	11	6942
621	(6.6314, 103.3644, 25.4286)	(0.0030, -0.0446, 0.0102, -0.9989)	11	6953
622	(7.3882, 89.7210, 22.4751)	(0.0020, -0.0512, 0.0086, -0.9987)	11	6964
623	(8.0852, 77.4266, 19.9807)	(0.0010, -0.0567, 0.0071, -0.9984)	11	6975
624	(5.4931, 62.4504, 14.8100)	(0.0008, -0.0604, 0.0065, -0.9982)	11	6986
625	(3.1993, 48.7958, 11.4995)	(0.0008, -0.0630, 0.0059, -0.9980)	11	6997
626	(2.2058, 28.3732, 7.7152)	(0.0008, -0.0625, 0.0058, -0.9980)	11	7008
627	(2.7995, 9.8807, 6.0726)	(0.0005, -0.0605, 0.0055, -0.9982)	11	7020
628	(2.3695, -16.2136, 1.7316)	(0.0004, -0.0546, 0.0061, -0.9985)	11	7031
629	(2.9053, -39.5352, -3.6405)	(0.0002, -0.0471, 0.0073, -0.9989)	11	7042
630	(6.2366, -57.5569, -9.1906)	(-0.0009, -0.0386, 0.0092, -0.9992)	11	7053
631	(7.6719, -74.4336, -15.4275)	(-0.0016, -0.0286, 0.0117, -0.9995)	11	7064
632	(9.9443, -85.5568, -20.0209)	(-0.0028, -0.0185, 0.0145, -0.9997)	11	7075
633	(10.8847, -96.9432, -22.9004)	(-0.0038, -0.0072, 0.0173, -0.9998)	11	7086
634	(11.5698, -104.4864, -25.3646)	(-0.0048, 0.0042, 0.0201, -0.9998)	11	7097
635	(9.3959, -113.5782, -25.9072)	(-0.0051, 0.0167, 0.0227, -0.9996)	11	7109
636	(8.9156, -116.7541, -26.3909)	(-0.0057, 0.0284, 0.0253, -0.9993)	11	7120
637	(9.1588, -117.6038, -26.2544)	(-0.0064, 0.0400, 0.0279, -0.9988)	11	7131
638	(8.7377, -118.6347, -25.9864)	(-0.0070, 0.0517, 0.0304, -0.9982)	11	7142
639	(9.6499, -118.8783, -25.9212)	(-0.0079, 0.0633, 0.0329, -0.9974)	11	7153
640	(10.9318, -119.8401, -28.4627)	(-0.0089, 0.0752, 0.0361, -0.9965)	11	7164
641	(8.9066, -117.6773, -32.4589)	(-0.0093, 0.0862, 0.0400, -0.9954)	11	7175
642	(6.7967, -107.6086, -37.4666)	(-0.0096, 0.0950, 0.0444, -0.9944)	11	7186
643	(5.6680, -96.9659, -38.1011)	(-0.0100, 0.1027, 0.0483, -0.9935)	11	7198
644	(2.0328, -80.0763, -34.1119)	(-0.0096, 0.1076, 0.0510, -0.9928)	11	7209
645	(-0.9869, -58.9631, -26.3712)	(-0.0090, 0.1100, 0.0525, -0.9925)	11	7220
646	(-3.1599, -38.4949, -20.5019)	(-0.0084, 0.1105, 0.0536, -0.9924)	11	7231
647	(-4.2495, -12.6463, -13.5946)	(-0.0080, 0.1076, 0.0539, -0.9927)	11	7242
648	(-4.3595, 9.6804, -8.7471)	(-0.0077, 0.1030, 0.0540, -0.9932)	11	7253
649	(-4.4156, 36.3598, -2.9521)	(-0.0076, 0.0951, 0.0532, -0.9940)	11	7264
650	(-3.6071, 58.2723, 2.0155)	(-0.0077, 0.0859, 0.0522, -0.9949)	11	7275
651	(-4.1360, 79.6647, 8.4619)	(-0.0077, 0.0746, 0.0502, -0.9959)	11	7286
652	(-4.4717, 95.4695, 12.6520)	(-0.0076, 0.0627, 0.0483, -0.9968)	11	7298
653	(-4.1330, 108.1850, 17.6919)	(-0.0078, 0.0501, 0.0457, -0.9977)	11	7309
654	(-1.8929, 118.1907, 21.1333)	(-0.0085, 0.0370, 0.0429, -0.9984)	11	7320
655	(-0.1263, 121.8941, 23.4904)	(-0.0092, 0.0246, 0.0401, -0.9988)	11	7331
656	(-0.0160, 125.1657, 25.5522)	(-0.0095, 0.0119, 0.0372, -0.9992)	11	7342
657	(0.3618, 122.9709, 28.3984)	(-0.0101, 0.0003, 0.0338, -0.9994)	11	7353
658	(2.6250, 122.0882, 29.5650)	(-0.0111, -0.0113, 0.0306, -0.9994)	11	7364
659	(1.7211, 116.7880, 29.6116)	(-0.0114, -0.0217, 0.0276, -0.9993)	11	7375
660	(2.1590, 112.6811, 28.3545)	(-0.0121, -0.0319, 0.0250, -0.9991)	11	7387
661	(1.6817, 104.7113, 26.0853)	(-0.0125, -0.0407, 0.0227, -0.9988)	11	7398
662	(1.9432, 97.8053, 24.8222)	(-0.0130, -0.0491, 0.0204, -0.9985)	11	7409
663	(1.4770, 88.0835, 23.0689)	(-0.0133, -0.0561, 0.0184, -0.9982)	11	7420
664	(2.1766, 74.8775, 20.7760)	(-0.0139, -0.0612, 0.0167, -0.9979)	11	7431
665	(-0.1509, 54.5978, 18.1483)	(-0.0135, -0.0633, 0.0153, -0.9978)	11	7442
666	(-0.9040, 37.4208, 15.4534)	(-0.0134, -0.0642, 0.0142, -0.9977)	11	7453
667	(-1.2153, 11.6126, 10.5572)	(-0.0131, -0.0611, 0.0141, -0.9979)	11	7464
668	(-0.9801, -13.3559, 4.7272)	(-0.0129, -0.0559, 0.0147, -0.9982)	11	7476
669	(-1.0732, -31.0257, -1.3004)	(-0.0127, -0.0501, 0.0159, -0.9985)	11	7487
670	(3.5959, -50.3359, -7.5035)	(-0.0135, -0.0421, 0.0177, -0.9989)	11	7498
671	(5.0285, -65.9304, -13.4631)	(-0.0139, -0.0333, 0.0201, -0.9991)	11	7509
672	(7.8503, -77.3766, -19.0241)	(-0.0148, -0.0241, 0.0230, -0.9993)	11	7520
673	(9.3999, -87.7458, -22.8354)	(-0.0156, -0.0140, 0.0259, -0.9994)	11	7531
674	(10.8762, -94.3504, -23.9880)	(-0.0166, -0.0038, 0.0286, -0.9994)	11	7542
675	(11.9975, -102.7567, -24.2452)	(-0.0176, 0.0076, 0.0312, -0.9993)	11	7553
676	(11.8825, -108.1470, -25.5377)	(-0.0183, 0.0189, 0.0341, -0.9991)	11	7565
677	(11.7720, -110.6006, -23.5373)	(-0.0191, 0.0301, 0.0362, -0.9987)	11	7576
678	(11.7061, -110.0097, -24.2812)	(-0.0200, 0.0407, 0.0388, -0.9982)	11	7587
679	(12.6145, -106.9135, -24.8954)	(-0.0211, 0.0506, 0.0413, -0.9976)	11	7598
680	(11.0699, -99.4326, -25.3449)	(-0.0217, 0.0591, 0.0440, -0.9970)	11	7609
681	(10.9860, -90.9622, -25.0920)	(-0.0225, 0.0666, 0.0465, -0.9964)	11	7620
682	(6.5070, -80.3436, -23.9486)	(-0.0223, 0.0727, 0.0488, -0.9959)	11	7631
683	(2.2099, -66.7978, -19.7070)	(-0.0217, 0.0770, 0.0502, -0.9955)	11	7642
684	(0.4170, -52.6361, -15.1762)	(-0.0213, 0.0799, 0.0510, -0.9953)	11	7653
685	(-3.9288, -42.2477, -10.5619)	(-0.0201, 0.0823, 0.0514, -0.9951)	11	7665
686	(-4.8596, -30.7511, -5.4365)	(-0.0194, 0.0833, 0.0512, -0.9950)	11	7676
687	(-4.0814, -23.5016, -2.5988)	(-0.0190, 0.0845, 0.0510, -0.9949)	11	7687
688	(-3.9073, -17.9083, -0.0978)	(-0.0186, 0.0854, 0.0507, -0.9949)	11	7698
689	(-3.4943, -12.2724, 1.4235)	(-0.0181, 0.0858, 0.0504, -0.9949)	11	7709
690	(-5.0262, -8.6556, 2.5735)	(-0.0173, 0.0861, 0.0500, -0.9949)	11	7720
691	(-6.1947, -3.0709, 4.4780)	(-0.0165, 0.0855, 0.0493, -0.9950)	11	7731
692	(-8.4647, 2.4920, 5.9514)	(-0.0153, 0.0843, 0.0486, -0.9951)	11	7742
693	(-9.1434, 7.6649, 8.6522)	(-0.0143, 0.0827, 0.0475, -0.9953)	11	7753
694	(-8.7813, 10.3658, 9.6893)	(-0.0135, 0.0813, 0.0464, -0.9955)	11	7764
695	(-8.9073, 14.1890, 11.8665)	(-0.0127, 0.0792, 0.0449, -0.9958)	11	7776
696	(-7.6919, 17.1987, 12.8377)	(-0.0121, 0.0771, 0.0435, -0.9960)	11	7787
697	(-8.0623, 18.4117, 12.5683)	(-0.0114, 0.0751, 0.0424, -0.9962)	11	7798
698	(-7.1013, 23.8335, 12.5821)	(-0.0109, 0.0719, 0.0411, -0.9965)	11	7809
699	(-8.6289, 25.8679, 13.8841)	(-0.0098, 0.0691, 0.0396, -0.9968)	11	7820
700	(-9.6703, 29.0804, 16.1965)	(-0.0086, 0.0658, 0.0377, -0.9971)	11	7831
701	(-10.0352, 27.8498, 15.6732)	(-0.0077, 0.0633, 0.0363, -0.9973)	11	7843
702	(-10.0890, 28.2671, 18.1018)	(-0.0067, 0.0605, 0.0342, -0.9976)	11	7854
703	(-9.3574, 26.9947, 18.2455)	(-0.0059, 0.0581, 0.0324, -0.9978)	11	7865
704	(-11.2502, 28.3607, 19.6250)	(-0.0044, 0.0551, 0.0304, -0.9980)	11	7876
705	(-16.1420, 32.3378, 17.9747)	(-0.0021, 0.0513, 0.0291, -0.9983)	11	7887
706	(-18.4743, 34.7811, 12.6351)	(-0.0001, 0.0475, 0.0289, -0.9985)	11	7898
707	(-10.0389, 29.6267, 16.0664)	(-0.0004, 0.0456, 0.0268, -0.9986)	11	7909
708	(-6.9800, 28.2315, 18.9458)	(-0.0003, 0.0431, 0.0245, -0.9988)	11	7920
709	(-2.7127, 29.1951, 18.2445)	(-0.0008, 0.0400, 0.0227, -0.9989)	11	7931
710	(-0.3907, 28.6987, 17.6356)	(-0.0010, 0.0373, 0.0211, -0.9991)	11	7943
711	(0.3246, 30.8742, 16.8002)	(-0.0012, 0.0338, 0.0196, -0.9992)	11	7954
712	(3.4385, 31.2003, 17.6998)	(-0.0020, 0.0307, 0.0177, -0.9994)	11	7965
713	(6.4309, 30.2005, 16.2467)	(-0.0031, 0.0279, 0.0163, -0.9995)	11	7976
714	(7.7132, 29.1151, 16.8140)	(-0.0040, 0.0253, 0.0146, -0.9996)	11	7987
715	(6.5572, 27.8251, 16.2370)	(-0.0045, 0.0229, 0.0131, -0.9996)	11	7998
716	(4.6065, 25.8629, 15.8532)	(-0.0047, 0.0207, 0.0116, -0.9997)	11	8009
717	(1.4979, 25.1540, 14.1719)	(-0.0043, 0.0183, 0.0105, -0.9998)	11	8021
718	(-3.8674, 24.4680, 13.7153)	(-0.0032, 0.0160, 0.0092, -0.9998)	11	8032
719	(-5.0875, 22.5993, 11.7487)	(-0.0025, 0.0141, 0.0083, -0.9999)	11	8043
720	(-5.8104, 21.2801, 12.7499)	(-0.0017, 0.0122, 0.0069, -0.9999)	11	8054
721	(-5.9350, 19.0414, 10.5415)	(-0.0011, 0.0107, 0.0063, -0.9999)	11	8065
722	(-5.8716, 16.8487, 7.7882)	(-0.0005, 0.0094, 0.0060, -0.9999)	11	8076
723	(-4.2275, 16.0825, 6.0941)	(-0.0003, 0.0080, 0.0057, -1.0000)	11	8087
724	(-5.0145, 14.5037, 6.1854)	(0.0004, 0.0069, 0.0052, -1.0000)	11	8098
725	(-4.4047, 11.7663, 3.6245)	(0.0007, 0.0063, 0.0053, -1.0000)	11	8110
726	(-4.8898, 10.1661, 2.6800)	(0.0013, 0.0056, 0.0051, -1.0000)	11	8121
727	(-5.6761, 8.0890, 2.4839)	(0.0020, 0.0052, 0.0049, -1.0000)	11	8132
728	(-7.0132, 6.5720, 2.8216)	(0.0029, 0.0048, 0.0046, -1.0000)	11	8143
729	(-6.8858, 3.9556, 3.0570)	(0.0035, 0.0048, 0.0043, -1.0000)	11	8154
730	(-6.6398, 3.5732, 2.2746)	(0.0042, 0.0045, 0.0042, -1.0000)	11	8165
731	(-8.0432, 3.4603, 2.7043)	(0.0051, 0.0042, 0.0039, -1.0000)	11	8176
732	(-7.4873, 0.9576, 2.3298)	(0.0057, 0.0045, 0.0037, -1.0000)	11	8187
733	(-7.6680, -0.4476, 1.9296)	(0.0065, 0.0046, 0.0036, -1.0000)	11	8198
734	(-7.1814, -0.6442, 1.2628)	(0.0071, 0.0046, 0.0036, -1.0000)	11	8210
735	(-7.2435, -1.5750, 0.5496)	(0.0079, 0.0049, 0.0037, -1.0000)	11	8221
736	(-7.8466, -3.5901, 0.2945)	(0.0087, 0.0055, 0.0036, -0.9999)	11	8232
737	(-8.2782, -2.2316, 1.2351)	(0.0096, 0.0055, 0.0034, -0.9999)	11	8243
738	(-7.2961, -3.5228, 0.4688)	(0.0102, 0.0061, 0.0034, -0.9999)	11	8254
739	(-6.9346, -3.3303, 0.8929)	(0.0108, 0.0064, 0.0032, -0.9999)	11	8265
740	(-5.7719, -3.0938, 0.6388)	(0.0112, 0.0067, 0.0031, -0.9999)	11	8276
741	(-5.0421, -3.3860, 1.1288)	(0.0116, 0.0071, 0.0029, -0.9999)	11	8287
742	(-1.9928, -4.2667, -0.3784)	(0.0113, 0.0075, 0.0032, -0.9999)	11	8299
743	(-1.1944, -4.8722, -0.3685)	(0.0113, 0.0080, 0.0032, -0.9999)	11	8310
744	(-0.5261, -4.0869, -0.6266)	(0.0113, 0.0081, 0.0033, -0.9999)	11	8321
745	(0.1430, -3.6050, -0.8842)	(0.0112, 0.0083, 0.0034, -0.9999)	11	8332
746	(-0.7115, -3.0440, -0.2867)	(0.0113, 0.0085, 0.0034, -0.9999)	11	8343
747	(-1.0152, -3.4194, -0.7015)	(0.0115, 0.0089, 0.0036, -0.9999)	11	8354
748	(-1.9337, -3.4346, -1.3678)	(0.0118, 0.0093, 0.0038, -0.9999)	11	8365
749	(-1.9968, -2.7460, -0.4662)	(0.0119, 0.0093, 0.0037, -0.9999)	11	8376
750	(-2.1208, -0.9681, -0.0155)	(0.0120, 0.0092, 0.0037, -0.9999)	11	8388
751	(0.0774, -1.8141, 0.1782)	(0.0119, 0.0092, 0.0037, -0.9999)	11	8399
752	(0.0146, 0.6248, 0.4839)	(0.0119, 0.0091, 0.0037, -0.9999)	11	8410
753	(0.6171, 1.0027, 1.2696)	(0.0119, 0.0090, 0.0036, -0.9999)	11	8421
754	(0.3112, 1.0436, 0.2400)	(0.0119, 0.0089, 0.0037, -0.9999)	11	8432
755	(-0.4794, 0.9846, 0.4781)	(0.0120, 0.0088, 0.0036, -0.9999)	11	8443
756	(-1.3915, 0.9773, 0.1834)	(0.0122, 0.0087, 0.0037, -0.9999)	11	8454
757	(-0.6010, 0.8466, -0.3654)	(0.0122, 0.0087, 0.0037, -0.9999)	11	8465
758	(-0.1089, -1.1590, -0.5038)	(0.0123, 0.0089, 0.0038, -0.9999)	11	8477
759	(-0.3522, -0.3107, -0.7032)	(0.0123, 0.0089, 0.0039, -0.9999)	11	8488
760	(0.6801, 0.3784, 0.4297)	(0.0123, 0.0089, 0.0039, -0.9999)	11	8499
761	(-0.1696, 0.8637, 0.4224)	(0.0124, 0.0089, 0.0039, -0.9999)	11	8510
762	(-1.8157, -0.9538, 0.6469)	(0.0127, 0.0090, 0.0038, -0.9999)	11	8521
763	(-2.0578, 0.2793, 1.5953)	(0.0130, 0.0088, 0.0036, -0.9999)	11	8532
764	(-2.5449, 0.0931, 1.4803)	(0.0133, 0.0088, 0.0035, -0.9999)	11	8543
765	(-3.8295, 0.6522, 2.0163)	(0.0139, 0.0087, 0.0032, -0.9999)	11	8554
766	(-3.3988, 0.1543, 1.7219)	(0.0141, 0.0088, 0.0031, -0.9999)	11	8565
767	(-2.8559, 0.3240, 1.0475)	(0.0143, 0.0088, 0.0031, -0.9999)	11	8577
768	(-4.6811, -0.3786, 2.0396)	(0.0152, 0.0089, 0.0027, -0.9998)	11	8588
769	(-5.8372, -0.6106, 2.7799)	(0.0161, 0.0089, 0.0022, -0.9998)	11	8599
770	(-6.0874, 0.9720, 2.9318)	(0.0167, 0.0086, 0.0019, -0.9998)	11	8610
771	(-6.6912, 0.4502, 4.2826)	(0.0175, 0.0087, 0.0013, -0.9998)	11	8621
772	(-7.6073, -0.1555, 4.1145)	(0.0184, 0.0088, 0.0009, -0.9998)	11	8632
773	(-6.1370, -1.3774, 3.8945)	(0.0188, 0.0091, 0.0006, -0.9998)	11	8643
774	(-6.5693, -0.4683, 3.8775)	(0.0195, 0.0090, 0.0002, -0.9998)	11	8654
775	(-6.5056, -0.7085, 3.8821)	(0.0201, 0.0091, -0.0002, -0.9998)	11	8665
776	(-5.8358, -1.4078, 2.4298)	(0.0205, 0.0093, -0.0002, -0.9997)	11	8677
777	(-6.9368, -1.3531, 2.3747)	(0.0213, 0.0094, -0.0005, -0.9997)	11	8688
778	(-6.9423, -0.0972, 1.1310)	(0.0220, 0.0093, -0.0004, -0.9997)	11	8699
779	(-7.1268, -0.7986, -0.3703)	(0.0227, 0.0096, -0.0001, -0.9997)	11	8710
780	(-8.2876, 0.2870, -0.3887)	(0.0237, 0.0094, 0.0000, -0.9997)	11	8721
781	(-9.1964, -0.3662, 0.1763)	(0.0248, 0.0096, -0.0001, -0.9996)	11	8732
782	(-12.1933, 0.9530, -0.3335)	(0.0264, 0.0093, 0.0001, -0.9996)	11	8743
783	(-12.9843, 1.5846, 0.6286)	(0.0278, 0.0090, -0.0001, -0.9996)	11	8755
784	(-13.2273, 1.0594, 1.7954)	(0.0292, 0.0090, -0.0005, -0.9995)	11	8766
785	(-12.7945, 0.2151, 2.1773)	(0.0304, 0.0091, -0.0008, -0.9995)	11	8777
786	(-14.2037, 1.8503, 1.9025)	(0.0320, 0.0087, -0.0009, -0.9995)	11	8788
787	(-14.0187, 1.1786, 1.7954)	(0.0333, 0.0086, -0.0011, -0.9994)	11	8799
788	(-15.3094, 3.4878, 1.4494)	(0.0350, 0.0079, -0.0012, -0.9994)	11	8810
789	(-14.8162, 3.2372, 1.2070)	(0.0363, 0.0077, -0.0013, -0.9993)	11	8821
790	(-14.7563, 2.6423, 1.7680)	(0.0377, 0.0075, -0.0015, -0.9993)	11	8832
791	(-11.8285, 3.6273, 2.1629)	(0.0384, 0.0070, -0.0017, -0.9992)	11	8843
792	(-10.9062, 2.2434, 2.9832)	(0.0394, 0.0070, -0.0021, -0.9992)	11	8854
793	(-7.4275, 1.6756, 4.6262)	(0.0396, 0.0068, -0.0028, -0.9992)	11	8866
794	(-3.7093, 1.4624, 2.9778)	(0.0394, 0.0067, -0.0028, -0.9992)	11	8877
795	(-1.5096, 0.6905, 0.9790)	(0.0392, 0.0068, -0.0026, -0.9992)	11	8888
796	(1.5283, 0.7453, -2.3146)	(0.0386, 0.0068, -0.0019, -0.9992)	11	8899
797	(2.6798, 1.8016, -4.4101)	(0.0381, 0.0065, -0.0012, -0.9993)	11	8910
798	(7.6758, 0.7696, -7.5102)	(0.0366, 0.0066, 0.0000, -0.9993)	11	8921
799	(11.0945, -0.9536, -8.8241)	(0.0350, 0.0070, 0.0010, -0.9994)	11	8932
800	(14.9494, -5.2433, -10.2707)	(0.0329, 0.0081, 0.0021, -0.9994)	11	8943
801	(20.5730, -8.7424, -9.0611)	(0.0301, 0.0094, 0.0027, -0.9995)	11	8955
802	(22.9569, -10.6930, -9.1489)	(0.0275, 0.0107, 0.0035, -0.9996)	11	8966
803	(22.4736, -11.0252, -7.4990)	(0.0253, 0.0119, 0.0038, -0.9996)	11	8977
804	(14.8893, -7.4653, -11.6844)	(0.0249, 0.0121, 0.0055, -0.9996)	11	8988
805	(6.8863, -8.7943, -19.4311)	(0.0254, 0.0132, 0.0086, -0.9996)	11	8999
806	(0.4099, -8.1007, -23.6249)	(0.0262, 0.0139, 0.0115, -0.9995)	11	9010
807	(-3.4385, -5.3767, -26.9578)	(0.0271, 0.0141, 0.0146, -0.9994)	11	9021
808	(-5.3340, -4.4134, -27.5780)	(0.0280, 0.0144, 0.0174, -0.9994)	11	9032
809	(-5.0984, -3.1602, -28.6966)	(0.0285, 0.0146, 0.0204, -0.9993)	11	9043
810	(-4.9209, -0.6020, -28.4455)	(0.0290, 0.0143, 0.0232, -0.9992)	11	9054
811	(-6.1431, 1.2041, -26.5906)	(0.0297, 0.0139, 0.0255, -0.9991)	11	9066
812	(-7.6032, 1.6589, -25.0166)	(0.0306, 0.0137, 0.0277, -0.9991)	11	9077
813	(-8.9491, 4.5512, -23.4863)	(0.0316, 0.0129, 0.0298, -0.9990)	11	9088
814	(-13.1030, 6.3295, -22.7778)	(0.0334, 0.0120, 0.0320, -0.9989)	11	9099
815	(-15.5518, 9.8250, -21.6225)	(0.0353, 0.0105, 0.0340, -0.9987)	11	9110
816	(-21.4742, 11.5037, -22.5543)	(0.0382, 0.0091, 0.0364, -0.9986)	11	9121
817	(-25.0813, 13.9887, -22.8397)	(0.0412, 0.0073, 0.0387, -0.9984)	11	9132
818	(-26.0585, 15.2126, -22.5526)	(0.0438, 0.0055, 0.0409, -0.9982)	11	9143
819	(-24.5302, 14.6227, -21.5727)	(0.0459, 0.0041, 0.0430, -0.9980)	11	9154
820	(-24.0419, 15.5770, -19.7686)	(0.0481, 0.0024, 0.0447, -0.9978)	11	9165
821	(-23.6098, 15.7901, -18.3726)	(0.0502, 0.0009, 0.0463, -0.9977)	11	9177
822	(-22.5644, 13.6257, -17.1136)	(0.0522, -0.0001, 0.0477, -0.9975)	11	9188
823	(-23.8464, 13.0838, -16.6756)	(0.0546, -0.0014, 0.0493, -0.9973)	11	9199
824	(-20.9745, 12.0253, -15.1982)	(0.0562, -0.0024, 0.0506, -0.9971)	11	9210
825	(-17.6033, 6.9576, -15.7753)	(0.0575, -0.0023, 0.0522, -0.9970)	11	9221
826	(-12.1109, 4.0882, -16.4658)	(0.0579, -0.0022, 0.0539, -0.9969)	11	9232
827	(-7.0322, 0.7086, -15.2571)	(0.0578, -0.0017, 0.0552, -0.9968)	11	9243
828	(-0.3127, -2.0832, -12.6006)	(0.0569, -0.0010, 0.0560, -0.9968)	11	9255
829	(3.1142, -6.7856, -10.5080)	(0.0562, 0.0005, 0.0566, -0.9968)	11	9266
830	(7.5232, -10.1531, -8.6854)	(0.0549, 0.0021, 0.0571, -0.9969)	11	9277
831	(9.1780, -13.1757, -7.7198)	(0.0538, 0.0039, 0.0575, -0.9969)	11	9288
832	(11.3176, -16.0376, -7.8514)	(0.0525, 0.0060, 0.0581, -0.9969)	11	9299
833	(14.9208, -17.3187, -8.0193)	(0.0506, 0.0080, 0.0589, -0.9970)	11	9310
834	(18.3958, -16.8062, -9.9848)	(0.0484, 0.0098, 0.0600, -0.9970)	11	9321
835	(23.2768, -16.2733, -8.0649)	(0.0455, 0.0115, 0.0604, -0.9971)	11	9332
836	(27.7306, -15.3988, -7.3005)	(0.0422, 0.0131, 0.0609, -0.9972)	11	9343
837	(31.5051, -12.5568, -8.4672)	(0.0386, 0.0142, 0.0618, -0.9972)	19	9363
838	(35.6543, -11.1900, -7.4086)	(0.0346, 0.0154, 0.0622, -0.9973)	6	9369
839	(37.9681, -9.5178, -6.4137)	(0.0307, 0.0163, 0.0625, -0.9974)	8	9377
840	(39.1874, -7.2219, -4.2726)	(0.0231, 0.0179, 0.0629, -0.9976)	12	9389
841	(40.4052, -5.5625, -3.8234)	(0.0228, 0.0175, 0.0628, -0.9976)	11	9400
842	(42.2288, -2.7409, -2.8502)	(0.0184, 0.0176, 0.0629, -0.9977)	11	9411
843	(43.0752, 0.8625, -2.1988)	(0.0141, 0.0173, 0.0629, -0.9978)	11	9422
844	(41.6670, 3.7638, -0.2395)	(0.0102, 0.0168, 0.0625, -0.9978)	11	9433
845	(40.2009, 6.2876, 0.9209)	(0.0065, 0.0160, 0.0622, -0.9979)	11	9444
846	(36.4731, 10.0231, 2.1380)	(0.0035, 0.0147, 0.0618, -0.9980)	11	9455
847	(30.4898, 12.6626, 3.6240)	(0.0013, 0.0132, 0.0612, -0.9980)	11	9466
848	(25.9701, 13.3870, 3.5026)	(-0.0006, 0.0119, 0.0608, -0.9981)	11	9477
849	(21.7613, 14.8157, 5.0078)	(-0.0023, 0.0103, 0.0600, -0.9981)	11	9488
850	(19.7508, 14.7098, 5.8053)	(-0.0040, 0.0090, 0.0593, -0.9982)	11	9499
851	(18.0952, 16.2805, 5.4753)	(-0.0055, 0.0072, 0.0589, -0.9982)	11	9510
852	(17.3032, 16.2706, 5.0488)	(-0.0072, 0.0058, 0.0584, -0.9982)	11	9521
853	(18.4042, 16.6522, 5.7129)	(-0.0092, 0.0043, 0.0577, -0.9983)	11	9532
854	(18.7080, 16.7167, 5.7679)	(-0.0111, 0.0029, 0.0572, -0.9983)	11	9543
855	(17.1288, 13.8067, 6.5634)	(-0.0126, 0.0021, 0.0564, -0.9983)	11	9554
856	(14.5739, 12.3265, 8.7288)	(-0.0137, 0.0011, 0.0552, -0.9984)	11	9565
857	(9.3328, 10.1761, 8.3013)	(-0.0138, 0.0005, 0.0544, -0.9984)	11	9576
858	(7.3896, 6.0514, 9.0594)	(-0.0142, 0.0006, 0.0534, -0.9985)	11	9587
859	(2.9374, 4.8186, 8.6740)	(-0.0138, 0.0004, 0.0527, -0.9985)	11	9598
860	(0.3760, 3.5097, 7.5524)	(-0.0134, 0.0002, 0.0522, -0.9985)	11	9609
861	(2.3337, 2.1656, 7.2076)	(-0.0140, 0.0003, 0.0515, -0.9986)	11	9621
862	(3.5545, 1.7868, 6.5424)	(-0.0145, 0.0002, 0.0510, -0.9986)	11	9632
863	(5.4577, -2.0205, 7.4659)	(-0.0153, 0.0011, 0.0502, -0.9986)	11	9643
864	(6.5552, -3.2443, 7.1784)	(-0.0162, 0.0016, 0.0495, -0.9986)	11	9654
865	(7.4156, -5.3040, 7.7094)	(-0.0171, 0.0026, 0.0487, -0.9987)	11	9665
866	(5.9590, -7.5593, 7.5131)	(-0.0174, 0.0037, 0.0480, -0.9987)	11	9676
867	(5.6579, -8.5342, 7.7167)	(-0.0179, 0.0048, 0.0472, -0.9987)	11	9687
868	(7.9161, -11.1640, 6.9107)	(-0.0189, 0.0063, 0.0467, -0.9987)	11	9698
869	(10.0538, -10.4208, 7.5588)	(-0.0201, 0.0073, 0.0458, -0.9987)	11	9709
870	(12.8574, -11.2930, 6.4698)	(-0.0217, 0.0086, 0.0453, -0.9987)	11	9720
871	(13.4686, -9.5630, 7.5944)	(-0.0231, 0.0093, 0.0444, -0.9987)	11	9732
872	(16.6348, -9.3542, 5.6302)	(-0.0252, 0.0102, 0.0442, -0.9986)	11	9743
873	(21.0345, -8.9418, 7.5596)	(-0.0280, 0.0112, 0.0432, -0.9986)	11	9754
874	(25.0628, -10.2720, 7.7576)	(-0.0309, 0.0126, 0.0424, -0.9985)	11	9765
875	(29.3416, -11.8738, 9.7223)	(-0.0343, 0.0142, 0.0411, -0.9985)	11	9776
876	(31.5411, -12.2040, 11.3071)	(-0.0376, 0.0157, 0.0398, -0.9984)	11	9787
877	(35.5104, -12.6111, 11.8528)	(-0.0416, 0.0172, 0.0386, -0.9982)	11	9798
878	(37.8265, -12.3548, 12.2012)	(-0.0456, 0.0186, 0.0373, -0.9981)	11	9809
879	(42.2179, -12.2268, 12.3116)	(-0.0503, 0.0201, 0.0362, -0.9979)	11	9820
880	(44.6592, -12.1757, 11.8743)	(-0.0549, 0.0215, 0.0351, -0.9976)	11	9831
881	(46.4861, -12.0071, 11.0761)	(-0.0597, 0.0228, 0.0341, -0.9974)	11	9842
882	(49.2351, -13.4717, 10.6685)	(-0.0648, 0.0246, 0.0330, -0.9970)	11	9853
883	(51.0093, -14.3812, 10.8647)	(-0.0700, 0.0263, 0.0319, -0.9967)	11	9865
884	(50.7030, -14.2799, 9.7080)	(-0.0748, 0.0278, 0.0312, -0.9963)	11	9876
885	(51.6740, -14.1315, 7.9975)	(-0.0799, 0.0294, 0.0306, -0.9959)	11	9887
886	(51.1823, -13.3707, 6.6450)	(-0.0847, 0.0308, 0.0301, -0.9955)	11	9898
887	(46.9610, -11.1433, 5.5771)	(-0.0886, 0.0317, 0.0297, -0.9951)	11	9909
888	(41.5281, -8.5604, 7.0627)	(-0.0917, 0.0323, 0.0287, -0.9949)	11	9920
889	(32.1293, -6.4100, 8.6315)	(-0.0933, 0.0327, 0.0276, -0.9947)	11	9931
890	(23.9385, -1.1461, 7.3939)	(-0.0943, 0.0321, 0.0270, -0.9947)	11	9942
891	(11.7275, 1.7709, 5.3002)	(-0.0934, 0.0315, 0.0268, -0.9948)	11	9954
892	(1.2810, 4.8114, 2.7126)	(-0.0919, 0.0305, 0.0269, -0.9949)	11	9965
893	(-4.7670, 7.6200, 0.5400)	(-0.0906, 0.0291, 0.0270, -0.9951)	11	9976
894	(-9.2839, 10.5651, 1.7753)	(-0.0890, 0.0277, 0.0266, -0.9953)	11	9987
895	(-11.6608, 9.3347, 1.3780)	(-0.0876, 0.0269, 0.0265, -0.9954)	11	9998
896	(-13.7365, 9.2686, 1.0823)	(-0.0859, 0.0259, 0.0264, -0.9956)	11	10009
897	(-15.0143, 8.8330, 0.8546)	(-0.0843, 0.0251, 0.0263, -0.9958)	11	10020
898	(-14.7104, 8.3984, 0.3133)	(-0.0828, 0.0244, 0.0264, -0.9959)	11	10031
899	(-14.4661, 6.6194, -0.1950)	(-0.0815, 0.0240, 0.0265, -0.9960)	11	10043
900	(-12.0269, 7.7767, -0.2885)	(-0.0808, 0.0230, 0.0265, -0.9961)	11	10054
901	(-9.6457, 6.7364, -0.6349)	(-0.0802, 0.0225, 0.0266, -0.9962)	11	10065
902	(-7.1455, 6.8125, -0.1575)	(-0.0798, 0.0218, 0.0265, -0.9962)	11	10076
903	(-4.6394, 5.5699, -1.4212)	(-0.0797, 0.0214, 0.0268, -0.9962)	11	10087
904	(-4.3970, 5.2118, -1.0486)	(-0.0793, 0.0209, 0.0268, -0.9963)	11	10098
905	(-5.1231, 5.4220, 0.2822)	(-0.0787, 0.0204, 0.0266, -0.9963)	11	10109
906	(-3.7788, 3.8306, -0.3533)	(-0.0786, 0.0202, 0.0268, -0.9963)	11	10120
907	(-3.9624, 4.3878, 0.2996)	(-0.0782, 0.0197, 0.0266, -0.9964)	11	10131
908	(-2.0112, 3.5365, 0.2538)	(-0.0784, 0.0197, 0.0267, -0.9964)	11	10143
909	(-1.5824, 3.7766, -0.0555)	(-0.0784, 0.0193, 0.0267, -0.9964)	11	10154
910	(-1.1526, 2.6521, 1.4247)	(-0.0784, 0.0193, 0.0264, -0.9964)	11	10165
911	(-2.3077, 0.9876, 0.7294)	(-0.0781, 0.0195, 0.0265, -0.9964)	11	10176
912	(-3.7103, 0.1965, 0.7494)	(-0.0775, 0.0195, 0.0265, -0.9965)	11	10187
913	(-3.8280, -1.5220, -0.1251)	(-0.0771, 0.0198, 0.0266, -0.9965)	11	10198
914	(-3.3973, -2.2023, -0.6561)	(-0.0767, 0.0201, 0.0268, -0.9965)	11	10209
915	(-3.2775, -1.5843, -0.1255)	(-0.0765, 0.0201, 0.0267, -0.9965)	11	10220
916	(-1.0196, -2.0922, -1.2774)	(-0.0766, 0.0203, 0.0269, -0.9965)	11	10232
917	(-0.4729, -1.8790, 0.1182)	(-0.0765, 0.0204, 0.0268, -0.9965)	11	10243
918	(1.4132, -1.9365, -0.0063)	(-0.0767, 0.0207, 0.0269, -0.9965)	11	10254
919	(0.2556, -2.0625, 0.0568)	(-0.0766, 0.0210, 0.0270, -0.9965)	11	10265
920	(0.5598, -2.1810, 0.1212)	(-0.0767, 0.0212, 0.0270, -0.9965)	11	10276
921	(0.1949, -0.9705, -0.2682)	(-0.0767, 0.0213, 0.0271, -0.9965)	11	10287
922	(-1.3331, -0.8187, -1.6683)	(-0.0765, 0.0214, 0.0273, -0.9965)	11	10298
923	(-3.2237, 0.5648, -2.1769)	(-0.0759, 0.0213, 0.0277, -0.9965)	11	10309
924	(-3.2270, 1.1508, -3.1612)	(-0.0756, 0.0211, 0.0282, -0.9965)	11	10321
925	(-3.2920, 1.8817, -3.2386)	(-0.0752, 0.0207, 0.0287, -0.9965)	11	10332
926	(-3.1134, 3.5805, -3.5766)	(-0.0748, 0.0200, 0.0291, -0.9966)	11	10343
927	(-4.2760, 4.6514, -4.5672)	(-0.0742, 0.0194, 0.0297, -0.9966)	11	10354
928	(-5.7417, 3.6719, -4.7892)	(-0.0734, 0.0190, 0.0302, -0.9967)	11	10365
929	(-5.6837, 6.3102, -3.9902)	(-0.0729, 0.0179, 0.0304, -0.9967)	11	10376
930	(-5.5595, 5.2234, -3.4194)	(-0.0724, 0.0176, 0.0307, -0.9967)	11	10387
931	(-5.6257, 6.1883, -3.8048)	(-0.0718, 0.0168, 0.0311, -0.9968)	11	10398
932	(-5.1303, 5.5926, -3.3080)	(-0.0714, 0.0163, 0.0314, -0.9968)	11	10409
933	(-4.8843, 3.7742, -2.9689)	(-0.0709, 0.0162, 0.0316, -0.9968)	11	10421
934	(-4.2132, 3.7789, -2.7879)	(-0.0707, 0.0158, 0.0319, -0.9969)	11	10432
935	(-3.4813, 3.6284, -3.9998)	(-0.0705, 0.0154, 0.0324, -0.9969)	11	10443
936	(-2.5008, 2.2604, -2.6994)	(-0.0705, 0.0154, 0.0324, -0.9969)	11	10454
937	(-1.0983, 2.7381, -3.1994)	(-0.0706, 0.0150, 0.0327, -0.9969)	11	10465
938	(-1.4690, 3.6308, -4.0057)	(-0.0704, 0.0144, 0.0333, -0.9969)	11	10476
939	(-0.4336, 4.7368, -3.7279)	(-0.0706, 0.0137, 0.0336, -0.9968)	11	10487
940	(0.1171, 5.1774, -2.9490)	(-0.0707, 0.0132, 0.0337, -0.9968)	11	10498
941	(0.9002, 6.1580, -2.9081)	(-0.0709, 0.0124, 0.0340, -0.9968)	11	10510
942	(-1.5285, 5.3611, -2.8277)	(-0.0704, 0.0121, 0.0343, -0.9969)	11	10521
943	(-0.4317, 5.0066, -2.3318)	(-0.0705, 0.0116, 0.0344, -0.9968)	11	10532
944	(-0.0623, 3.7864, -2.6744)	(-0.0706, 0.0114, 0.0348, -0.9968)	11	10543
945	(1.3934, 4.2834, -2.2654)	(-0.0710, 0.0109, 0.0349, -0.9968)	11	10554
946	(1.8797, 3.7720, -3.4750)	(-0.0713, 0.0106, 0.0354, -0.9968)	11	10565
947	(4.1401, 2.9159, -3.7676)	(-0.0720, 0.0104, 0.0357, -0.9967)	11	10576
948	(4.3190, 4.8665, -3.5614)	(-0.0725, 0.0097, 0.0360, -0.9967)	11	10588
949	(5.9722, 3.0782, -4.8688)	(-0.0733, 0.0097, 0.0367, -0.9966)	11	10599
950	(6.6354, 5.9954, -4.9925)	(-0.0741, 0.0086, 0.0371, -0.9965)	11	10610
951	(9.4965, 6.5020, -7.2021)	(-0.0754, 0.0079, 0.0382, -0.9964)	11	10621
952	(10.9599, 6.6443, -6.2368)	(-0.0767, 0.0072, 0.0386, -0.9963)	11	10632
953	(13.4002, 7.0674, -6.6758)	(-0.0784, 0.0064, 0.0393, -0.9961)	11	10643
954	(15.9683, 5.5023, -5.8624)	(-0.0803, 0.0062, 0.0397, -0.9960)	11	10654
955	(16.8814, 5.6510, -4.8326)	(-0.0821, 0.0057, 0.0399, -0.9958)	11	10665
956	(18.3575, 3.4891, -3.2088)	(-0.0841, 0.0058, 0.0400, -0.9956)	11	10676
957	(18.9716, 2.0616, -1.7231)	(-0.0861, 0.0060, 0.0399, -0.9955)	11	10687
958	(20.9809, 4.8494, -2.6376)	(-0.0885, 0.0053, 0.0401, -0.9953)	11	10698
959	(22.9905, 5.4455, -3.2619)	(-0.0910, 0.0047, 0.0404, -0.9950)	11	10710
960	(23.0464, 5.8651, -3.4535)	(-0.0933, 0.0041, 0.0407, -0.9948)	11	10721
961	(24.1425, 7.5675, -3.6741)	(-0.0959, 0.0031, 0.0410, -0.9945)	11	10732
962	(23.5923, 9.0762, -1.5749)	(-0.0981, 0.0021, 0.0407, -0.9943)	11	10743
963	(24.6344, 8.3759, -0.0994)	(-0.1007, 0.0016, 0.0404, -0.9941)	11	10754
964	(23.8476, 7.6121, 1.1883)	(-0.1029, 0.0011, 0.0400, -0.9939)	11	10765
965	(23.1822, 5.8537, 1.7119)	(-0.1051, 0.0009, 0.0398, -0.9937)	11	10776
966	(21.0468, 4.1951, 1.0823)	(-0.1068, 0.0008, 0.0398, -0.9935)	11	10787
967	(21.1703, 1.9747, -0.2691)	(-0.1088, 0.0010, 0.0400, -0.9933)	11	10799
968	(18.9692, 2.7875, -2.0409)	(-0.1102, 0.0006, 0.0404, -0.9931)	11	10810
969	(18.5457, 2.9199, -1.4360)	(-0.1120, 0.0004, 0.0404, -0.9929)	11	10821
970	(20.5000, 2.2269, 0.3342)	(-0.1142, 0.0004, 0.0401, -0.9926)	11	10832
971	(20.8669, 2.3571, 0.5135)	(-0.1163, 0.0002, 0.0400, -0.9924)	11	10843
972	(21.3566, 0.8123, -0.3034)	(-0.1185, 0.0004, 0.0402, -0.9921)	11	10854
973	(22.0941, -0.0743, 0.4960)	(-0.1208, 0.0006, 0.0400, -0.9919)	11	10865
974	(20.8759, -0.1067, 2.0219)	(-0.1226, 0.0008, 0.0395, -0.9917)	11	10876
975	(20.1486, -1.5412, 0.5313)	(-0.1244, 0.0012, 0.0398, -0.9914)	11	10887
976	(18.6147, -0.0135, 0.8711)	(-0.1259, 0.0010, 0.0396, -0.9912)	11	10899
977	(17.9419, 0.2095, 0.0849)	(-0.1276, 0.0010, 0.0398, -0.9910)	11	10910
978	(18.2468, 1.3450, -0.9171)	(-0.1295, 0.0007, 0.0399, -0.9908)	11	10921
979	(18.1188, 3.2673, 0.6863)	(-0.1313, 0.0002, 0.0395, -0.9906)	11	10932
980	(16.7727, 5.2789, 0.8900)	(-0.1327, -0.0005, 0.0393, -0.9904)	11	10943
981	(14.5114, 7.0672, 1.9589)	(-0.1338, -0.0013, 0.0389, -0.9902)	11	10954
982	(12.5542, 9.6055, 1.1184)	(-0.1349, -0.0026, 0.0388, -0.9901)	11	10966
983	(13.6436, 11.4205, 0.5351)	(-0.1364, -0.0039, 0.0386, -0.9899)	11	10977
984	(13.4019, 11.2861, -0.1250)	(-0.1378, -0.0049, 0.0386, -0.9897)	11	10988
985	(15.8474, 9.6952, -0.5292)	(-0.1396, -0.0055, 0.0386, -0.9894)	11	10999
986	(15.2357, 8.4007, -1.3537)	(-0.1410, -0.0061, 0.0388, -0.9892)	11	11010
987	(16.8811, 7.7739, -2.1353)	(-0.1429, -0.0067, 0.0390, -0.9889)	11	11021
988	(16.6401, 6.8931, -3.4554)	(-0.1445, -0.0073, 0.0395, -0.9887)	11	11032
989	(16.5224, 5.1688, -4.3356)	(-0.1461, -0.0076, 0.0399, -0.9884)	11	11043
990	(17.9851, 5.6214, -3.3136)	(-0.1480, -0.0081, 0.0400, -0.9881)	11	11055
991	(17.3831, 2.8007, -4.0444)	(-0.1495, -0.0080, 0.0406, -0.9879)	11	11066
992	(17.3813, 4.0345, -3.3428)	(-0.1512, -0.0085, 0.0407, -0.9876)	11	11077
993	(18.2372, 3.0541, -3.7489)	(-0.1530, -0.0086, 0.0412, -0.9873)	11	11088
994	(17.7415, 3.4576, -4.6708)	(-0.1547, -0.0089, 0.0417, -0.9870)	11	11099
995	(17.0703, 4.2057, -3.8945)	(-0.1563, -0.0094, 0.0418, -0.9868)	11	11110
996	(18.5981, 4.1168, -2.4957)	(-0.1584, -0.0097, 0.0418, -0.9864)	11	11121
997	(20.6144, 4.4122, -2.9938)	(-0.1607, -0.0102, 0.0421, -0.9861)	11	11132
998	(19.9429, 4.4025, -3.4149)	(-0.1625, -0.0107, 0.0424, -0.9857)	11	11144
999	(21.4688, 5.2926, -1.7327)	(-0.1648, -0.0112, 0.0422, -0.9854)	11	11155
1000	(21.3473, 3.5258, -1.6395)	(-0.1669, -0.0112, 0.0423, -0.9850)	11	11166
1001	(21.1068, 4.0355, -0.7967)	(-0.1690, -0.0116, 0.0423, -0.9846)	11	11177
1002	(21.7835, 2.0326, -0.2721)	(-0.1711, -0.0114, 0.0423, -0.9843)	11	11188
1003	(20.5601, 2.8824, -0.3428)	(-0.1729, -0.0118, 0.0423, -0.9840)	11	11199
1004	(20.0108, 2.8348, 0.1460)	(-0.1748, -0.0119, 0.0422, -0.9836)	11	11210
1005	(23.0645, 0.4372, -1.0960)	(-0.1775, -0.0116, 0.0426, -0.9831)	11	11221
1006	(24.5925, 0.9751, 1.2569)	(-0.1800, -0.0116, 0.0422, -0.9827)	11	11232
1007	(24.9039, -0.0047, 0.9154)	(-0.1825, -0.0113, 0.0423, -0.9822)	11	11244
1008	(24.3532, -0.4454, 0.1364)	(-0.1848, -0.0111, 0.0425, -0.9818)	11	11255
1009	(23.0725, -1.9083, 0.0496)	(-0.1868, -0.0107, 0.0426, -0.9814)	11	11266
1010	(20.6359, -2.8547, -1.2628)	(-0.1883, -0.0103, 0.0429, -0.9811)	11	11277
1011	(20.0208, -1.8739, -0.8574)	(-0.1902, -0.0103, 0.0429, -0.9808)	11	11288
1012	(18.8653, -2.9109, -0.8331)	(-0.1918, -0.0098, 0.0432, -0.9804)	11	11299
1013	(18.7455, -3.2810, -1.0084)	(-0.1935, -0.0095, 0.0435, -0.9801)	11	11310
1014	(17.7626, -1.6807, -0.2426)	(-0.1950, -0.0095, 0.0434, -0.9798)	11	11321
1015	(17.3404, -2.1586, 0.1916)	(-0.1966, -0.0091, 0.0434, -0.9795)	11	11332
1016	(17.2217, -1.7619, 1.6427)	(-0.1983, -0.0089, 0.0431, -0.9792)	11	11344
1017	(16.8547, -1.6982, 1.6997)	(-0.1998, -0.0086, 0.0429, -0.9788)	11	11355
1018	(15.8817, -1.7456, 2.4986)	(-0.2012, -0.0083, 0.0426, -0.9786)	11	11366
1019	(14.6584, -1.0186, 2.3045)	(-0.2024, -0.0082, 0.0424, -0.9784)	11	11377
1020	(13.6753, -0.3047, 1.7439)	(-0.2035, -0.0082, 0.0424, -0.9781)	11	11388
1021	(11.6638, -1.0452, 1.2155)	(-0.2043, -0.0079, 0.0423, -0.9780)	11	11399
1022	(9.2288, -0.9075, 2.1924)	(-0.2048, -0.0078, 0.0420, -0.9779)	11	11410
1023	(8.3121, -0.7781, 2.6844)	(-0.2055, -0.0077, 0.0417, -0.9777)	11	11421
1024	(6.9098, -0.6303, 4.0814)	(-0.2059, -0.0075, 0.0412, -0.9777)	11	11433
1025	(5.8184, -2.4681, 3.5782)	(-0.2063, -0.0069, 0.0410, -0.9776)	11	11444
1026	(6.1216, -2.2873, 3.4478)	(-0.2069, -0.0066, 0.0408, -0.9775)	11	11455
1027	(5.2678, -3.1612, 2.4954)	(-0.2072, -0.0062, 0.0408, -0.9774)	11	11466
1028	(4.2289, -3.9306, 0.8093)	(-0.2074, -0.0058, 0.0410, -0.9774)	11	11477
1029	(4.4101, -3.0792, 0.7287)	(-0.2079, -0.0057, 0.0410, -0.9773)	11	11488
1030	(2.8162, -1.4524, -0.2033)	(-0.2079, -0.0059, 0.0411, -0.9773)	11	11499
1031	(3.1212, -2.1278, -0.4937)	(-0.2082, -0.0056, 0.0412, -0.9772)	11	11510
1032	(3.1179, -1.1642, -0.9422)	(-0.2085, -0.0057, 0.0413, -0.9771)	11	11522
1033	(3.3038, -1.2013, 0.2765)	(-0.2088, -0.0056, 0.0411, -0.9771)	11	11533
1034	(1.9614, -1.2716, -0.2673)	(-0.2087, -0.0055, 0.0412, -0.9771)	11	11544
1035	(2.9380, -1.9360, -0.0737)	(-0.2091, -0.0052, 0.0413, -0.9770)	11	11555
1036	(4.1574, -0.8889, 0.3821)	(-0.2096, -0.0052, 0.0412, -0.9769)	11	11566
1037	(4.2201, -1.1463, -0.1564)	(-0.2100, -0.0051, 0.0414, -0.9768)	11	11577
1038	(4.1007, -2.2011, -1.0443)	(-0.2103, -0.0048, 0.0417, -0.9767)	11	11588
1039	(4.5877, -1.8922, -0.8117)	(-0.2108, -0.0047, 0.0418, -0.9766)	11	11599
1040	(3.6054, -1.2266, -0.9424)	(-0.2109, -0.0047, 0.0419, -0.9766)	11	11611
1041	(2.6310, -1.6028, -1.3552)	(-0.2109, -0.0045, 0.0421, -0.9766)	11	11622
1042	(0.4999, -1.2098, 0.0389)	(-0.2107, -0.0045, 0.0419, -0.9766)	11	11633
1043	(-0.7167, -0.4071, 0.4496)	(-0.2106, -0.0045, 0.0419, -0.9767)	11	11644
1044	(-2.8578, -0.6939, -1.3574)	(-0.2101, -0.0044, 0.0421, -0.9768)	11	11655
1045	(-2.3610, -1.9043, -0.9741)	(-0.2100, -0.0042, 0.0422, -0.9768)	11	11666
1046	(-3.0421, -0.3922, -1.4259)	(-0.2096, -0.0043, 0.0423, -0.9769)	11	11677
1047	(-4.0660, -2.4910, 0.0782)	(-0.2089, -0.0037, 0.0423, -0.9770)	11	11688
1048	(-3.7024, -2.9630, 0.7502)	(-0.2086, -0.0034, 0.0423, -0.9771)	11	11699
1049	(-3.9407, -4.3133, 0.2404)	(-0.2080, -0.0028, 0.0424, -0.9772)	11	11711
1050	(-3.4488, -5.4551, 1.1658)	(-0.2077, -0.0021, 0.0423, -0.9773)	11	11722
1051	(-4.8544, -4.5260, 1.8834)	(-0.2070, -0.0018, 0.0420, -0.9774)	11	11733
1052	(-4.4905, -3.3057, 1.9207)	(-0.2067, -0.0016, 0.0419, -0.9775)	11	11744
1053	(-6.4459, -3.2546, 1.7423)	(-0.2058, -0.0012, 0.0419, -0.9777)	11	11755
1054	(-5.6521, -2.5940, 0.9945)	(-0.2053, -0.0011, 0.0419, -0.9778)	11	11766
1055	(-6.5078, -2.3649, 0.5061)	(-0.2046, -0.0010, 0.0420, -0.9780)	11	11777
1056	(-6.8084, -3.2062, 1.0731)	(-0.2039, -0.0006, 0.0419, -0.9781)	11	11788
1057	(-6.4507, -1.5549, 1.4621)	(-0.2033, -0.0007, 0.0417, -0.9782)	11	11799
1058	(-5.5948, -2.0935, 1.6535)	(-0.2029, -0.0004, 0.0415, -0.9783)	11	11810
1059	(-4.1274, -1.4058, 2.4248)	(-0.2027, -0.0003, 0.0412, -0.9784)	11	11822
1060	(-3.0936, -0.3246, 1.7935)	(-0.2027, -0.0005, 0.0412, -0.9784)	11	11833
1061	(-1.3331, 1.2425, 1.0875)	(-0.2028, -0.0006, 0.0412, -0.9784)	11	11844
1062	(-1.3923, 2.0987, 1.2535)	(-0.2026, -0.0008, 0.0411, -0.9784)	11	11855
1063	(-1.0893, 2.3425, 1.1218)	(-0.2025, -0.0010, 0.0410, -0.9784)	11	11866
1064	(-1.1525, 2.0220, 0.5850)	(-0.2025, -0.0011, 0.0409, -0.9784)	11	11877
1065	(-1.3404, 3.7909, 0.6071)	(-0.2023, -0.0018, 0.0406, -0.9785)	11	11888
1066	(-1.7060, 5.3702, 0.3361)	(-0.2022, -0.0027, 0.0404, -0.9785)	11	11899
1067	(-1.5267, 6.6361, -0.1705)	(-0.2021, -0.0036, 0.0404, -0.9785)	11	11911
1068	(-1.8990, 8.7054, -0.2740)	(-0.2019, -0.0048, 0.0402, -0.9786)	11	11922
1069	(-2.3873, 8.8815, -0.5793)	(-0.2016, -0.0056, 0.0401, -0.9786)	11	11933
1070	(-1.9023, 9.9812, -0.2997)	(-0.2015, -0.0067, 0.0399, -0.9786)	11	11944
1071	(-1.8473, 10.4606, -0.9159)	(-0.2014, -0.0078, 0.0399, -0.9787)	11	11955
1072	(-0.9304, 10.0159, -1.7048)	(-0.2014, -0.0088, 0.0399, -0.9787)	11	11966
1073	(-0.9987, 12.5231, -1.1431)	(-0.2014, -0.0104, 0.0395, -0.9787)	11	11977
1074	(-0.2696, 15.1660, -0.1631)	(-0.2015, -0.0122, 0.0390, -0.9786)	11	11988
1075	(-2.3493, 16.3681, -0.8505)	(-0.2012, -0.0140, 0.0388, -0.9787)	11	11999
1076	(-0.7062, 19.7875, -0.5638)	(-0.2015, -0.0164, 0.0382, -0.9786)	11	12011
1077	(-0.4701, 23.0554, 1.3146)	(-0.2016, -0.0189, 0.0373, -0.9786)	11	12022
1078	(-0.4678, 22.2043, 1.3946)	(-0.2016, -0.0209, 0.0367, -0.9785)	11	12033
1079	(-0.8963, 24.3461, 2.0220)	(-0.2016, -0.0235, 0.0358, -0.9785)	11	12044
1080	(-0.2851, 22.6316, 1.5628)	(-0.2017, -0.0254, 0.0353, -0.9785)	11	12055
1081	(-0.4615, 21.0881, 3.2992)	(-0.2018, -0.0272, 0.0344, -0.9785)	11	12066
1082	(-0.9464, 19.3597, 2.2428)	(-0.2017, -0.0289, 0.0340, -0.9784)	11	12077
1083	(-1.3159, 19.0761, 0.4820)	(-0.2016, -0.0307, 0.0338, -0.9784)	11	12088
1084	(-1.0611, 15.9152, 0.6708)	(-0.2016, -0.0316, 0.0334, -0.9784)	11	12100
1085	(-1.9128, 14.6891, 0.3891)	(-0.2013, -0.0329, 0.0331, -0.9784)	11	12111
1086	(-3.5594, 12.7298, 0.1303)	(-0.2007, -0.0339, 0.0330, -0.9785)	11	12122
1087	(-4.4680, 11.6385, 0.2751)	(-0.2003, -0.0348, 0.0327, -0.9786)	11	12133
1088	(-2.6973, 9.3122, -0.2210)	(-0.2004, -0.0354, 0.0327, -0.9785)	11	12144
1089	(-3.2978, 6.9512, 0.4919)	(-0.2000, -0.0358, 0.0324, -0.9786)	11	12155
1090	(-2.9912, 5.9172, 0.5691)	(-0.1998, -0.0362, 0.0323, -0.9786)	11	12166
1091	(-3.5915, 4.1876, 2.1903)	(-0.1993, -0.0362, 0.0318, -0.9787)	11	12177
1092	(-4.3811, 1.1964, 2.0699)	(-0.1988, -0.0359, 0.0317, -0.9789)	11	12188
1093	(-4.3137, -0.0608, 2.7071)	(-0.1984, -0.0357, 0.0314, -0.9790)	11	12200
1094	(-5.7744, -0.8025, 2.3602)	(-0.1976, -0.0355, 0.0311, -0.9791)	11	12211
1095	(-6.5059, -1.0887, 3.2205)	(-0.1970, -0.0353, 0.0306, -0.9793)	11	12222
1096	(-6.1407, -1.1730, 2.1857)	(-0.1965, -0.0352, 0.0306, -0.9794)	11	12233
1097	(-6.2009, -2.2060, 2.3268)	(-0.1958, -0.0348, 0.0304, -0.9796)	11	12244
1098	(-6.6266, -1.8468, 2.0177)	(-0.1951, -0.0347, 0.0302, -0.9797)	11	12255
1099	(-6.9350, -2.4574, 1.8478)	(-0.1944, -0.0344, 0.0301, -0.9799)	11	12266
1100	(-7.2944, -3.5679, 1.3221)	(-0.1936, -0.0338, 0.0302, -0.9800)	11	12277
1101	(-7.1724, -5.0508, 0.2018)	(-0.1928, -0.0332, 0.0305, -0.9802)	11	12289
1102	(-5.8243, -7.6066, 0.2494)	(-0.1924, -0.0321, 0.0306, -0.9803)	11	12300
1103	(-6.1889, -8.5224, 0.2689)	(-0.1917, -0.0312, 0.0308, -0.9805)	11	12311
1104	(-5.6324, -9.8941, 1.6907)	(-0.1912, -0.0300, 0.0306, -0.9806)	11	12322
1105	(-5.8755, -11.8563, 0.9358)	(-0.1906, -0.0285, 0.0309, -0.9808)	11	12333
1106	(-5.9256, -14.7182, 0.9365)	(-0.1899, -0.0268, 0.0311, -0.9809)	11	12344
1107	(-6.1040, -16.7921, 0.8529)	(-0.1893, -0.0250, 0.0314, -0.9811)	11	12355
1108	(-7.2587, -18.3216, 0.5897)	(-0.1884, -0.0232, 0.0317, -0.9813)	11	12366
1109	(-8.0473, -21.6719, 0.5394)	(-0.1874, -0.0207, 0.0322, -0.9815)	11	12377
1110	(-10.1147, -25.9114, -0.8907)	(-0.1860, -0.0177, 0.0330, -0.9818)	11	12389
1111	(-13.6423, -29.8799, -1.0463)	(-0.1841, -0.0143, 0.0339, -0.9822)	11	12400
1112	(-16.3118, -35.9292, -1.9520)	(-0.1821, -0.0102, 0.0349, -0.9826)	11	12411
1113	(-19.2927, -41.1270, -2.6279)	(-0.1797, -0.0057, 0.0362, -0.9830)	11	12422
1114	(-21.8452, -44.0814, -1.1593)	(-0.1770, -0.0012, 0.0370, -0.9835)	11	12433
1115	(-22.8138, -47.0882, -2.0111)	(-0.1745, 0.0036, 0.0381, -0.9839)	11	12444
1116	(-25.5525, -50.4511, -2.5417)	(-0.1715, 0.0088, 0.0394, -0.9844)	11	12455
1117	(-27.3113, -52.4396, -1.4610)	(-0.1684, 0.0140, 0.0403, -0.9848)	11	12466
1118	(-27.6739, -53.3337, -0.4065)	(-0.1655, 0.0191, 0.0411, -0.9852)	11	12477
1119	(-29.0151, -53.9558, -1.0593)	(-0.1624, 0.0242, 0.0422, -0.9855)	11	12489
1120	(-28.4095, -53.5432, -1.6186)	(-0.1595, 0.0291, 0.0432, -0.9858)	11	12500
1121	(-28.2278, -51.9969, -0.4947)	(-0.1566, 0.0338, 0.0439, -0.9861)	11	12511
1122	(-27.8042, -51.9386, -0.7431)	(-0.1538, 0.0386, 0.0449, -0.9863)	11	12522
1123	(-27.4998, -49.6192, -0.4247)	(-0.1509, 0.0430, 0.0456, -0.9866)	11	12533
1124	(-29.0853, -49.9037, 0.5639)	(-0.1477, 0.0476, 0.0462, -0.9868)	11	12544
1125	(-29.1504, -48.6724, 1.1457)	(-0.1447, 0.0519, 0.0468, -0.9870)	11	12555
1126	(-27.4517, -45.7140, -0.0745)	(-0.1422, 0.0557, 0.0477, -0.9871)	11	12566
1127	(-27.3979, -42.8121, -1.1686)	(-0.1394, 0.0592, 0.0487, -0.9873)	11	12577
1128	(-25.3337, -39.6162, -2.8236)	(-0.1372, 0.0624, 0.0498, -0.9873)	11	12589
1129	(-23.4565, -35.7729, -5.5266)	(-0.1352, 0.0651, 0.0513, -0.9874)	11	12600
1130	(-22.4330, -32.1721, -8.2794)	(-0.1330, 0.0674, 0.0530, -0.9874)	11	12611
1131	(-18.9713, -28.7374, -10.3667)	(-0.1317, 0.0695, 0.0547, -0.9873)	11	12622
1132	(-16.4162, -26.5064, -11.3917)	(-0.1305, 0.0715, 0.0563, -0.9873)	11	12633
1133	(-11.7806, -25.5214, -11.3679)	(-0.1300, 0.0737, 0.0578, -0.9871)	11	12644
1134	(-6.7803, -21.9985, -9.0796)	(-0.1300, 0.0752, 0.0586, -0.9869)	11	12655
1135	(-4.7164, -17.7975, -6.4874)	(-0.1299, 0.0763, 0.0590, -0.9868)	11	12666
1136	(-0.8143, -13.5603, -5.0055)	(-0.1304, 0.0770, 0.0594, -0.9867)	11	12677
1137	(2.8297, -9.2591, -3.4554)	(-0.1312, 0.0773, 0.0595, -0.9865)	11	12689
1138	(5.4528, -6.0225, -0.4850)	(-0.1321, 0.0775, 0.0591, -0.9864)	11	12700
1139	(7.2094, -2.0568, -0.0839)	(-0.1331, 0.0772, 0.0590, -0.9863)	11	12711
1140	(9.0372, 0.9362, 0.3310)	(-0.1343, 0.0768, 0.0587, -0.9862)	11	12722
1141	(9.7093, 0.7641, 0.8187)	(-0.1354, 0.0768, 0.0584, -0.9861)	11	12733
1142	(9.9429, 2.7484, -0.3718)	(-0.1364, 0.0763, 0.0584, -0.9860)	11	12744
1143	(10.4274, 4.0941, -0.0972)	(-0.1374, 0.0758, 0.0582, -0.9859)	11	12755
1144	(10.1186, 6.4222, 0.4002)	(-0.1384, 0.0749, 0.0579, -0.9858)	11	12766
1145	(10.6026, 7.8213, 0.4908)	(-0.1395, 0.0741, 0.0577, -0.9858)	11	12777
1146	(10.5918, 10.2705, -1.9841)	(-0.1406, 0.0727, 0.0580, -0.9857)	11	12789
1147	(12.9103, 11.1714, -2.5582)	(-0.1423, 0.0716, 0.0580, -0.9855)	11	12800
1148	(11.8026, 14.1629, -2.3121)	(-0.1433, 0.0699, 0.0579, -0.9855)	11	12811
1149	(10.4547, 16.3436, -2.7754)	(-0.1443, 0.0680, 0.0579, -0.9855)	11	12822
1150	(11.6742, 16.2032, -3.8115)	(-0.1458, 0.0665, 0.0581, -0.9854)	11	12833
1151	(10.0838, 17.2979, -3.6459)	(-0.1466, 0.0646, 0.0581, -0.9854)	11	12844
1152	(10.6356, 18.0692, -1.8382)	(-0.1478, 0.0628, 0.0577, -0.9853)	11	12855
1153	(9.7840, 16.4083, -2.6546)	(-0.1487, 0.0615, 0.0578, -0.9853)	11	12866
1154	(10.5239, 14.7247, -1.6503)	(-0.1499, 0.0605, 0.0576, -0.9852)	11	12877
1155	(12.2349, 13.9378, -1.3363)	(-0.1514, 0.0594, 0.0574, -0.9850)	11	12888
1156	(11.9888, 14.8848, 0.1612)	(-0.1526, 0.0580, 0.0570, -0.9849)	11	12899
1157	(14.3645, 14.2168, -2.6239)	(-0.1544, 0.0567, 0.0574, -0.9847)	11	12911
1158	(13.6203, 18.4833, -2.4674)	(-0.1557, 0.0543, 0.0571, -0.9847)	11	12922
1159	(16.1693, 23.6589, -2.8195)	(-0.1578, 0.0513, 0.0569, -0.9845)	11	12933
1160	(18.0433, 29.5976, -4.4092)	(-0.1600, 0.0477, 0.0569, -0.9843)	11	12944
1161	(21.2075, 34.1643, -4.6306)	(-0.1626, 0.0438, 0.0566, -0.9841)	11	12955
1162	(24.5441, 40.0483, -5.9146)	(-0.1657, 0.0391, 0.0564, -0.9838)	11	12966
1163	(27.3373, 46.1395, -6.2916)	(-0.1690, 0.0339, 0.0561, -0.9834)	11	12977
1164	(28.9706, 51.0783, -6.1499)	(-0.1724, 0.0284, 0.0556, -0.9831)	11	12988
1165	(30.8496, 57.1986, -4.8201)	(-0.1760, 0.0222, 0.0547, -0.9826)	11	13000
1166	(30.1545, 67.5705, -3.9288)	(-0.1792, 0.0143, 0.0534, -0.9822)	11	13011
1167	(27.0813, 76.2618, -4.7013)	(-0.1819, 0.0059, 0.0524, -0.9819)	11	13022
1168	(23.4705, 78.5163, -7.2360)	(-0.1841, -0.0020, 0.0520, -0.9815)	11	13033
1169	(20.4141, 79.8156, -8.9579)	(-0.1860, -0.0100, 0.0516, -0.9811)	11	13044
1170	(20.6609, 78.7603, -7.1697)	(-0.1883, -0.0173, 0.0507, -0.9806)	11	13055
1171	(19.7661, 73.3103, -5.5356)	(-0.1903, -0.0235, 0.0498, -0.9802)	11	13066
1172	(19.9638, 69.3416, -3.2023)	(-0.1926, -0.0294, 0.0486, -0.9796)	11	13078
1173	(21.0757, 64.8317, -0.2601)	(-0.1950, -0.0347, 0.0472, -0.9790)	11	13089
1174	(19.4342, 62.8075, -0.8838)	(-0.1969, -0.0404, 0.0463, -0.9785)	11	13100
1175	(15.2941, 58.9783, -0.3711)	(-0.1979, -0.0454, 0.0452, -0.9781)	11	13111
1176	(11.4585, 56.7171, -0.4344)	(-0.1987, -0.0505, 0.0442, -0.9778)	11	13122
1177	(8.9021, 53.3405, -1.6288)	(-0.1994, -0.0551, 0.0436, -0.9774)	11	13133
1178	(4.4586, 48.8860, -1.7090)	(-0.1993, -0.0592, 0.0430, -0.9772)	11	13144
1179	(2.1508, 43.0914, -1.9515)	(-0.1994, -0.0626, 0.0426, -0.9770)	11	13155
1180	(0.2714, 38.0919, -1.9711)	(-0.1993, -0.0655, 0.0421, -0.9768)	11	13166
1181	(-2.0216, 32.4000, -0.3280)	(-0.1989, -0.0677, 0.0414, -0.9768)	11	13177
1182	(-3.8961, 26.2679, 0.7736)	(-0.1984, -0.0694, 0.0408, -0.9768)	11	13188
1183	(-4.9257, 23.5377, 1.3809)	(-0.1979, -0.0713, 0.0402, -0.9768)	11	13200
1184	(-4.9727, 19.7120, 1.8185)	(-0.1975, -0.0725, 0.0397, -0.9768)	11	13211
1185	(-4.6052, 16.5868, 0.9709)	(-0.1972, -0.0737, 0.0394, -0.9768)	11	13222
1186	(-3.6830, 14.3247, 0.5847)	(-0.1970, -0.0747, 0.0392, -0.9768)	11	13233
1187	(-5.4451, 11.2981, 1.5662)	(-0.1962, -0.0753, 0.0387, -0.9769)	11	13244
1188	(-5.3118, 9.2490, 2.6425)	(-0.1958, -0.0758, 0.0382, -0.9770)	11	13255
1189	(-6.6484, 7.6131, 3.0455)	(-0.1950, -0.0762, 0.0377, -0.9771)	11	13266
1190	(-7.0129, 7.3286, 3.9619)	(-0.1943, -0.0768, 0.0370, -0.9772)	11	13277
1191	(-6.7086, 6.3918, 2.9445)	(-0.1937, -0.0772, 0.0367, -0.9773)	11	13288
1192	(-5.9202, 7.1746, 2.5660)	(-0.1932, -0.0780, 0.0363, -0.9774)	11	13300
1193	(-4.3357, 8.2660, 2.1103)	(-0.1930, -0.0789, 0.0359, -0.9774)	11	13311

