
Line_#	Simulink_#	Time	AcuitySize	Right_Wrong
181	start	404385	339546.68	PostDynamicAcuity
182	444578	381417	-2	0.00	-1	-1
183	445571	382451	2	False	down	left
184	449391	386431	-2	0.00	-1	-1
185	450511	387598	2	True	right	right
186	453764	390987	-2	0.00	-1	-1
187	454671	391931	2	False	upri	left
188	458257	395668	-2	0.00	-1	-1
189	459138	396585	2	False	dori	right
190	462737	400334	-2	0.00	-1	-1
191	464550	402223	2	False	uple	left
192	469471	407349	-2	0.20	-1	-1
193	471504	409467	2	False	up	left
194	474751	412850	-2	0.20	-1	-1
195	475530	413662	2	True	left	left
196	479257	417544	-2	0.20	-1	-1
197	480084	418405	2	True	uple	uple
198	484344	422843	-2	0.20	-1	-1
199	485204	423739	2	True	right	right
200	488783	427468	-2	0.20	-1	-1
201	490064	428802	2	False	left	right
202	496723	435740	-2	0.40	-1	-1
203	497763	436823	2	False	up	uple
204	501370	440580	-2	0.40	-1	-1
205	502417	441670	2	False	dole	uple
206	505857	445254	-2	0.40	-1	-1
207	508717	448234	2	True	dori	dori
208	512150	451810	-2	0.40	-1	-1
209	513330	453039	2	False	dori	right
210	518044	457950	-2	0.40	-1	-1
211	519897	459880	2	False	upri	left
212	524617	464797	-2	0.60	-1	-1
213	525677	465902	2	False	down	dole
214	532743	473263	-2	0.60	-1	-1
215	533876	474443	2	False	dole	left
216	538263	479013	-2	0.60	-1	-1
217	540223	481055	2	False	dori	dole
218	544937	485965	-2	0.60	-1	-1
219	545824	486889	2	False	upri	right
220	549616	490840	-2	0.60	-1	-1
221	550470	491729	2	False	dole	left
222	555416	496882	-2	0.80	-1	-1
223	557343	498890	2	False	left	uple
224	560996	502695	-2	0.80	-1	-1
225	561949	503688	2	True	dole	dole
226	566943	508890	-2	0.80	-1	-1
227	567876	509862	2	False	dori	right
228	572576	514758	-2	0.80	-1	-1
229	575662	517973	2	True	uple	uple
230	580322	522828	-2	0.80	-1	-1
231	581176	523718	2	False	upri	right
232	587236	530030	-2	1.00	-1	-1
233	589409	532294	2	False	left	up
234	595582	538725	-2	1.00	-1	-1
235	596582	539766	2	False	upri	right
236	600575	543927	-2	1.00	-1	-1
237	602583	546018	2	True	down	down
238	607202	550830	-2	1.00	-1	-1
239	608309	551983	2	False	dori	left
240	611962	555788	-2	1.00	-1	-1
241	612889	556754	2	False	dori	right
242	619625	563772	-3	0.1535321	-1	-1
243	620942	565143	-2	0.00	-1	-1
244	621762	565998	2	False	dori	right
245	624695	569053	-2	0.00	-1	-1
246	625735	570136	2	False	dori	right
247	630322	574914	-2	0.00	-1	-1
248	632723	577416	2	True	uple	uple
249	636116	580950	-2	0.00	-1	-1
250	637135	582012	2	False	up	uple
251	642162	587248	-2	0.00	-1	-1
252	642928	588047	2	False	dori	right
253	645668	590902	-2	0.10	-1	-1
254	646635	591909	2	True	up	up
255	649782	595186	-2	0.10	-1	-1
256	650575	596013	2	True	right	right
257	654908	600527	-2	0.10	-1	-1
258	655808	601465	2	False	upri	right
259	659822	605646	-2	0.10	-1	-1
260	660909	606778	2	True	upri	upri
261	664249	610257	-2	0.10	-1	-1
262	665148	611194	2	False	right	upri
263	668641	614833	-2	0.20	-1	-1
264	670282	616543	2	True	right	right
265	673448	619841	-2	0.20	-1	-1
266	674448	620883	2	False	dori	upri
267	677534	624098	-2	0.20	-1	-1
268	678421	625021	2	True	up	up
269	681801	628542	-2	0.20	-1	-1
270	682929	629717	2	True	upri	upri
271	687314	634286	-2	0.20	-1	-1
272	688348	635362	2	True	left	left
273	691528	638675	-2	0.30	-1	-1
274	693834	641078	2	False	dole	left
275	698248	645675	-2	0.30	-1	-1
276	699101	646564	2	False	down	right
277	702681	650294	-2	0.30	-1	-1
278	703488	651134	2	True	upri	upri
279	707181	654982	-2	0.30	-1	-1
280	708207	656051	2	False	dori	upri
281	711167	659134	-2	0.30	-1	-1
282	712194	660204	2	True	left	left
283	716361	664545	-2	0.40	-1	-1
284	717034	665246	2	False	dori	right
285	720334	668684	-2	0.40	-1	-1
286	721028	669406	2	True	left	left
287	724180	672691	-2	0.40	-1	-1
288	725434	673997	2	False	left	upri
289	729107	677823	-2	0.40	-1	-1
290	729874	678622	2	True	left	left
291	734054	682976	-2	0.40	-1	-1
292	735473	684455	2	True	left	left
293	739108	688241	-2	0.50	-1	-1
294	741293	690518	2	True	dori	dori
295	746008	695429	-2	0.50	-1	-1
296	747100	696567	2	True	dori	dori
297	750487	700095	-2	0.50	-1	-1
298	751354	700999	2	True	right	right
299	754460	704234	-2	0.50	-1	-1
300	755247	705054	2	True	right	right
301	758773	708728	-2	0.50	-1	-1
302	759547	709533	2	True	left	left
303	761508	711576	-3	-0.06169006	-1	-1
304	762493	712603	-2	0.00	-1	-1
305	763273	713416	2	False	down	right
306	766687	716971	-2	0.00	-1	-1
307	767506	717825	2	False	left	uple
308	772386	722909	-2	0.00	-1	-1
309	773374	723938	2	False	uple	left
310	776127	726806	-2	0.00	-1	-1
311	776960	727674	2	False	upri	right
312	780300	731153	-2	0.00	-1	-1
313	781280	732173	2	False	upri	left
314	784380	735403	-2	0.05	-1	-1
315	785200	736257	2	False	dori	left
316	787580	738736	-2	0.05	-1	-1
317	791493	742813	2	False	down	upri
318	793726	745140	-2	0.05	-1	-1
319	795353	746834	2	False	left	upri
320	799053	750688	-2	0.05	-1	-1
321	800033	751709	2	False	down	right
322	803000	754800	-2	0.05	-1	-1
323	804220	756071	2	True	dori	dori
324	806986	758953	-2	0.10	-1	-1
325	807786	759786	2	False	dole	right
326	810213	762314	-2	0.10	-1	-1
327	811272	763418	2	True	uple	uple
328	814479	766759	-2	0.10	-1	-1
329	815553	767877	2	False	dori	uple
330	818573	771023	-2	0.10	-1	-1
331	819433	771919	2	False	up	right
332	824127	776809	-2	0.10	-1	-1
333	824980	777698	2	False	uple	left
334	827979	780822	-2	0.15	-1	-1
335	828879	781760	2	True	upri	upri
336	832826	785871	-2	0.15	-1	-1
337	833826	786913	2	False	up	upri
338	837353	790587	-2	0.15	-1	-1
339	838232	791503	2	False	left	upri
340	841839	795261	-2	0.15	-1	-1
341	842800	796261	2	True	dole	dole
342	847059	800699	-2	0.15	-1	-1
343	848012	801692	2	False	dole	left
344	851192	805004	-2	0.20	-1	-1
345	853186	807081	2	True	upri	upri
346	856086	810102	-2	0.20	-1	-1
347	856878	810928	2	True	uple	uple
348	861766	816019	-2	0.20	-1	-1
349	862712	817005	2	True	left	left
350	865478	819887	-2	0.20	-1	-1
351	867539	822033	2	False	dole	left
352	873392	828131	-2	0.20	-1	-1
353	874265	829040	2	False	dori	right
354	878532	833486	-2	0.25	-1	-1
355	881592	836673	2	True	left	left
356	885998	841263	-2	0.25	-1	-1
357	887185	842500	2	False	dori	right
358	892106	847625	-2	0.25	-1	-1
359	892865	848417	2	False	dori	left
360	897285	853021	-2	0.25	-1	-1
361	898178	853952	2	True	right	right
362	903112	859091	-2	0.25	-1	-1
363	903912	859925	2	False	dori	left
364	906296	862408	-3	0.1324106	-1	-1
