Using_curved_screen True Player_screen_cm 90 Screen_width_cm 121 Camera1_display 0 Camera2_display 1 CameraFOVFactor 2 GazeTime 1.5 RandomGazeTime 0.5 HideTime 0.2 SpeedThreshold 20 StopWinodow 0.03 TargetChangeTime 1 TargetChangeTimeRRange 0 UseAcuityIndicator True AcuityMode 1 AcuityFlashTime 0.08 AcuityChangeNumber 10 AcuityChangeUpPerc 0.8 AcuityChangeDownPerc 0.5 ACuityList 90 StopSpeed 10.00 PostDelayList 0 PostDelayNumber 5 PostDelayUpC 0.50 PostDelayLoC 0.60 PostDelayConvNum 1 PostDelayRepeatNum 2 PostDelayASOffset 0 DynaDelayRepeatNum 9 
Line_#	Time_Stamp	Simulink_Sample	Trail_#	Action	Degree	Direction
9	2403425	-1	GameMode DynamicAcuity HideFlag False JumpFlag False ShowTargetFlag True HeadIndicatorChange True SkipCenterFlag True HideHeadIndicator False Gain 1 UsingAcuityAfter False UsingAcuityBefore True UsingAcuityWaitTime False AcuitySize 1 UsingAcuityChange False CurrAcuityChangeMode acuity_list UsingPostDelay False PostDelayMode random PostDelayInit 0.00 PostDelayIMax 0.00 ADUsingStaticData False UsingPresetSD False StaticDataSize 0 StaticDataMLH 0.000 UsingDynamicDelay True DynamicDelayMode fix_amount DynaDelayInit 0.000 DynaDelayMax 0.720 DynaDelayInter 0.080 	
3	471	2403869	0	ReSet	0.00	0
4	478	2403876	0	ShowTarget	0.00	0
5	3541	2406816	0	MoveTarget	0.00	1
6	3555	2406829	0	ShowTarget	0.00	1
7	4020	2407276	0	head_turned	0.00	0
8	4375	2407616	0	head_stop	0.00	0
9	5328	2408531	0	ShowTarget	0.00	1
10	7680	2410789	0	MoveTarget	0.00	1
11	7694	2410802	0	ShowTarget	0.00	1
12	8097	2411189	0	head_turned	0.00	0
13	8347	2411429	0	head_stop	0.00	0
14	9278	2412323	0	ShowTarget	0.00	1
15	11791	2414736	0	MoveTarget	0.00	1
16	11812	2414756	0	ShowTarget	0.00	1
17	12278	2415203	0	head_turned	0.00	0
18	12541	2415456	0	head_stop	0.00	0
19	13403	2416283	0	ShowTarget	0.00	1
20	15819	2418602	0	MoveTarget	0.00	1
21	15833	2418616	0	ShowTarget	0.00	1
22	16319	2419082	0	head_turned	0.00	0
23	16674	2419422	0	head_stop	0.00	0
24	17368	2420089	0	ShowTarget	0.00	1
25	19424	2422063	0	MoveTarget	0.00	1
26	19438	2422076	0	ShowTarget	0.00	1
27	19854	2422475	0	head_turned	0.00	0
28	20097	2422709	0	head_stop	0.00	0
29	20924	2423502	0	ShowTarget	0.00	1
30	23320	2425802	0	MoveTarget	0.00	1
31	23341	2425822	0	ShowTarget	0.00	1
32	23646	2426115	0	head_turned	0.00	0
33	23917	2426375	0	head_stop	0.00	0
34	24799	2427222	0	ShowTarget	0.00	1
35	27188	2429515	0	MoveTarget	0.00	1
36	27202	2429529	0	ShowTarget	0.00	1
37	27765	2430069	0	head_turned	0.00	0
38	28015	2430309	0	head_stop	0.00	0
39	28765	2431029	0	ShowTarget	0.00	1
40	31050	2433222	0	MoveTarget	0.00	1
41	31070	2433242	0	ShowTarget	0.00	1
42	31341	2433502	0	head_turned	0.00	0
43	31647	2433795	0	head_stop	0.00	0
44	32508	2434622	0	ShowTarget	0.00	1
45	34751	2436775	0	MoveTarget	0.00	1
46	34765	2436789	0	ShowTarget	0.00	1
47	35112	2437122	0	head_turned	0.00	0
48	35376	2437376	0	head_stop	0.00	0
49	36175	2438142	0	ShowTarget	0.00	1
50	38522	2440395	0	MoveTarget	0.00	1
51	38543	2440415	0	ShowTarget	0.00	1
52	38959	2440815	0	head_turned	0.00	0
53	39224	2441069	0	head_stop	0.00	0
54	40001	2441815	0	ShowTarget	0.00	1
55	42766	2444469	0	MoveTarget	0.00	1
56	42779	2444482	0	ShowTarget	0.00	1
57	43377	2445055	0	head_turned	0.00	0
58	43647	2445315	0	head_stop	0.00	0
59	44758	2446382	0	ShowTarget	0.00	1
60	46870	2448408	0	MoveTarget	0.00	1
61	46890	2448428	0	ShowTarget	0.00	1
62	47446	2448962	0	head_turned	0.00	0
63	47696	2449202	0	head_stop	0.00	0
64	48613	2450082	0	ShowTarget	0.00	1
65	50536	2451928	0	MoveTarget	0.00	1
66	50557	2451949	0	ShowTarget	0.00	1
67	51023	2452395	0	head_turned	0.00	0
68	51294	2452656	0	head_stop	0.00	0
69	52294	2453615	0	ShowTarget	0.00	1
70	54530	2455762	0	MoveTarget	0.00	1
71	54544	2455775	0	ShowTarget	0.00	1
72	54960	2456175	0	head_turned	0.00	0
73	55217	2456422	0	head_stop	0.00	0
74	56134	2457302	0	ShowTarget	0.00	1
75	58461	2459535	0	MoveTarget	0.00	1
76	58474	2459548	0	ShowTarget	0.00	1
77	59162	2460208	0	head_turned	0.00	0
78	59412	2460448	0	head_stop	0.00	0
79	60204	2461208	0	ShowTarget	0.00	1
80	62968	2463862	0	MoveTarget	0.00	1
81	62982	2463875	0	ShowTarget	0.00	1
82	63475	2464348	0	head_turned	0.00	0
83	63725	2464589	0	head_stop	0.00	0
84	64475	2465308	0	ShowTarget	0.00	1
85	66322	2467081	0	MoveTarget	0.00	1
86	66343	2467102	0	ShowTarget	0.00	1
87	66725	2467468	0	head_turned	0.00	0
88	66968	2467701	0	head_stop	0.00	0
89	67836	2468535	0	ShowTarget	0.00	1
90	69566	2470195	0	MoveTarget	0.00	1
91	69579	2470208	0	ShowTarget	0.00	1
92	69961	2470575	0	head_turned	0.00	0
93	70205	2470809	0	head_stop	0.00	0
94	71052	2471622	0	ShowTarget	0.00	1
95	73163	2473648	0	MoveTarget	0.00	1
96	73177	2473661	0	ShowTarget	0.00	1
97	73448	2473922	0	head_turned	0.00	0
98	73677	2474141	0	head_stop	0.00	0
99	74531	2474962	0	ShowTarget	0.00	1
100	76830	2477168	0	MoveTarget	0.00	1
101	76844	2477182	0	ShowTarget	0.00	1
102	77122	2477449	0	head_turned	0.00	0
103	77371	2477688	0	head_stop	0.00	0
104	78601	2478869	0	ShowTarget	0.00	1
105	80823	2481002	0	MoveTarget	0.00	1
106	80844	2481021	0	ShowTarget	0.00	1
107	81191	2481355	0	head_turned	0.00	0
108	81462	2481615	0	head_stop	0.00	0
109	82476	2482588	0	ShowTarget	0.00	1
110	85101	2485108	0	MoveTarget	0.00	1
111	85115	2485121	0	ShowTarget	0.00	1
112	85435	2485428	0	head_turned	0.00	0
113	85691	2485675	0	head_stop	0.00	0
114	86664	2486608	0	ShowTarget	0.00	1
115	88615	2488481	0	MoveTarget	0.00	1
116	88629	2488495	0	ShowTarget	0.00	1
117	89025	2488875	0	head_turned	0.00	0
118	89282	2489121	0	head_stop	0.00	0
119	90317	2490115	0	ShowTarget	0.00	1
120	92171	2491894	0	MoveTarget	0.00	1
121	92192	2491915	0	ShowTarget	0.00	1
122	92817	2492515	0	head_turned	0.00	0
123	93115	2492801	0	head_stop	0.00	0
124	94289	2493928	0	ShowTarget	0.00	1
125	96379	2495935	0	MoveTarget	0.00	1
126	96393	2495948	0	ShowTarget	0.00	1
127	96782	2496321	0	head_turned	0.00	0
128	97081	2496608	0	head_stop	0.00	0
129	98047	2497535	0	ShowTarget	0.00	1
130	100345	2499742	0	MoveTarget	0.00	1
131	100359	2499754	0	ShowTarget	0.00	1
132	100769	2500148	0	head_turned	0.00	0
133	101026	2500395	0	head_stop	0.00	0
134	102012	2501341	0	ShowTarget	0.00	1
135	103776	2503035	0	MoveTarget	0.00	1
136	103790	2503048	0	ShowTarget	0.00	1
137	104186	2503428	0	head_turned	0.00	0
138	104512	2503741	0	head_stop	0.00	0
139	105519	2504708	0	ShowTarget	0.00	1
140	108187	2507269	0	MoveTarget	0.00	1
141	108200	2507281	0	ShowTarget	0.00	1
142	108610	2507675	0	head_turned	0.00	0
143	108866	2507921	0	head_stop	0.00	0
144	109783	2508801	0	ShowTarget	0.00	1
145	112339	2511254	0	MoveTarget	0.00	1
146	112360	2511274	0	ShowTarget	0.00	1
147	112818	2511714	0	head_turned	0.00	0
148	113068	2511954	0	head_stop	0.00	0
149	114040	2512888	0	ShowTarget	0.00	1
150	116464	2515214	0	MoveTarget	0.00	1
151	116478	2515227	0	ShowTarget	0.00	1
152	116929	2515661	0	head_turned	0.00	0
153	117207	2515928	0	head_stop	0.00	0
154	118228	2516908	0	ShowTarget	0.00	1
155	120339	2518934	0	MoveTarget	0.00	1
156	120353	2518947	0	ShowTarget	0.00	1
157	120930	2519501	0	head_turned	0.00	0
158	121221	2519781	0	head_stop	0.00	0
159	122103	2520628	0	ShowTarget	0.00	1
160	124500	2522928	0	MoveTarget	0.00	1
161	124520	2522947	0	ShowTarget	0.00	1
162	124978	2523388	0	head_turned	0.00	0
163	125347	2523741	0	head_stop	0.00	0
164	126228	2524588	0	ShowTarget	0.00	1
165	128284	2526561	0	MoveTarget	0.00	1
166	128298	2526574	0	ShowTarget	0.00	1
167	128729	2526988	0	head_turned	0.00	0
168	128979	2527227	0	head_stop	0.00	0
169	130014	2528222	0	ShowTarget	0.00	1
170	132416	2530527	0	MoveTarget	0.00	1
171	132430	2530541	0	ShowTarget	0.00	1
172	132861	2530954	0	head_turned	0.00	0
173	133180	2531261	0	head_stop	0.00	0
174	134083	2532127	0	ShowTarget	0.00	1
175	136146	2534107	0	MoveTarget	0.00	1
176	136167	2534127	0	ShowTarget	0.00	1
177	136486	2534434	0	head_turned	0.00	0
178	136771	2534707	0	head_stop	0.00	0
179	137729	2535628	0	ShowTarget	0.00	1
180	139424	2537254	0	MoveTarget	0.00	1
181	139438	2537267	0	ShowTarget	0.00	1
182	139722	2537541	0	head_turned	0.00	0
183	139986	2537794	0	head_stop	0.00	0
184	141230	2538988	0	ShowTarget	0.00	1
185	143410	2541081	0	MoveTarget	0.00	1
186	143431	2541101	0	ShowTarget	0.00	1
187	143729	2541387	0	head_turned	0.00	0
188	144028	2541674	0	head_stop	0.00	0
189	145987	2543554	0	ShowTarget	0.00	1
190	147577	2545080	0	MoveTarget	0.00	1
191	147591	2545094	0	ShowTarget	0.00	1
192	147917	2545407	0	head_turned	0.00	0
193	148188	2545667	0	head_stop	0.00	0
194	149195	2546634	0	ShowTarget	0.00	1
195	151042	2548407	0	MoveTarget	0.00	1
196	151056	2548420	0	ShowTarget	0.00	1
197	151737	2549074	0	head_turned	0.00	0
198	151994	2549321	0	head_stop	0.00	0
199	153050	2550334	0	ShowTarget	0.00	1
200	155057	2552260	0	MoveTarget	0.00	1
201	155077	2552280	0	ShowTarget	0.00	1
202	155425	2552614	0	head_turned	0.00	0
203	155681	2552860	0	head_stop	0.00	0
204	156834	2553967	0	ShowTarget	0.00	1
205	158890	2555941	0	MoveTarget	0.00	1
206	158904	2555954	0	ShowTarget	0.00	1
207	159230	2556267	0	head_turned	0.00	0
208	159633	2556654	0	head_stop	0.00	0
209	160557	2557540	0	ShowTarget	0.00	1
210	162765	2559660	0	MoveTarget	0.00	1
211	162779	2559674	0	ShowTarget	0.00	1
212	163148	2560027	0	head_turned	0.00	0
213	163494	2560360	0	head_stop	0.00	0
214	164474	2561300	0	ShowTarget	0.00	1
215	167071	2563794	0	MoveTarget	0.00	1
216	167085	2563807	0	ShowTarget	0.00	1
217	167502	2564207	0	head_turned	0.00	0
218	167946	2564634	0	head_stop	0.00	0
219	168655	2565314	0	ShowTarget	0.00	1
220	170669	2567247	0	MoveTarget	0.00	1
221	170682	2567260	0	ShowTarget	0.00	1
222	171141	2567700	0	head_turned	0.00	0
223	171384	2567934	0	head_stop	0.00	0
224	172724	2569220	0	ShowTarget	0.00	1
225	175426	2571814	0	MoveTarget	0.00	1
226	175440	2571827	0	ShowTarget	0.00	1
227	175968	2572334	0	head_turned	0.00	0
228	176384	2572734	0	head_stop	0.00	0
229	177252	2573567	0	ShowTarget	0.00	1
230	180072	2576273	0	MoveTarget	0.00	1
231	180093	2576294	0	ShowTarget	0.00	1
232	180676	2576853	0	head_turned	0.00	0
233	181010	2577174	0	head_stop	0.00	0
234	184038	2580081	0	ShowTarget	0.00	1
235	185961	2581926	0	MoveTarget	0.00	1
236	185982	2581947	0	ShowTarget	0.00	1
237	186232	2582187	0	head_turned	0.00	0
238	186489	2582434	0	head_stop	0.00	0
239	187795	2583688	0	ShowTarget	0.00	1
240	189795	2585607	0	MoveTarget	0.00	1
241	189809	2585620	0	ShowTarget	0.00	1
242	190184	2585980	0	head_turned	0.00	0
243	190448	2586233	0	head_stop	0.00	0
244	191413	2587160	0	ShowTarget	0.00	1
245	193566	2589227	0	MoveTarget	0.00	1
246	193587	2589247	0	ShowTarget	0.00	1
247	194128	2589767	0	head_turned	0.00	0
248	194503	2590127	0	head_stop	0.00	0
249	195517	2591100	0	ShowTarget	0.00	1
250	197934	2593420	0	MoveTarget	0.00	1
251	197948	2593433	0	ShowTarget	0.00	1
252	198378	2593846	0	head_turned	0.00	0
253	198733	2594187	0	head_stop	0.00	0
254	199650	2595067	0	ShowTarget	0.00	1
255	201977	2597301	0	MoveTarget	0.00	1
256	201990	2597313	0	ShowTarget	0.00	1
257	202351	2597660	0	head_turned	0.00	0
258	202622	2597920	0	head_stop	0.00	0
259	203733	2598987	0	ShowTarget	0.00	1
260	206498	2601640	0	MoveTarget	0.00	1
261	206511	2601653	0	ShowTarget	0.00	1
262	207254	2602366	0	head_turned	0.00	0
263	207629	2602726	0	head_stop	0.00	0
264	208504	2603567	0	ShowTarget	0.00	1
265	210935	2605900	0	MoveTarget	0.00	1
266	210956	2605920	0	ShowTarget	0.00	1
267	211435	2606380	0	head_turned	0.00	0
268	211845	2606773	0	head_stop	0.00	0
269	212727	2607620	0	ShowTarget	0.00	1
270	215261	2610053	0	MoveTarget	0.00	1
271	215275	2610066	0	ShowTarget	0.00	1
272	215761	2610533	0	head_turned	0.00	0
273	216178	2610933	0	head_stop	0.00	0
274	217255	2611966	0	ShowTarget	0.00	1
275	218894	2613540	0	MoveTarget	0.00	1
276	218908	2613553	0	ShowTarget	0.00	1
277	219477	2614099	0	head_turned	0.00	0
278	219762	2614373	0	head_stop	0.00	0
279	220935	2615500	0	ShowTarget	0.00	1
280	223811	2618260	0	MoveTarget	0.00	1
281	223825	2618273	0	ShowTarget	0.00	1
282	224380	2618806	0	head_turned	0.00	0
283	224859	2619266	0	head_stop	0.00	0
284	226033	2620393	0	ShowTarget	0.00	1
285	228464	2622726	0	MoveTarget	0.00	1
286	228485	2622746	0	ShowTarget	0.00	1
287	228873	2623119	0	head_turned	0.00	0
288	228991	2623232	0	head_stop	0.00	0
289	231388	2625533	0	ShowTarget	0.00	1
290	233304	2627373	0	MoveTarget	0.00	1
291	233318	2627386	0	ShowTarget	0.00	1
292	233638	2627693	0	head_turned	0.00	0
293	233894	2627939	0	head_stop	0.00	0
294	235214	2629206	0	ShowTarget	0.00	1
295	236603	2630539	0	MoveTarget	0.00	1
296	236617	2630553	0	ShowTarget	0.00	1
297	237089	2631006	0	head_turned	0.00	0
298	237547	2631446	0	head_stop	0.00	0
299	238750	2632601	0	ShowTarget	0.00	1
300	241027	2634786	0	MoveTarget	0.00	1
301	241041	2634799	0	ShowTarget	0.00	1
302	241520	2635259	0	head_turned	0.00	0
303	241763	2635493	0	head_stop	0.00	0
304	243201	2636873	0	ShowTarget	0.00	1
305	244874	2638479	0	MoveTarget	0.00	1
306	244895	2638499	0	ShowTarget	0.00	1
307	245819	2639386	0	head_turned	0.00	0
308	246173	2639726	0	head_stop	0.00	0
309	247402	2640906	0	ShowTarget	0.00	1
310	249631	2643046	0	MoveTarget	0.00	1
311	249645	2643059	0	ShowTarget	0.00	1
312	249993	2643393	0	head_turned	0.00	0
313	250347	2643732	0	head_stop	0.00	0
314	251472	2644813	0	ShowTarget	0.00	1
315	253444	2646706	0	MoveTarget	0.00	1
316	253465	2646726	0	ShowTarget	0.00	1
317	253930	2647172	0	head_turned	0.00	0
318	254299	2647527	0	head_stop	0.00	0
319	255868	2649033	0	ShowTarget	0.00	1
320	257313	2650420	0	MoveTarget	0.00	1
321	257327	2650432	0	ShowTarget	0.00	1
322	257910	2650992	0	head_turned	0.00	0
323	258215	2651286	0	head_stop	0.00	0
324	259729	2652739	0	ShowTarget	0.00	1
325	260848	2653812	0	MoveTarget	0.00	1
326	260861	2653826	0	ShowTarget	0.00	1
327	261813	2654740	0	head_turned	0.00	0
328	262209	2655119	0	head_stop	0.00	0
329	263980	2656819	0	ShowTarget	0.00	1
330	265709	2658479	0	MoveTarget	0.00	1
331	265723	2658492	0	ShowTarget	0.00	1
332	266181	2658933	0	head_turned	0.00	0
333	266459	2659199	0	head_stop	0.00	0
334	268327	2660992	0	ShowTarget	0.00	1
335	269453	2662073	0	MoveTarget	0.00	1
336	269466	2662086	0	ShowTarget	0.00	1
337	270014	2662612	0	head_turned	0.00	0
338	270376	2662959	0	head_stop	0.00	0
339	272258	2664765	0	ShowTarget	0.00	1
340	273834	2666279	0	MoveTarget	0.00	1
341	273848	2666292	0	ShowTarget	0.00	1
342	274293	2666719	0	head_turned	0.00	0
343	274675	2667085	0	head_stop	0.00	0
344	276140	2668492	0	ShowTarget	0.00	1
345	277258	2669565	0	MoveTarget	0.00	1
346	277272	2669579	0	ShowTarget	0.00	1
347	277744	2670032	0	head_turned	0.00	0
348	278050	2670325	0	head_stop	0.00	0
349	279349	2671572	0	ShowTarget	0.00	1
350	281112	2673266	0	MoveTarget	0.00	1
351	281127	2673279	0	ShowTarget	0.00	1
352	281474	2673612	0	head_turned	0.00	0
353	281751	2673879	0	head_stop	0.00	0
354	283245	2675312	0	ShowTarget	0.00	1
355	285544	2677519	0	MoveTarget	0.00	1
356	285557	2677532	0	ShowTarget	0.00	1
357	286009	2677966	0	head_turned	0.00	0
358	286446	2678385	0	head_stop	0.00	0
359	287655	2679545	0	ShowTarget	0.00	1
360	289474	2681292	0	MoveTarget	0.00	1
361	289495	2681312	0	ShowTarget	0.00	1
362	289891	2681692	0	head_turned	0.00	0
363	290259	2682045	0	head_stop	0.00	0
364	291586	2683319	0	ShowTarget	0.00	1
365	293850	2685493	0	MoveTarget	0.00	1
366	293863	2685505	0	ShowTarget	0.00	1
367	294301	2685925	0	head_turned	0.00	0
368	294794	2686399	0	head_stop	0.00	0
369	296009	2687565	0	ShowTarget	0.00	1
370	298127	2689599	0	MoveTarget	0.00	1
371	298148	2689619	0	ShowTarget	0.00	1
372	298725	2690172	0	head_turned	0.00	0
373	299107	2690539	0	head_stop	0.00	0
374	300544	2691919	0	ShowTarget	0.00	1
375	302454	2693752	0	MoveTarget	0.00	1
376	302468	2693765	0	ShowTarget	0.00	1
377	302774	2694059	0	head_turned	0.00	0
378	303204	2694472	0	head_stop	0.00	0
379	304746	2695952	0	ShowTarget	0.00	1
380	305794	2696958	0	MoveTarget	0.00	1
381	305808	2696972	0	ShowTarget	0.00	1
382	306171	2697320	0	head_turned	0.00	0
383	306454	2697592	0	head_stop	0.00	0
384	308336	2699399	0	ShowTarget	0.00	1
385	310093	2701085	0	MoveTarget	0.00	1
386	310107	2701098	0	ShowTarget	0.00	1
387	310497	2701472	0	head_turned	0.00	0
388	310767	2701731	0	head_stop	0.00	0
389	312691	2703579	0	ShowTarget	0.00	1
390	315219	2706006	0	MoveTarget	0.00	1
391	315233	2706019	0	ShowTarget	0.00	1
392	315886	2706645	0	head_turned	0.00	0
393	316233	2706978	0	head_stop	0.00	0
394	317899	2708578	0	ShowTarget	0.00	1
395	319484	2710099	0	MoveTarget	0.00	1
396	319497	2710111	0	ShowTarget	0.00	1
397	320101	2710692	0	head_turned	0.00	0
398	320497	2711072	0	head_stop	0.00	0
399	322004	2712518	0	ShowTarget	0.00	1
400	323205	2713672	0	MoveTarget	0.00	1
401	323219	2713685	0	ShowTarget	0.00	1
402	323865	2714305	0	head_turned	0.00	0
403	324171	2714598	0	head_stop	0.00	0
404	325546	2715918	0	ShowTarget	0.00	1
405	327393	2717691	0	MoveTarget	0.00	1
406	327414	2717711	0	ShowTarget	0.00	1
407	329039	2719271	0	head_turned	0.00	0
408	329470	2719685	0	head_stop	0.00	0
409	330796	2720958	0	ShowTarget	0.00	1
410	332116	2722225	0	MoveTarget	0.00	1
411	332136	2722245	0	ShowTarget	0.00	1
412	332560	2722651	0	head_turned	0.00	0
413	332942	2723018	0	head_stop	0.00	0
414	334324	2724345	0	ShowTarget	0.00	1
415	336109	2726058	0	MoveTarget	0.00	1
416	336122	2726071	0	ShowTarget	0.00	1
417	336442	2726378	0	head_turned	0.00	0
418	336991	2726905	0	head_stop	0.00	0
419	338727	2728572	0	ShowTarget	0.00	1
420	341213	2730958	0	MoveTarget	0.00	1
421	341234	2730978	0	ShowTarget	0.00	1
422	341581	2731311	0	head_turned	0.00	0
423	341831	2731551	0	head_stop	0.00	0
424	343331	2732991	0	ShowTarget	0.00	1
425	345429	2735005	0	MoveTarget	0.00	1
426	345450	2735025	0	ShowTarget	0.00	1
427	345852	2735411	0	head_turned	0.00	0
428	346255	2735798	0	head_stop	0.00	0
429	347839	2737318	0	ShowTarget	0.00	1
430	349818	2739218	0	MoveTarget	0.00	1
431	349839	2739238	0	ShowTarget	0.00	1
432	350249	2739632	0	head_turned	0.00	0
433	350645	2740012	0	head_stop	0.00	0
434	352214	2741518	0	ShowTarget	0.00	1
435	353825	2743065	0	MoveTarget	0.00	1
436	353846	2743085	0	ShowTarget	0.00	1
437	354131	2743358	0	head_turned	0.00	0
438	354519	2743731	0	head_stop	0.00	0
439	355867	2745024	0	ShowTarget	0.00	1
440	357756	2746838	0	MoveTarget	0.00	1
441	357777	2746858	0	ShowTarget	0.00	1
442	358256	2747316	0	head_turned	0.00	0
443	358520	2747571	0	head_stop	0.00	0
444	360166	2749151	0	ShowTarget	0.00	1
445	362381	2751278	0	MoveTarget	0.00	1
446	362402	2751298	0	ShowTarget	0.00	1
447	362874	2751751	0	head_turned	0.00	0
448	363277	2752138	0	head_stop	0.00	0
449	364583	2753391	0	ShowTarget	0.00	1
450	366798	2755517	0	MoveTarget	0.00	1
451	366812	2755531	0	ShowTarget	0.00	1
452	367735	2756417	0	head_turned	0.00	0
453	368166	2756831	0	head_stop	0.00	0
454	369507	2758118	0	ShowTarget	0.00	1