Using_curved_screen True Player_screen_cm 83 Screen_width_cm 121 Camera1_display 0 Camera2_display 1 CameraFOVFactor 2 GazeTime 1.5 RandomGazeTime 0.5 HideTime 0.2 SpeedThreshold 180 StopWinodow 0.03 TargetChangeTime 1 TargetChangeTimeRRange 0 UseAcuityIndicator True AcuityMode 1 AcuityFlashTime 0.08 AcuityChangeNumber 10 AcuityChangeUpPerc 0.8 AcuityChangeDownPerc 0.5 ACuityList 90 StopSpeed 10.00 PostDelayList 0 PostDelayNumber 5 PostDelayUpC 0.50 PostDelayLoC 0.60 PostDelayConvNum 1 PostDelayRepeatNum 2 PostDelayASOffset 0 DynaDelayRepeatNum 9 
Line_#	Time_Stamp	Simulink_Sample	Trail_#	Action	Degree	Direction
17	451112	-1	GameMode StaticAcuity HideFlag True JumpFlag False ShowTargetFlag True HeadIndicatorChange False SkipCenterFlag True HideHeadIndicator True Gain 1 UsingAcuityAfter False UsingAcuityBefore False UsingAcuityWaitTime True AcuitySize 8 UsingAcuityChange True CurrAcuityChangeMode acuity_list UsingPostDelay False PostDelayMode random PostDelayInit 0.00 PostDelayIMax 0.00 ADUsingStaticData False UsingPresetSD False StaticDataSize 0 StaticDataMLH 0.000 UsingDynamicDelay False DynamicDelayMode fix_amount DynaDelayInit 0.000 DynaDelayMax 0.000 DynaDelayInter 0.000 	
3	319	451402	0	ReSet	0.00	0
4	326	451409	0	ShowTarget	0.00	0
5	1854	452876	0	MoveTarget	0.00	1
6	1867	452888	0	ShowTarget	0.00	1
7	2082	453095	0	TargetHided	0.00	1
8	2084	453096	0	ChangeTargetWaitTime	0.00	1
9	4230	455156	0	ShowTarget	0.00	1
10	5874	456735	0	MoveTarget	0.00	1
11	5888	456748	0	ShowTarget	0.00	1
12	6110	456962	0	TargetHided	0.00	1
13	6110	456962	0	ChangeTargetWaitTime	0.00	1
14	7611	458402	0	ShowTarget	0.00	1
15	9131	459862	0	MoveTarget	0.00	1
16	9145	459875	0	ShowTarget	0.00	1
17	9353	460075	0	TargetHided	0.00	1
18	9353	460075	0	ChangeTargetWaitTime	0.00	1
19	10660	461329	0	ShowTarget	0.00	1
20	12667	463256	0	MoveTarget	0.00	1
21	12680	463269	0	ShowTarget	0.00	1
22	12889	463469	0	TargetHided	0.00	1
23	12889	463469	0	ChangeTargetWaitTime	0.00	1
24	14215	464742	0	ShowTarget	0.00	1
25	15993	466448	0	MoveTarget	0.00	1
26	16014	466468	0	ShowTarget	0.00	1
27	16222	466669	0	TargetHided	0.00	1
28	16222	466669	0	ChangeTargetWaitTime	0.00	1
29	17591	467982	0	ShowTarget	0.00	1
30	18653	469002	0	MoveTarget	0.00	1
31	18667	469015	0	ShowTarget	0.00	1
32	18889	469228	0	TargetHided	0.00	1
33	18889	469228	0	ChangeTargetWaitTime	0.00	1
34	20194	470481	0	ShowTarget	0.00	1
35	21528	471761	0	MoveTarget	0.00	1
36	21541	471775	0	ShowTarget	0.00	1
37	21743	471968	0	TargetHided	0.00	1
38	21743	471968	0	ChangeTargetWaitTime	0.00	1
39	23021	473195	0	ShowTarget	0.00	1
40	24931	475028	0	MoveTarget	0.00	1
41	24951	475048	0	ShowTarget	0.00	1
42	25160	475248	0	TargetHided	0.00	1
43	25160	475248	0	ChangeTargetWaitTime	0.00	1
44	26486	476521	0	ShowTarget	0.00	1
45	27632	477621	0	MoveTarget	0.00	1
46	27653	477641	0	ShowTarget	0.00	1
47	27869	477848	0	TargetHided	0.00	1
48	27869	477848	0	ChangeTargetWaitTime	0.00	1
49	29167	479095	0	ShowTarget	0.00	1
50	30271	480155	0	MoveTarget	0.00	1
51	30292	480174	0	ShowTarget	0.00	1
52	30501	480375	0	TargetHided	0.00	1
53	30501	480375	0	ChangeTargetWaitTime	0.00	1
54	31959	481775	0	ShowTarget	0.00	1
55	33765	483508	0	MoveTarget	0.00	1
56	33778	483521	0	ShowTarget	0.00	1
57	34001	483734	0	TargetHided	0.00	1
58	34001	483734	0	ChangeTargetWaitTime	0.00	1
59	35300	484981	0	ShowTarget	0.00	1
60	36605	486235	0	MoveTarget	0.00	1
61	36619	486248	0	ShowTarget	0.00	1
62	36827	486447	0	TargetHided	0.00	1
63	36827	486447	0	ChangeTargetWaitTime	0.00	1
64	38696	488242	0	ShowTarget	0.00	1
65	40029	489521	0	MoveTarget	0.00	1
66	40043	489534	0	ShowTarget	0.00	1
67	40265	489748	0	TargetHided	0.00	1
68	40265	489748	0	ChangeTargetWaitTime	0.00	1
69	41606	491035	0	ShowTarget	0.00	1
70	42703	492088	0	MoveTarget	0.00	1
71	42717	492101	0	ShowTarget	0.00	1
72	42925	492301	0	TargetHided	0.00	1
73	42925	492301	0	ChangeTargetWaitTime	0.00	1
74	44246	493569	0	ShowTarget	0.00	1
75	45453	494728	0	MoveTarget	0.00	1
76	45467	494741	0	ShowTarget	0.00	1
77	45675	494941	0	TargetHided	0.00	1
78	45675	494941	0	ChangeTargetWaitTime	0.00	1
79	47092	496301	0	ShowTarget	0.00	1
80	48418	497574	0	MoveTarget	0.00	1
81	48432	497588	0	ShowTarget	0.00	1
82	48640	497788	0	TargetHided	0.00	1
83	48640	497788	0	ChangeTargetWaitTime	0.00	1
84	49870	498968	0	ShowTarget	0.00	1
85	51182	500228	0	MoveTarget	0.00	1
86	51197	500242	0	ShowTarget	0.00	1
87	51418	500454	0	TargetHided	0.00	1
88	51418	500454	0	ChangeTargetWaitTime	0.00	1
89	52724	501708	0	ShowTarget	0.00	1
90	54210	503134	0	MoveTarget	0.00	1
91	54224	503148	0	ShowTarget	0.00	1
92	54432	503348	0	TargetHided	0.00	1
93	54432	503348	0	ChangeTargetWaitTime	0.00	1
94	55939	504794	0	ShowTarget	0.00	1
95	57594	506382	0	MoveTarget	0.00	1
96	57607	506395	0	ShowTarget	0.00	1
97	57814	506594	0	TargetHided	0.00	1
98	57814	506594	0	ChangeTargetWaitTime	0.00	1
99	59099	507828	0	ShowTarget	0.00	1
100	60315	508994	0	MoveTarget	0.00	1
101	60329	509008	0	ShowTarget	0.00	1
102	60537	509208	0	TargetHided	0.00	1
103	60537	509208	0	ChangeTargetWaitTime	0.00	1
104	61996	510608	0	ShowTarget	0.00	1
105	63711	512254	0	MoveTarget	0.00	1
106	63732	512274	0	ShowTarget	0.00	1
107	63947	512481	0	TargetHided	0.00	1
108	63947	512481	0	ChangeTargetWaitTime	0.00	1
109	65225	513708	0	ShowTarget	0.00	1
110	67134	515541	0	MoveTarget	0.00	1
111	67155	515561	0	ShowTarget	0.00	1
112	67371	515768	0	TargetHided	0.00	1
113	67371	515768	0	ChangeTargetWaitTime	0.00	1
114	68677	517021	0	ShowTarget	0.00	1
115	70107	518394	0	MoveTarget	0.00	1
116	70128	518414	0	ShowTarget	0.00	1
117	70336	518614	0	TargetHided	0.00	1
118	70336	518614	0	ChangeTargetWaitTime	0.00	1
119	71726	519948	0	ShowTarget	0.00	1
120	73322	521481	0	MoveTarget	0.00	1
121	73343	521500	0	ShowTarget	0.00	1
122	73552	521701	0	TargetHided	0.00	1
123	73552	521701	0	ChangeTargetWaitTime	0.00	1
124	75357	523434	0	ShowTarget	0.00	1
125	76573	524601	0	MoveTarget	0.00	1
126	76594	524621	0	ShowTarget	0.00	1
127	76809	524827	0	TargetHided	0.00	1
128	76809	524828	0	ChangeTargetWaitTime	0.00	1
129	78601	526548	0	ShowTarget	0.00	1
130	80080	527967	0	MoveTarget	0.00	1
131	80101	527987	0	ShowTarget	0.00	1
132	80316	528194	0	TargetHided	0.00	1
133	80316	528194	0	ChangeTargetWaitTime	0.00	1
134	81365	529201	0	ShowTarget	0.00	1
135	82913	530687	0	MoveTarget	0.00	1
136	82927	530701	0	ShowTarget	0.00	1
137	83150	530914	0	TargetHided	0.00	1
138	83150	530914	0	ChangeTargetWaitTime	0.00	1
139	84393	532107	0	ShowTarget	0.00	1
140	85740	533401	0	MoveTarget	0.00	1
141	85754	533414	0	ShowTarget	0.00	1
142	85955	533607	0	TargetHided	0.00	1
143	85955	533607	0	ChangeTargetWaitTime	0.00	1
144	87115	534721	0	ShowTarget	0.00	1
145	88580	536127	0	MoveTarget	0.00	1
146	88594	536140	0	ShowTarget	0.00	1
147	88802	536340	0	TargetHided	0.00	1
148	88802	536341	0	ChangeTargetWaitTime	0.00	1
149	90101	537587	0	ShowTarget	0.00	1
150	91185	538627	0	MoveTarget	0.00	1
151	91198	538640	0	ShowTarget	0.00	1
152	91421	538854	0	TargetHided	0.00	1
153	91421	538854	0	ChangeTargetWaitTime	0.00	1
154	92755	540134	0	ShowTarget	0.00	1
155	93900	541234	0	MoveTarget	0.00	1
156	93921	541254	0	ShowTarget	0.00	1
157	94122	541447	0	TargetHided	0.00	1
158	94122	541447	0	ChangeTargetWaitTime	0.00	1
159	95442	542714	0	ShowTarget	0.00	1
160	96866	544081	0	MoveTarget	0.00	1
161	96886	544101	0	ShowTarget	0.00	1
162	97101	544307	0	TargetHided	0.00	1
163	97101	544307	0	ChangeTargetWaitTime	0.00	1
164	98643	545787	0	ShowTarget	0.00	1
165	99866	546961	0	MoveTarget	0.00	1
166	99880	546974	0	ShowTarget	0.00	1
167	100102	547188	0	TargetHided	0.00	1
168	100102	547188	0	ChangeTargetWaitTime	0.00	1
169	101699	548720	0	ShowTarget	0.00	1
170	103421	550373	0	MoveTarget	0.00	1
171	103443	550394	0	ShowTarget	0.00	1
172	103651	550593	0	TargetHided	0.00	1
173	103651	550593	0	ChangeTargetWaitTime	0.00	1
174	105012	551900	0	ShowTarget	0.00	1
175	106463	553294	0	MoveTarget	0.00	1
176	106477	553307	0	ShowTarget	0.00	1
177	106685	553507	0	TargetHided	0.00	1
178	106686	553507	0	ChangeTargetWaitTime	0.00	1
179	108048	554815	0	ShowTarget	0.00	1
180	109686	556387	0	MoveTarget	0.00	1
181	109706	556407	0	ShowTarget	0.00	1
182	109922	556613	0	TargetHided	0.00	1
183	109922	556614	0	ChangeTargetWaitTime	0.00	1
184	111193	557834	0	ShowTarget	0.00	1
185	113186	559747	0	MoveTarget	0.00	1
186	113200	559760	0	ShowTarget	0.00	1
187	113422	559974	0	TargetHided	0.00	1
188	113422	559974	0	ChangeTargetWaitTime	0.00	1
189	114693	561194	0	ShowTarget	0.00	1
190	116263	562700	0	MoveTarget	0.00	1
191	116276	562714	0	ShowTarget	0.00	1
192	116478	562907	0	TargetHided	0.00	1
193	116478	562907	0	ChangeTargetWaitTime	0.00	1
194	117936	564307	0	ShowTarget	0.00	1
195	119242	565560	0	MoveTarget	0.00	1
196	119255	565573	0	ShowTarget	0.00	1
197	119478	565787	0	TargetHided	0.00	1
198	119478	565787	0	ChangeTargetWaitTime	0.00	1
199	120777	567034	0	ShowTarget	0.00	1
200	122207	568407	0	MoveTarget	0.00	1
201	122221	568420	0	ShowTarget	0.00	1
202	122430	568620	0	TargetHided	0.00	1
203	122430	568620	0	ChangeTargetWaitTime	0.00	1
204	123708	569848	0	ShowTarget	0.00	1
205	125617	571680	0	MoveTarget	0.00	1
206	125631	571694	0	ShowTarget	0.00	1
207	125839	571893	0	TargetHided	0.00	1
208	125839	571893	0	ChangeTargetWaitTime	0.00	1
209	127083	573088	0	ShowTarget	0.00	1
210	128430	574380	0	MoveTarget	0.00	1
211	128444	574393	0	ShowTarget	0.00	1
212	128666	574607	0	TargetHided	0.00	1
213	128666	574607	0	ChangeTargetWaitTime	0.00	1
214	130180	576060	0	ShowTarget	0.00	1
215	131923	577733	0	MoveTarget	0.00	1
216	131937	577747	0	ShowTarget	0.00	1
217	132138	577940	0	TargetHided	0.00	1
218	132138	577940	0	ChangeTargetWaitTime	0.00	1
219	133437	579187	0	ShowTarget	0.00	1
220	134541	580247	0	MoveTarget	0.00	1
221	134562	580267	0	ShowTarget	0.00	1
222	134771	580466	0	TargetHided	0.00	1
223	134771	580466	0	ChangeTargetWaitTime	0.00	1
224	137812	583387	0	ShowTarget	0.00	1
225	139104	584627	0	MoveTarget	0.00	1
226	139118	584640	0	ShowTarget	0.00	1
227	139326	584840	0	TargetHided	0.00	1
228	139326	584840	0	ChangeTargetWaitTime	0.00	1
229	140591	586054	0	ShowTarget	0.00	1
230	142528	587913	0	MoveTarget	0.00	1
231	142542	587926	0	ShowTarget	0.00	1
232	142750	588126	0	TargetHided	0.00	1
233	142750	588126	0	ChangeTargetWaitTime	0.00	1
234	144243	589560	0	ShowTarget	0.00	1
235	145500	590766	0	MoveTarget	0.00	1
236	145514	590780	0	ShowTarget	0.00	1
237	145723	590980	0	TargetHided	0.00	1
238	145723	590980	0	ChangeTargetWaitTime	0.00	1
239	147042	592247	0	ShowTarget	0.00	1
240	148389	593540	0	MoveTarget	0.00	1
241	148403	593553	0	ShowTarget	0.00	1
242	148626	593767	0	TargetHided	0.00	1
243	148626	593767	0	ChangeTargetWaitTime	0.00	1
244	149959	595047	0	ShowTarget	0.00	1
245	151195	596233	0	MoveTarget	0.00	1
246	151216	596253	0	ShowTarget	0.00	1
247	151424	596453	0	TargetHided	0.00	1
248	151424	596453	0	ChangeTargetWaitTime	0.00	1
249	152744	597720	0	ShowTarget	0.00	1
250	153973	598900	0	MoveTarget	0.00	1
251	153987	598913	0	ShowTarget	0.00	1
252	154189	599106	0	TargetHided	0.00	1
253	154189	599107	0	ChangeTargetWaitTime	0.00	1
254	155306	600180	0	ShowTarget	0.00	1
255	156619	601440	0	MoveTarget	0.00	1
256	156633	601453	0	ShowTarget	0.00	1
257	156855	601667	0	TargetHided	0.00	1
258	156855	601667	0	ChangeTargetWaitTime	0.00	1
259	158231	602987	0	ShowTarget	0.00	1
260	159730	604427	0	MoveTarget	0.00	1
261	159744	604440	0	ShowTarget	0.00	1
262	159952	604640	0	TargetHided	0.00	1
263	159952	604640	0	ChangeTargetWaitTime	0.00	1
264	161293	605927	0	ShowTarget	0.00	1
265	163085	607646	0	MoveTarget	0.00	1
266	163098	607659	0	ShowTarget	0.00	1
267	163315	607867	0	TargetHided	0.00	1
268	163315	607867	0	ChangeTargetWaitTime	0.00	1
269	164725	609221	0	ShowTarget	0.00	1
270	165890	610340	0	MoveTarget	0.00	1
271	165911	610360	0	ShowTarget	0.00	1
272	166126	610566	0	TargetHided	0.00	1
273	166127	610566	0	ChangeTargetWaitTime	0.00	1
274	167633	612013	0	ShowTarget	0.00	1
275	169148	613466	0	MoveTarget	0.00	1
276	169169	613487	0	ShowTarget	0.00	1
277	169384	613693	0	TargetHided	0.00	1
278	169384	613693	0	ChangeTargetWaitTime	0.00	1
279	170634	614893	0	ShowTarget	0.00	1
280	171953	616159	0	MoveTarget	0.00	1
281	171974	616179	0	ShowTarget	0.00	1
282	172182	616379	0	TargetHided	0.00	1
283	172182	616380	0	ChangeTargetWaitTime	0.00	1
284	173516	617660	0	ShowTarget	0.00	1
285	175322	619393	0	MoveTarget	0.00	1
286	175335	619406	0	ShowTarget	0.00	1
287	175558	619620	0	TargetHided	0.00	1
288	175558	619620	0	ChangeTargetWaitTime	0.00	1
289	176967	620972	0	ShowTarget	0.00	1
290	178842	622773	0	MoveTarget	0.00	1
291	178863	622793	0	ShowTarget	0.00	1
292	179071	622993	0	TargetHided	0.00	1
293	179071	622993	0	ChangeTargetWaitTime	0.00	1
294	180419	624286	0	ShowTarget	0.00	1
295	182246	626040	0	MoveTarget	0.00	1
296	182259	626053	0	ShowTarget	0.00	1
297	182468	626253	0	TargetHided	0.00	1
298	182468	626253	0	ChangeTargetWaitTime	0.00	1
299	183843	627573	0	ShowTarget	0.00	1
300	185461	629126	0	MoveTarget	0.00	1
301	185476	629140	0	ShowTarget	0.00	1
302	185683	629339	0	TargetHided	0.00	1
303	185683	629339	0	ChangeTargetWaitTime	0.00	1
304	187253	630846	0	ShowTarget	0.00	1
305	188586	632126	0	MoveTarget	0.00	1
306	188600	632139	0	ShowTarget	0.00	1
307	188808	632339	0	TargetHided	0.00	1
308	188808	632339	0	ChangeTargetWaitTime	0.00	1
309	190107	633586	0	ShowTarget	0.00	1
310	191274	634706	0	MoveTarget	0.00	1
311	191288	634720	0	ShowTarget	0.00	1
312	191510	634933	0	TargetHided	0.00	1
313	191510	634933	0	ChangeTargetWaitTime	0.00	1
314	192761	636134	0	ShowTarget	0.00	1
315	194316	637626	0	MoveTarget	0.00	1
316	194330	637639	0	ShowTarget	0.00	1
317	194531	637832	0	TargetHided	0.00	1
318	194531	637832	0	ChangeTargetWaitTime	0.00	1
319	195809	639060	0	ShowTarget	0.00	1
320	197121	640319	0	MoveTarget	0.00	1
321	197135	640333	0	ShowTarget	0.00	1
322	197358	640546	0	TargetHided	0.00	1
323	197358	640546	0	ChangeTargetWaitTime	0.00	1
324	198693	641828	0	ShowTarget	0.00	1
325	200434	643499	0	MoveTarget	0.00	1
326	200455	643519	0	ShowTarget	0.00	1
327	200663	643719	0	TargetHided	0.00	1
328	200663	643719	0	ChangeTargetWaitTime	0.00	1
329	202205	645199	0	ShowTarget	0.00	1
330	203587	646526	0	MoveTarget	0.00	1
331	203601	646539	0	ShowTarget	0.00	1
332	203809	646739	0	TargetHided	0.00	1
333	203809	646739	0	ChangeTargetWaitTime	0.00	1
334	205053	647933	0	ShowTarget	0.00	1
335	206643	649459	0	MoveTarget	0.00	1
336	206656	649472	0	ShowTarget	0.00	1
337	206879	649686	0	TargetHided	0.00	1
338	206879	649686	0	ChangeTargetWaitTime	0.00	1
339	208060	650820	0	ShowTarget	0.00	1
340	209455	652159	0	MoveTarget	0.00	1
341	209476	652179	0	ShowTarget	0.00	1
342	209685	652379	0	TargetHided	0.00	1
343	209685	652379	0	ChangeTargetWaitTime	0.00	1
344	210719	653372	0	ShowTarget	0.00	1
345	212407	654993	0	MoveTarget	0.00	1
346	212428	655013	0	ShowTarget	0.00	1
347	212643	655219	0	TargetHided	0.00	1
348	212643	655219	0	ChangeTargetWaitTime	0.00	1
349	214248	656759	0	ShowTarget	0.00	1
350	215366	657832	0	MoveTarget	0.00	1
351	215379	657846	0	ShowTarget	0.00	1
352	215602	658059	0	TargetHided	0.00	1
353	215602	658059	0	ChangeTargetWaitTime	0.00	1
354	216963	659366	0	ShowTarget	0.00	1
355	218373	660719	0	MoveTarget	0.00	1
356	218387	660732	0	ShowTarget	0.00	1
357	218595	660932	0	TargetHided	0.00	1
358	218595	660932	0	ChangeTargetWaitTime	0.00	1
359	220345	662613	0	ShowTarget	0.00	1
360	222185	664379	0	MoveTarget	0.00	1
361	222206	664399	0	ShowTarget	0.00	1
362	222414	664599	0	TargetHided	0.00	1
363	222414	664599	0	ChangeTargetWaitTime	0.00	1
364	223756	665887	0	ShowTarget	0.00	1
365	225338	667405	0	MoveTarget	0.00	1
366	225352	667419	0	ShowTarget	0.00	1
367	225560	667619	0	TargetHided	0.00	1
368	225560	667619	0	ChangeTargetWaitTime	0.00	1
369	226818	668825	0	ShowTarget	0.00	1
370	228714	670646	0	MoveTarget	0.00	1
371	228728	670659	0	ShowTarget	0.00	1
372	228935	670859	0	TargetHided	0.00	1
373	228935	670859	0	ChangeTargetWaitTime	0.00	1
374	230220	672092	0	ShowTarget	0.00	1
375	231804	673612	0	MoveTarget	0.00	1
376	231818	673625	0	ShowTarget	0.00	1
377	232026	673826	0	TargetHided	0.00	1
378	232026	673826	0	ChangeTargetWaitTime	0.00	1
379	233332	675079	0	ShowTarget	0.00	1
380	235228	676899	0	MoveTarget	0.00	1
381	235242	676912	0	ShowTarget	0.00	1
382	235450	677112	0	TargetHided	0.00	1
383	235450	677112	0	ChangeTargetWaitTime	0.00	1
384	236763	678372	0	ShowTarget	0.00	1
385	238374	679919	0	MoveTarget	0.00	1
386	238388	679932	0	ShowTarget	0.00	1
387	238610	680145	0	TargetHided	0.00	1
388	238610	680146	0	ChangeTargetWaitTime	0.00	1
389	239965	681447	0	ShowTarget	0.00	1
390	241756	683165	0	MoveTarget	0.00	1
391	241770	683178	0	ShowTarget	0.00	1
392	241978	683378	0	TargetHided	0.00	1
393	241978	683379	0	ChangeTargetWaitTime	0.00	1
394	243402	684745	0	ShowTarget	0.00	1
395	244499	685799	0	MoveTarget	0.00	1
396	244513	685812	0	ShowTarget	0.00	1
397	244721	686012	0	TargetHided	0.00	1
398	244721	686012	0	ChangeTargetWaitTime	0.00	1
399	245992	687231	0	ShowTarget	0.00	1
400	247270	688459	0	MoveTarget	0.00	1
401	247284	688472	0	ShowTarget	0.00	1
402	247507	688686	0	TargetHided	0.00	1
403	247507	688686	0	ChangeTargetWaitTime	0.00	1
404	248771	689899	0	ShowTarget	0.00	1
405	249986	691065	0	MoveTarget	0.00	1
406	249999	691078	0	ShowTarget	0.00	1
407	250208	691279	0	TargetHided	0.00	1
408	250208	691279	0	ChangeTargetWaitTime	0.00	1
409	251479	692499	0	ShowTarget	0.00	1
410	252694	693665	0	MoveTarget	0.00	1
411	252708	693679	0	ShowTarget	0.00	1
412	252917	693879	0	TargetHided	0.00	1
413	252917	693879	0	ChangeTargetWaitTime	0.00	1
414	254194	695105	0	ShowTarget	0.00	1
415	255319	696185	0	MoveTarget	0.00	1
416	255333	696198	0	ShowTarget	0.00	1
417	255541	696398	0	TargetHided	0.00	1
418	255541	696398	0	ChangeTargetWaitTime	0.00	1
419	256841	697646	0	ShowTarget	0.00	1
420	258875	699598	0	MoveTarget	0.00	1
421	258889	699612	0	ShowTarget	0.00	1
422	259097	699812	0	TargetHided	0.00	1
423	259097	699812	0	ChangeTargetWaitTime	0.00	1
424	260465	701125	0	ShowTarget	0.00	1
425	261840	702445	0	MoveTarget	0.00	1
426	261854	702458	0	ShowTarget	0.00	1
427	262077	702672	0	TargetHided	0.00	1
428	262077	702672	0	ChangeTargetWaitTime	0.00	1
429	263425	703967	0	ShowTarget	0.00	1
430	264611	705105	0	MoveTarget	0.00	1
431	264632	705125	0	ShowTarget	0.00	1
432	264840	705325	0	TargetHided	0.00	1
433	264840	705325	0	ChangeTargetWaitTime	0.00	1
434	266111	706545	0	ShowTarget	0.00	1
435	268056	708411	0	MoveTarget	0.00	1
436	268070	708425	0	ShowTarget	0.00	1
437	268278	708625	0	TargetHided	0.00	1
438	268278	708625	0	ChangeTargetWaitTime	0.00	1
439	269626	709919	0	ShowTarget	0.00	1
440	270945	711185	0	MoveTarget	0.00	1
441	270959	711198	0	ShowTarget	0.00	1
442	271181	711412	0	TargetHided	0.00	1
443	271181	711412	0	ChangeTargetWaitTime	0.00	1
444	272313	712499	0	ShowTarget	0.00	1
445	274077	714192	0	MoveTarget	0.00	1
446	274091	714205	0	ShowTarget	0.00	1
447	274299	714405	0	TargetHided	0.00	1
448	274299	714405	0	ChangeTargetWaitTime	0.00	1
449	275515	715572	0	ShowTarget	0.00	1
450	276626	716638	0	MoveTarget	0.00	1
451	276640	716651	0	ShowTarget	0.00	1
452	276862	716865	0	TargetHided	0.00	1
453	276862	716865	0	ChangeTargetWaitTime	0.00	1
454	278098	718052	0	ShowTarget	0.00	1
279488	719385	-1	GameMode DynamicAcuity HideFlag False JumpFlag False ShowTargetFlag True HeadIndicatorChange True SkipCenterFlag True HideHeadIndicator False Gain 1 UsingAcuityAfter False UsingAcuityBefore True UsingAcuityWaitTime False AcuitySize 8 UsingAcuityChange True CurrAcuityChangeMode acuity_list UsingPostDelay False PostDelayMode random PostDelayInit 0.00 PostDelayIMax 0.00 ADUsingStaticData False UsingPresetSD False StaticDataSize 0 StaticDataMLH 0.000 UsingDynamicDelay False DynamicDelayMode fix_amount DynaDelayInit 0.000 DynaDelayMax 0.000 DynaDelayInter 0.000 	
455	289495	728992	0	ReSet	0.00	0
456	289502	728998	0	ShowTarget	0.00	1
457	291516	730932	0	MoveTarget	0.00	1
458	291530	730945	0	ShowTarget	0.00	1
459	292405	731785	0	ErrorOccurred	0.00	1
460	294419	733718	0	ErrorReturn	0.00	1
461	297120	736311	0	MoveTarget	0.00	1
462	297134	736325	0	ShowTarget	0.00	1
463	297468	736645	0	head_turned	0.00	0
464	297822	736984	0	head_stop	0.00	0
465	298481	737618	0	ShowTarget	0.00	1
466	300877	739918	0	MoveTarget	0.00	1
467	300891	739931	0	ShowTarget	0.00	1
468	301204	740231	0	head_turned	0.00	0
469	302509	741485	0	head_stop	0.00	0
470	302891	741851	0	ShowTarget	0.00	1
471	304975	743851	0	MoveTarget	0.00	1
472	304989	743865	0	ShowTarget	0.00	1
473	305468	744325	0	head_turned	0.00	0
474	305677	744526	0	head_stop	0.00	0
475	306761	745565	0	ShowTarget	0.00	1
476	308691	747418	0	MoveTarget	0.00	1
477	308704	747431	0	ShowTarget	0.00	1
478	309072	747784	0	head_turned	0.00	0
479	309274	747978	0	head_stop	0.00	0
480	310316	748978	0	ShowTarget	0.00	1
481	312192	750779	0	MoveTarget	0.00	1
482	312204	750791	0	ShowTarget	0.00	1
483	312670	751238	0	head_turned	0.00	0
484	312989	751545	0	head_stop	0.00	0
485	313753	752278	0	ShowTarget	0.00	1
486	316468	754884	0	MoveTarget	0.00	1
487	316489	754904	0	ShowTarget	0.00	1
488	316830	755231	0	head_turned	0.00	0
489	317241	755625	0	head_stop	0.00	0
490	318330	756671	0	ShowTarget	0.00	1
491	320886	759124	0	MoveTarget	0.00	1
492	320899	759137	0	ShowTarget	0.00	1
493	321476	759691	0	head_turned	0.00	0
494	321837	760038	0	head_stop	0.00	0
495	322379	760558	0	ShowTarget	0.00	1
496	324656	762744	0	MoveTarget	0.00	1
497	324677	762764	0	ShowTarget	0.00	1
498	325476	763531	0	head_turned	0.00	0
499	325858	763897	0	head_stop	0.00	0
500	326615	764624	0	ShowTarget	0.00	1
501	328615	766545	0	MoveTarget	0.00	1
502	328629	766558	0	ShowTarget	0.00	1
503	329108	767018	0	head_turned	0.00	0
504	329747	767631	0	head_stop	0.00	0
505	330026	767898	0	ShowTarget	0.00	1
506	332379	770157	0	MoveTarget	0.00	1
507	332401	770179	0	ShowTarget	0.00	1
508	332692	770458	0	head_turned	0.00	0
509	333240	770984	0	head_stop	0.00	0
510	333783	771505	0	ShowTarget	0.00	1
511	335963	773597	0	MoveTarget	0.00	1
512	335976	773610	0	ShowTarget	0.00	1
513	336345	773964	0	head_turned	0.00	0
514	336803	774404	0	head_stop	0.00	0
515	337241	774824	0	ShowTarget	0.00	1
516	340095	777564	0	MoveTarget	0.00	1
517	340109	777577	0	ShowTarget	0.00	1
518	340623	778071	0	head_turned	0.00	0
519	341136	778564	0	head_stop	0.00	0
520	341560	778971	0	ShowTarget	0.00	1
521	343318	780658	0	MoveTarget	0.00	1
522	343338	780677	0	ShowTarget	0.00	1
523	343810	781130	0	head_turned	0.00	0
524	344053	781364	0	head_stop	0.00	0
525	344741	782024	0	ShowTarget	0.00	1
526	346492	783705	0	MoveTarget	0.00	1
527	346512	783724	0	ShowTarget	0.00	1
528	346831	784031	0	head_turned	0.00	0
529	347179	784364	0	head_stop	0.00	0
530	347831	784991	0	ShowTarget	0.00	1
531	350568	787617	0	MoveTarget	0.00	1
532	350582	787631	0	ShowTarget	0.00	1
533	350957	787991	0	head_turned	0.00	0
534	351318	788337	0	head_stop	0.00	0
535	352707	789671	0	ShowTarget	0.00	1
536	355249	792111	0	MoveTarget	0.00	1
537	355262	792124	0	ShowTarget	0.00	1
538	355596	792444	0	head_turned	0.00	0
539	355887	792724	0	head_stop	0.00	0
540	356471	793284	0	ShowTarget	0.00	1
541	358186	794931	0	MoveTarget	0.00	1
542	358207	794950	0	ShowTarget	0.00	1
543	358624	795351	0	head_turned	0.00	0
544	358874	795590	0	head_stop	0.00	0
545	359554	796244	0	ShowTarget	0.00	1
546	361777	798377	0	MoveTarget	0.00	1
547	361798	798397	0	ShowTarget	0.00	1
548	362089	798677	0	head_turned	0.00	0
549	362430	799004	0	head_stop	0.00	0
550	362936	799490	0	ShowTarget	0.00	1
551	365735	802177	0	MoveTarget	0.00	1
552	365749	802191	0	ShowTarget	0.00	1
553	366103	802530	0	head_turned	0.00	0
554	366471	802883	0	head_stop	0.00	0
555	366993	803384	0	ShowTarget	0.00	1
556	369416	805710	0	MoveTarget	0.00	1
557	369437	805731	0	ShowTarget	0.00	1
558	369784	806064	0	head_turned	0.00	0
559	369985	806257	0	head_stop	0.00	0
560	370701	806944	0	ShowTarget	0.00	1
561	373333	809470	0	MoveTarget	0.00	1
562	373347	809484	0	ShowTarget	0.00	1
563	373618	809743	0	head_turned	0.00	0
564	373958	810070	0	head_stop	0.00	0
565	374437	810531	0	ShowTarget	0.00	1
566	376257	812277	0	MoveTarget	0.00	1
567	376271	812290	0	ShowTarget	0.00	1
568	377180	813163	0	head_turned	0.00	0
569	377966	813917	0	head_stop	0.00	0
570	378341	814277	0	ShowTarget	0.00	1
571	380722	816564	0	MoveTarget	0.00	1
572	380736	816577	0	ShowTarget	0.00	1
573	381028	816857	0	head_turned	0.00	0
574	381257	817077	0	head_stop	0.00	0
575	382015	817805	0	ShowTarget	0.00	1
576	384396	820090	0	MoveTarget	0.00	1
577	384410	820104	0	ShowTarget	0.00	1
578	384681	820363	0	head_turned	0.00	0
579	385264	820924	0	head_stop	0.00	0
580	385849	821485	0	ShowTarget	0.00	1
581	387785	823344	0	MoveTarget	0.00	1
582	387799	823357	0	ShowTarget	0.00	1
583	388118	823663	0	head_turned	0.00	0
584	388327	823863	0	head_stop	0.00	0
585	389021	824530	0	ShowTarget	0.00	1
586	391195	826617	0	MoveTarget	0.00	1
587	391209	826630	0	ShowTarget	0.00	1
588	391501	826910	0	head_turned	0.00	0
589	391799	827197	0	head_stop	0.00	0
590	392417	827790	0	ShowTarget	0.00	1
591	394639	829923	0	MoveTarget	0.00	1
592	394660	829943	0	ShowTarget	0.00	1
593	395105	830370	0	head_turned	0.00	0
594	395459	830709	0	head_stop	0.00	0
595	395938	831170	0	ShowTarget	0.00	1
596	398730	833849	0	MoveTarget	0.00	1
597	398751	833870	0	ShowTarget	0.00	1
598	399014	834123	0	head_turned	0.00	0
599	399334	834430	0	head_stop	0.00	0
600	399834	834909	0	ShowTarget	0.00	1
601	401688	836690	0	MoveTarget	0.00	1
602	401702	836703	0	ShowTarget	0.00	1
603	402112	837096	0	head_turned	0.00	0
604	402466	837436	0	head_stop	0.00	0
605	402932	837884	0	ShowTarget	0.00	1
606	406106	840930	0	MoveTarget	0.00	1
607	406119	840943	0	ShowTarget	0.00	1
608	406376	841189	0	head_turned	0.00	0
609	406689	841490	0	head_stop	0.00	0
610	407119	841903	0	ShowTarget	0.00	1
611	409370	844063	0	MoveTarget	0.00	1
612	409383	844076	0	ShowTarget	0.00	1
613	409731	844410	0	head_turned	0.00	0
614	409959	844629	0	head_stop	0.00	0
615	410571	845216	0	ShowTarget	0.00	1
616	413530	848057	0	MoveTarget	0.00	1
617	413543	848070	0	ShowTarget	0.00	1
618	413918	848429	0	head_turned	0.00	0
619	414224	848723	0	head_stop	0.00	0
620	414807	849282	0	ShowTarget	0.00	1
621	417641	852003	0	MoveTarget	0.00	1
622	417654	852016	0	ShowTarget	0.00	1
623	417939	852289	0	head_turned	0.00	0
624	418314	852649	0	head_stop	0.00	0
625	418863	853176	0	ShowTarget	0.00	1
626	421454	855663	0	MoveTarget	0.00	1
627	421474	855683	0	ShowTarget	0.00	1
628	421759	855956	0	head_turned	0.00	0
629	422106	856289	0	head_stop	0.00	0
630	422759	856916	0	ShowTarget	0.00	1
631	424614	858696	0	MoveTarget	0.00	1
632	424627	858710	0	ShowTarget	0.00	1
633	425107	859170	0	head_turned	0.00	0
634	425322	859376	0	head_stop	0.00	0
635	426037	860063	0	ShowTarget	0.00	1
636	428482	862409	0	MoveTarget	0.00	1
637	428495	862422	0	ShowTarget	0.00	1
638	428690	862609	0	head_turned	0.00	0
639	429273	863169	0	head_stop	0.00	0
640	429565	863449	0	ShowTarget	0.00	1
641	431294	865109	0	MoveTarget	0.00	1
642	431308	865123	0	ShowTarget	0.00	1
643	431704	865502	0	head_turned	0.00	0
644	431995	865782	0	head_stop	0.00	0
645	432836	866589	0	ShowTarget	0.00	1
646	435176	868836	0	MoveTarget	0.00	1
647	435190	868849	0	ShowTarget	0.00	1
648	435496	869143	0	head_turned	0.00	0
649	436017	869642	0	head_stop	0.00	0
650	436371	869983	0	ShowTarget	0.00	1
651	438635	872156	0	MoveTarget	0.00	1
652	438649	872169	0	ShowTarget	0.00	1
653	438948	872456	0	head_turned	0.00	0
654	439343	872836	0	head_stop	0.00	0
655	439893	873363	0	ShowTarget	0.00	1
656	442107	875489	0	MoveTarget	0.00	1
657	442121	875502	0	ShowTarget	0.00	1
658	442413	875782	0	head_turned	0.00	0
659	442781	876136	0	head_stop	0.00	0
660	443392	876722	0	ShowTarget	0.00	1
661	448371	881502	0	MoveTarget	0.00	1
662	448385	881516	0	ShowTarget	0.00	1
663	448677	881795	0	head_turned	0.00	0
664	449004	882109	0	head_stop	0.00	0
665	449629	882709	0	ShowTarget	0.00	1
666	451629	884629	0	MoveTarget	0.00	1
667	451642	884642	0	ShowTarget	0.00	1
668	452142	885122	0	head_turned	0.00	0
669	452795	885749	0	head_stop	0.00	0
670	453636	886556	0	ShowTarget	0.00	1
671	456053	888876	0	MoveTarget	0.00	1
672	456067	888890	0	ShowTarget	0.00	1
673	456344	889156	0	head_turned	0.00	0
674	456754	889549	0	head_stop	0.00	0
675	457198	889975	0	ShowTarget	0.00	1
676	459532	892215	0	MoveTarget	0.00	1
677	459553	892236	0	ShowTarget	0.00	1
678	459893	892562	0	head_turned	0.00	0
679	460650	893289	0	head_stop	0.00	0
680	461025	893649	0	ShowTarget	0.00	1
681	463068	895609	0	MoveTarget	0.00	1
682	463081	895622	0	ShowTarget	0.00	1
683	463477	896002	0	head_turned	0.00	0
684	464074	896575	0	head_stop	0.00	0
685	464414	896902	0	ShowTarget	0.00	1
686	467039	899422	0	MoveTarget	0.00	1
687	467054	899436	0	ShowTarget	0.00	1
688	467324	899695	0	head_turned	0.00	0
689	467817	900169	0	head_stop	0.00	0
690	468484	900809	0	ShowTarget	0.00	1
691	470852	903082	0	MoveTarget	0.00	1
692	470873	903102	0	ShowTarget	0.00	1
693	471345	903556	0	head_turned	0.00	0
694	471699	903895	0	head_stop	0.00	0
695	472241	904415	0	ShowTarget	0.00	1
696	475026	907089	0	MoveTarget	0.00	1
697	475047	907109	0	ShowTarget	0.00	1
698	475373	907422	0	head_turned	0.00	0
699	475929	907956	0	head_stop	0.00	0
700	476436	908442	0	ShowTarget	0.00	1
701	478964	910868	0	MoveTarget	0.00	1
702	478978	910882	0	ShowTarget	0.00	1
703	479297	911189	0	head_turned	0.00	0
704	480096	911956	0	head_stop	0.00	0
705	481596	913395	0	ShowTarget	0.00	1
706	483867	915575	0	MoveTarget	0.00	1
707	483881	915589	0	ShowTarget	0.00	1
708	484172	915869	0	head_turned	0.00	0
709	484395	916082	0	head_stop	0.00	0
710	485125	916783	0	ShowTarget	0.00	1
711	487867	919415	0	MoveTarget	0.00	1
712	487881	919428	0	ShowTarget	0.00	1
713	488194	919729	0	head_turned	0.00	0
714	488422	919948	0	head_stop	0.00	0
715	489214	920708	0	ShowTarget	0.00	1
716	491916	923302	0	MoveTarget	0.00	1
717	491930	923315	0	ShowTarget	0.00	1
718	492249	923621	0	head_turned	0.00	0
719	492659	924015	0	head_stop	0.00	0
720	493048	924389	0	ShowTarget	0.00	1
721	494673	925948	0	MoveTarget	0.00	1
722	494687	925962	0	ShowTarget	0.00	1
723	495416	926662	0	head_turned	0.00	0
724	495645	926882	0	head_stop	0.00	0
725	496520	927722	0	ShowTarget	0.00	1
726	498326	929455	0	MoveTarget	0.00	1
727	498347	929475	0	ShowTarget	0.00	1
728	498756	929868	0	head_turned	0.00	0
729	499139	930235	0	head_stop	0.00	0
730	499632	930709	0	ShowTarget	0.00	1
731	502069	933049	0	MoveTarget	0.00	1
732	502083	933062	0	ShowTarget	0.00	1
733	502396	933362	0	head_turned	0.00	0
734	502680	933635	0	head_stop	0.00	0
735	503298	934228	0	ShowTarget	0.00	1
736	504951	935815	0	MoveTarget	0.00	1
737	504965	935828	0	ShowTarget	0.00	1
738	505396	936242	0	head_turned	0.00	0
739	505813	936642	0	head_stop	0.00	0
740	506951	937735	0	ShowTarget	0.00	1
741	508861	939568	0	MoveTarget	0.00	1
742	508875	939581	0	ShowTarget	0.00	1
743	509195	939888	0	head_turned	0.00	0
744	509590	940268	0	head_stop	0.00	0
745	510007	940668	0	ShowTarget	0.00	1
746	512396	942961	0	MoveTarget	0.00	1
747	512417	942982	0	ShowTarget	0.00	1
748	512688	943241	0	head_turned	0.00	0
749	513056	943595	0	head_stop	0.00	0
750	513626	944141	0	ShowTarget	0.00	1
751	516244	946655	0	MoveTarget	0.00	1
752	516264	946675	0	ShowTarget	0.00	1
753	516535	946935	0	head_turned	0.00	0
754	516799	947188	0	head_stop	0.00	0
755	517223	947595	0	ShowTarget	0.00	1
756	519681	949955	0	MoveTarget	0.00	1
757	519695	949968	0	ShowTarget	0.00	1
758	520001	950261	0	head_turned	0.00	0
759	520362	950608	0	head_stop	0.00	0
760	520654	950888	0	ShowTarget	0.00	1
761	523112	953248	0	MoveTarget	0.00	1
762	523126	953261	0	ShowTarget	0.00	1
763	523459	953581	0	head_turned	0.00	0
764	523772	953882	0	head_stop	0.00	0
765	524355	954442	0	ShowTarget	0.00	1
766	526835	956821	0	MoveTarget	0.00	1
767	526849	956835	0	ShowTarget	0.00	1
768	527133	957108	0	head_turned	0.00	0
769	527508	957468	0	head_stop	0.00	0
770	527849	957795	0	ShowTarget	0.00	1
771	529772	959641	0	MoveTarget	0.00	1
772	529793	959661	0	ShowTarget	0.00	1
773	530098	959954	0	head_turned	0.00	0
774	530341	960188	0	head_stop	0.00	0
775	530953	960775	0	ShowTarget	0.00	1
776	533543	963262	0	MoveTarget	0.00	1
777	533557	963275	0	ShowTarget	0.00	1
778	533807	963515	0	head_turned	0.00	0
779	534168	963861	0	head_stop	0.00	0
780	534418	964101	0	ShowTarget	0.00	1
781	536530	966128	0	MoveTarget	0.00	1
782	536551	966148	0	ShowTarget	0.00	1
783	536842	966428	0	head_turned	0.00	0
784	537238	966808	0	head_stop	0.00	0
785	537717	967268	0	ShowTarget	0.00	1
786	540371	969815	0	MoveTarget	0.00	1
787	540391	969835	0	ShowTarget	0.00	1
788	540641	970074	0	head_turned	0.00	0
789	540857	970282	0	head_stop	0.00	0
790	541503	970902	0	ShowTarget	0.00	1
791	543259	972588	0	MoveTarget	0.00	1
792	543280	972608	0	ShowTarget	0.00	1
793	543773	973081	0	head_turned	0.00	0
794	544127	973421	0	head_stop	0.00	0
795	544607	973882	0	ShowTarget	0.00	1
796	547176	976347	0	MoveTarget	0.00	1
797	547197	976368	0	ShowTarget	0.00	1
798	547530	976688	0	head_turned	0.00	0
799	547885	977028	0	head_stop	0.00	0
800	548600	977715	0	ShowTarget	0.00	1
801	550891	979914	0	MoveTarget	0.00	1
802	550912	979934	0	ShowTarget	0.00	1
803	551204	980214	0	head_turned	0.00	0
804	551454	980455	0	head_stop	0.00	0
805	552899	981841	0	ShowTarget	0.00	1
806	555253	984101	0	MoveTarget	0.00	1
807	555267	984114	0	ShowTarget	0.00	1
808	555558	984394	0	head_turned	0.00	0
809	555927	984748	0	head_stop	0.00	0
810	557218	985988	0	ShowTarget	0.00	1
811	559191	987881	0	MoveTarget	0.00	1
812	559205	987894	0	ShowTarget	0.00	1
813	559476	988155	0	head_turned	0.00	0
814	559913	988575	0	head_stop	0.00	0
815	560434	989074	0	ShowTarget	0.00	1
816	563066	991601	0	MoveTarget	0.00	1
817	563080	991614	0	ShowTarget	0.00	1
818	563364	991887	0	head_turned	0.00	0
819	563691	992201	0	head_stop	0.00	0
820	564233	992721	0	ShowTarget	0.00	1
821	566094	994507	0	MoveTarget	0.00	1
822	566115	994528	0	ShowTarget	0.00	1
823	566490	994888	0	head_turned	0.00	0
824	566830	995214	0	head_stop	0.00	0
825	567184	995554	0	ShowTarget	0.00	1
826	569928	998188	0	MoveTarget	0.00	1
827	569941	998200	0	ShowTarget	0.00	1
828	570247	998494	0	head_turned	0.00	0
829	570504	998741	0	head_stop	0.00	0
830	570851	999074	0	ShowTarget	0.00	1
831	573671	1001781	0	MoveTarget	0.00	1
832	573684	1001794	0	ShowTarget	0.00	1
833	573976	1002074	0	head_turned	0.00	0
834	574337	1002421	0	head_stop	0.00	0
835	574782	1002847	0	ShowTarget	0.00	1
836	577706	1005654	0	MoveTarget	0.00	1
837	577727	1005674	0	ShowTarget	0.00	1
838	578018	1005954	0	head_turned	0.00	0
839	578449	1006368	0	head_stop	0.00	0
840	578817	1006721	0	ShowTarget	0.00	1
841	581442	1009241	0	MoveTarget	0.00	1
842	581456	1009254	0	ShowTarget	0.00	1
843	582213	1009981	0	head_turned	0.00	0
844	582546	1010301	0	head_stop	0.00	0
845	583158	1010888	0	ShowTarget	0.00	1
846	584997	1012654	0	MoveTarget	0.00	1
847	585011	1012667	0	ShowTarget	0.00	1
848	585685	1013314	0	head_turned	0.00	0
849	586074	1013687	0	head_stop	0.00	0
850	586956	1014534	0	ShowTarget	0.00	1
851	589137	1016627	0	MoveTarget	0.00	1
852	589151	1016641	0	ShowTarget	0.00	1
853	589471	1016948	0	head_turned	0.00	0
854	589727	1017194	0	head_stop	0.00	0
855	590352	1017794	0	ShowTarget	0.00	1
856	592186	1019554	0	MoveTarget	0.00	1
857	592199	1019567	0	ShowTarget	0.00	1
858	592692	1020040	0	head_turned	0.00	0
859	593547	1020861	0	head_stop	0.00	0
860	594061	1021354	0	ShowTarget	0.00	1
861	596575	1023767	0	MoveTarget	0.00	1
862	596596	1023787	0	ShowTarget	0.00	1
863	597241	1024407	0	head_turned	0.00	0
864	597484	1024640	0	head_stop	0.00	0
865	598512	1025627	0	ShowTarget	0.00	1
866	600499	1027534	0	MoveTarget	0.00	1
867	600519	1027554	0	ShowTarget	0.00	1
868	601061	1028074	0	head_turned	0.00	0
869	601832	1028814	0	head_stop	0.00	0
870	602194	1029161	0	ShowTarget	0.00	1
871	604915	1031774	0	MoveTarget	0.00	1
872	604929	1031787	0	ShowTarget	0.00	1
873	605339	1032180	0	head_turned	0.00	0
874	605867	1032688	0	head_stop	0.00	0
875	606326	1033128	0	ShowTarget	0.00	1
876	608506	1035221	0	MoveTarget	0.00	1
877	608520	1035233	0	ShowTarget	0.00	1
878	608916	1035614	0	head_turned	0.00	0
879	609312	1035994	0	head_stop	0.00	0
880	609923	1036580	0	ShowTarget	0.00	1
881	612173	1038740	0	MoveTarget	0.00	1
882	612187	1038754	0	ShowTarget	0.00	1
883	612659	1039207	0	head_turned	0.00	0
884	613152	1039680	0	head_stop	0.00	0
885	613549	1040061	0	ShowTarget	0.00	1
886	615958	1042374	0	MoveTarget	0.00	1
887	615978	1042393	0	ShowTarget	0.00	1
888	616291	1042693	0	head_turned	0.00	0
889	616680	1043067	0	head_stop	0.00	0
890	617069	1043440	0	ShowTarget	0.00	1
891	618785	1045088	0	MoveTarget	0.00	1
892	618798	1045100	0	ShowTarget	0.00	1
893	619270	1045554	0	head_turned	0.00	0
894	619499	1045773	0	head_stop	0.00	0
895	620146	1046394	0	ShowTarget	0.00	1
896	621910	1048087	0	MoveTarget	0.00	1
897	621924	1048100	0	ShowTarget	0.00	1
898	622542	1048694	0	head_turned	0.00	0
899	622750	1048894	0	head_stop	0.00	0
900	624154	1050241	0	ShowTarget	0.00	1
901	626313	1052313	0	MoveTarget	0.00	1
902	626333	1052333	0	ShowTarget	0.00	1
903	626660	1052647	0	head_turned	0.00	0
904	627097	1053066	0	head_stop	0.00	0
905	627619	1053567	0	ShowTarget	0.00	1
906	629264	1055147	0	MoveTarget	0.00	1
907	629278	1055160	0	ShowTarget	0.00	1
908	629757	1055620	0	head_turned	0.00	0
909	629938	1055793	0	head_stop	0.00	0
910	630931	1056747	0	ShowTarget	0.00	1

