Using_curved_screen True Player_screen_cm 180 Screen_width_cm 121 Camera1_display 0 Camera2_display 1 CameraFOVFactor 2 GazeTime 1.5 RandomGazeTime 0.5 HideTime 0.2 SpeedThreshold 180 StopWinodow 0.03 TargetChangeTime 1 TargetChangeTimeRRange 0 UseAcuityIndicator True AcuityMode 1 AcuityFlashTime 0.08 AcuityChangeNumber 10 AcuityChangeUpPerc 0.8 AcuityChangeDownPerc 0.5 ACuityList 90 StopSpeed 10.00 PostDelayList 0 PostDelayNumber 5 PostDelayUpC 0.50 PostDelayLoC 0.60 PostDelayConvNum 1 PostDelayRepeatNum 2 PostDelayASOffset 0 DynaDelayRepeatNum 9 
Line_#	Time_Stamp	Simulink_Sample	Trail_#	Action	Degree	Direction
16	604243	-1	GameMode StaticAcuity HideFlag True JumpFlag False ShowTargetFlag True HeadIndicatorChange False SkipCenterFlag True HideHeadIndicator True Gain 1 UsingAcuityAfter False UsingAcuityBefore False UsingAcuityWaitTime True AcuitySize 8 UsingAcuityChange True CurrAcuityChangeMode acuity_list UsingPostDelay False PostDelayMode random PostDelayInit 0.00 PostDelayIMax 0.00 ADUsingStaticData False UsingPresetSD False StaticDataSize 0 StaticDataMLH 0.000 UsingDynamicDelay False DynamicDelayMode fix_amount DynaDelayInit 0.000 DynaDelayMax 0.000 DynaDelayInter 0.000 	
3	326	604541	0	ReSet	0.00	0
4	332	604547	0	ShowTarget	0.00	0
5	1861	606014	0	MoveTarget	0.00	1
6	1874	606027	0	ShowTarget	0.00	1
7	2090	606234	0	TargetHided	0.00	1
8	2091	606236	0	ChangeTargetWaitTime	0.00	1
9	3564	607650	0	ShowTarget	0.00	1
10	4930	608961	0	MoveTarget	0.00	1
11	4951	608981	0	ShowTarget	0.00	1
12	5159	609180	0	TargetHided	0.00	1
13	5159	609180	0	ChangeTargetWaitTime	0.00	1
14	6888	610841	0	ShowTarget	0.00	1
15	8375	612268	0	MoveTarget	0.00	1
16	8388	612280	0	ShowTarget	0.00	1
17	8597	612481	0	TargetHided	0.00	1
18	8597	612481	0	ChangeTargetWaitTime	0.00	1
19	10035	613860	0	ShowTarget	0.00	1
20	11847	615601	0	MoveTarget	0.00	1
21	11862	615614	0	ShowTarget	0.00	1
22	12083	615827	0	TargetHided	0.00	1
23	12083	615827	0	ChangeTargetWaitTime	0.00	1
24	13521	617208	0	ShowTarget	0.00	1
25	15271	618887	0	MoveTarget	0.00	1
26	15285	618901	0	ShowTarget	0.00	1
27	15493	619101	0	TargetHided	0.00	1
28	15493	619101	0	ChangeTargetWaitTime	0.00	1
29	16972	620520	0	ShowTarget	0.00	1
30	18987	622454	0	MoveTarget	0.00	1
31	19000	622467	0	ShowTarget	0.00	1
32	19230	622688	0	TargetHided	0.00	1
33	19230	622688	0	ChangeTargetWaitTime	0.00	1
34	21369	624741	0	ShowTarget	0.00	1
35	22882	626194	0	MoveTarget	0.00	1
36	22903	626214	0	ShowTarget	0.00	1
37	23111	626414	0	TargetHided	0.00	1
38	23111	626414	0	ChangeTargetWaitTime	0.00	1
39	24723	627960	0	ShowTarget	0.00	1
40	26535	629700	0	MoveTarget	0.00	1
41	26549	629713	0	ShowTarget	0.00	1
42	26757	629914	0	TargetHided	0.00	1
43	26758	629914	0	ChangeTargetWaitTime	0.00	1
44	28758	631834	0	ShowTarget	0.00	1
45	30425	633434	0	MoveTarget	0.00	1
46	30438	633447	0	ShowTarget	0.00	1
47	30660	633660	0	TargetHided	0.00	1
48	30660	633660	0	ChangeTargetWaitTime	0.00	1
49	32064	635007	0	ShowTarget	0.00	1
50	33515	636400	0	MoveTarget	0.00	1
51	33529	636414	0	ShowTarget	0.00	1
52	33737	636613	0	TargetHided	0.00	1
53	33737	636613	0	ChangeTargetWaitTime	0.00	1
54	36224	639001	0	ShowTarget	0.00	1
55	37272	640007	0	MoveTarget	0.00	1
56	37286	640020	0	ShowTarget	0.00	1
57	37501	640227	0	TargetHided	0.00	1
58	37501	640227	0	ChangeTargetWaitTime	0.00	1
59	39001	641667	0	ShowTarget	0.00	1
60	40939	643527	0	MoveTarget	0.00	1
61	40953	643540	0	ShowTarget	0.00	1
62	41161	643740	0	TargetHided	0.00	1
63	41161	643740	0	ChangeTargetWaitTime	0.00	1
64	43133	645633	0	ShowTarget	0.00	1
65	44286	646740	0	MoveTarget	0.00	1
66	44300	646753	0	ShowTarget	0.00	1
67	44509	646953	0	TargetHided	0.00	1
68	44509	646953	0	ChangeTargetWaitTime	0.00	1
69	45968	648354	0	ShowTarget	0.00	1
70	47676	649993	0	MoveTarget	0.00	1
71	47689	650007	0	ShowTarget	0.00	1
72	47912	650220	0	TargetHided	0.00	1
73	47912	650220	0	ChangeTargetWaitTime	0.00	1
74	49926	652154	0	ShowTarget	0.00	1
75	51683	653840	0	MoveTarget	0.00	1
76	51696	653853	0	ShowTarget	0.00	1
77	51905	654054	0	TargetHided	0.00	1
78	51905	654054	0	ChangeTargetWaitTime	0.00	1
79	53399	655487	0	ShowTarget	0.00	1
80	55232	657247	0	MoveTarget	0.00	1
81	55246	657260	0	ShowTarget	0.00	1
82	55468	657474	0	TargetHided	0.00	1
83	55468	657474	0	ChangeTargetWaitTime	0.00	1
84	56968	658913	0	ShowTarget	0.00	1
85	58530	660413	0	MoveTarget	0.00	1
86	58544	660427	0	ShowTarget	0.00	1
87	58752	660626	0	TargetHided	0.00	1
88	58753	660626	0	ChangeTargetWaitTime	0.00	1
89	60183	662000	0	ShowTarget	0.00	1
90	62079	663820	0	MoveTarget	0.00	1
91	62093	663833	0	ShowTarget	0.00	1
92	62316	664047	0	TargetHided	0.00	1
93	62316	664047	0	ChangeTargetWaitTime	0.00	1
94	63719	665394	0	ShowTarget	0.00	1
95	64947	666573	0	MoveTarget	0.00	1
96	64961	666586	0	ShowTarget	0.00	1
97	65163	666780	0	TargetHided	0.00	1
98	65163	666780	0	ChangeTargetWaitTime	0.00	1
99	66615	668174	0	ShowTarget	0.00	1
100	67774	669286	0	MoveTarget	0.00	1
101	67795	669306	0	ShowTarget	0.00	1
102	68003	669506	0	TargetHided	0.00	1
103	68003	669507	0	ChangeTargetWaitTime	0.00	1
104	69746	671180	0	ShowTarget	0.00	1
105	71011	672394	0	MoveTarget	0.00	1
106	71024	672407	0	ShowTarget	0.00	1
107	71232	672606	0	TargetHided	0.00	1
108	71232	672606	0	ChangeTargetWaitTime	0.00	1
109	72677	673993	0	ShowTarget	0.00	1
110	74532	675773	0	MoveTarget	0.00	1
111	74552	675793	0	ShowTarget	0.00	1
112	74767	676000	0	TargetHided	0.00	1
113	74768	676000	0	ChangeTargetWaitTime	0.00	1
114	76149	677326	0	ShowTarget	0.00	1
115	77497	678620	0	MoveTarget	0.00	1
116	77517	678640	0	ShowTarget	0.00	1
117	77733	678846	0	TargetHided	0.00	1
118	77733	678846	0	ChangeTargetWaitTime	0.00	1
119	79226	680279	0	ShowTarget	0.00	1
120	80830	681820	0	MoveTarget	0.00	1
121	80844	681833	0	ShowTarget	0.00	1
122	81066	682046	0	TargetHided	0.00	1
123	81066	682046	0	ChangeTargetWaitTime	0.00	1
124	82497	683420	0	ShowTarget	0.00	1
125	84240	685093	0	MoveTarget	0.00	1
126	84254	685106	0	ShowTarget	0.00	1
127	84455	685300	0	TargetHided	0.00	1
128	84455	685300	0	ChangeTargetWaitTime	0.00	1
129	86998	687740	0	ShowTarget	0.00	1
130	88255	688947	0	MoveTarget	0.00	1
131	88268	688959	0	ShowTarget	0.00	1
132	88476	689159	0	TargetHided	0.00	1
133	88476	689160	0	ChangeTargetWaitTime	0.00	1
134	89914	690540	0	ShowTarget	0.00	1
135	91102	691679	0	MoveTarget	0.00	1
136	91115	691693	0	ShowTarget	0.00	1
137	91338	691906	0	TargetHided	0.00	1
138	91338	691906	0	ChangeTargetWaitTime	0.00	1
139	92797	693307	0	ShowTarget	0.00	1
140	94234	694686	0	MoveTarget	0.00	1
141	94248	694699	0	ShowTarget	0.00	1
142	94456	694899	0	TargetHided	0.00	1
143	94456	694899	0	ChangeTargetWaitTime	0.00	1
144	95873	696259	0	ShowTarget	0.00	1
145	96949	697293	0	MoveTarget	0.00	1
146	96964	697307	0	ShowTarget	0.00	1
147	97186	697520	0	TargetHided	0.00	1
148	97186	697520	0	ChangeTargetWaitTime	0.00	1
149	98617	698894	0	ShowTarget	0.00	1
150	99748	699980	0	MoveTarget	0.00	1
151	99769	700000	0	ShowTarget	0.00	1
152	99977	700199	0	TargetHided	0.00	1
153	99977	700199	0	ChangeTargetWaitTime	0.00	1
154	101325	701494	0	ShowTarget	0.00	1
155	102839	702947	0	MoveTarget	0.00	1
156	102859	702966	0	ShowTarget	0.00	1
157	103068	703166	0	TargetHided	0.00	1
158	103068	703166	0	ChangeTargetWaitTime	0.00	1
159	104492	704533	0	ShowTarget	0.00	1
160	105762	705753	0	MoveTarget	0.00	1
161	105783	705773	0	ShowTarget	0.00	1
162	105992	705973	0	TargetHided	0.00	1
163	105992	705973	0	ChangeTargetWaitTime	0.00	1
164	107333	707260	0	ShowTarget	0.00	1
165	109061	708919	0	MoveTarget	0.00	1
166	109082	708939	0	ShowTarget	0.00	1
167	109290	709139	0	TargetHided	0.00	1
168	109291	709139	0	ChangeTargetWaitTime	0.00	1
169	110673	710466	0	ShowTarget	0.00	1
170	111728	711480	0	MoveTarget	0.00	1
171	111742	711492	0	ShowTarget	0.00	1
172	111950	711692	0	TargetHided	0.00	1
173	111950	711692	0	ChangeTargetWaitTime	0.00	1
174	113257	712948	0	ShowTarget	0.00	1
175	114874	714499	0	MoveTarget	0.00	1
176	114895	714519	0	ShowTarget	0.00	1
177	115103	714719	0	TargetHided	0.00	1
178	115103	714719	0	ChangeTargetWaitTime	0.00	1
179	116575	716132	0	ShowTarget	0.00	1
180	118173	717666	0	MoveTarget	0.00	1
181	118193	717685	0	ShowTarget	0.00	1
182	118402	717886	0	TargetHided	0.00	1
183	118402	717886	0	ChangeTargetWaitTime	0.00	1
184	119777	719206	0	ShowTarget	0.00	1
185	121548	720906	0	MoveTarget	0.00	1
186	121569	720926	0	ShowTarget	0.00	1
187	121784	721133	0	TargetHided	0.00	1
188	121784	721133	0	ChangeTargetWaitTime	0.00	1
189	123195	722486	0	ShowTarget	0.00	1
190	125131	724346	0	MoveTarget	0.00	1
191	125145	724359	0	ShowTarget	0.00	1
192	125368	724573	0	TargetHided	0.00	1
193	125368	724573	0	ChangeTargetWaitTime	0.00	1
194	126855	726000	0	ShowTarget	0.00	1
195	128444	727526	0	MoveTarget	0.00	1
196	128465	727545	0	ShowTarget	0.00	1
197	128673	727746	0	TargetHided	0.00	1
198	128673	727746	0	ChangeTargetWaitTime	0.00	1
199	130264	729273	0	ShowTarget	0.00	1
200	132153	731086	0	MoveTarget	0.00	1
201	132174	731106	0	ShowTarget	0.00	1
202	132389	731312	0	TargetHided	0.00	1
203	132389	731312	0	ChangeTargetWaitTime	0.00	1
204	133806	732672	0	ShowTarget	0.00	1
205	135736	734525	0	MoveTarget	0.00	1
206	135750	734539	0	ShowTarget	0.00	1
207	135972	734752	0	TargetHided	0.00	1
208	135972	734752	0	ChangeTargetWaitTime	0.00	1
209	137813	736519	0	ShowTarget	0.00	1
210	139459	738099	0	MoveTarget	0.00	1
211	139480	738119	0	ShowTarget	0.00	1
212	139688	738319	0	TargetHided	0.00	1
213	139688	738319	0	ChangeTargetWaitTime	0.00	1
214	141639	740192	0	ShowTarget	0.00	1
215	142924	741426	0	MoveTarget	0.00	1
216	142945	741446	0	ShowTarget	0.00	1
217	143146	741639	0	TargetHided	0.00	1
218	143146	741639	0	ChangeTargetWaitTime	0.00	1
219	144785	743212	0	ShowTarget	0.00	1
220	146730	745079	0	MoveTarget	0.00	1
221	146751	745099	0	ShowTarget	0.00	1
222	146966	745305	0	TargetHided	0.00	1
223	146966	745306	0	ChangeTargetWaitTime	0.00	1
224	148793	747059	0	ShowTarget	0.00	1
225	149994	748212	0	MoveTarget	0.00	1
226	150015	748232	0	ShowTarget	0.00	1
227	150223	748432	0	TargetHided	0.00	1
228	150223	748432	0	ChangeTargetWaitTime	0.00	1
229	151592	749745	0	ShowTarget	0.00	1
230	152856	750959	0	MoveTarget	0.00	1
231	152869	750972	0	ShowTarget	0.00	1
232	153085	751178	0	TargetHided	0.00	1
233	153085	751178	0	ChangeTargetWaitTime	0.00	1
234	154516	752553	0	ShowTarget	0.00	1
235	155709	753699	0	MoveTarget	0.00	1
236	155730	753719	0	ShowTarget	0.00	1
237	155939	753919	0	TargetHided	0.00	1
238	155939	753919	0	ChangeTargetWaitTime	0.00	1
239	157384	755305	0	ShowTarget	0.00	1
240	158752	756618	0	MoveTarget	0.00	1
241	158772	756639	0	ShowTarget	0.00	1
242	158988	756845	0	TargetHided	0.00	1
243	158988	756845	0	ChangeTargetWaitTime	0.00	1
244	160488	758285	0	ShowTarget	0.00	1
245	161946	759686	0	MoveTarget	0.00	1
246	161960	759699	0	ShowTarget	0.00	1
247	162168	759899	0	TargetHided	0.00	1
248	162168	759899	0	ChangeTargetWaitTime	0.00	1
249	163621	761292	0	ShowTarget	0.00	1
250	164967	762585	0	MoveTarget	0.00	1
251	164981	762599	0	ShowTarget	0.00	1
252	165203	762812	0	TargetHided	0.00	1
253	165203	762812	0	ChangeTargetWaitTime	0.00	1
254	166564	764119	0	ShowTarget	0.00	1
255	168343	765825	0	MoveTarget	0.00	1
256	168356	765838	0	ShowTarget	0.00	1
257	168558	766032	0	TargetHided	0.00	1
258	168558	766032	0	ChangeTargetWaitTime	0.00	1
259	170058	767472	0	ShowTarget	0.00	1
260	172037	769372	0	MoveTarget	0.00	1
261	172058	769392	0	ShowTarget	0.00	1
262	172267	769592	0	TargetHided	0.00	1
263	172267	769592	0	ChangeTargetWaitTime	0.00	1
264	173628	770899	0	ShowTarget	0.00	1
265	175524	772719	0	MoveTarget	0.00	1
266	175537	772732	0	ShowTarget	0.00	1
267	175746	772932	0	TargetHided	0.00	1
268	175746	772932	0	ChangeTargetWaitTime	0.00	1
269	177107	774239	0	ShowTarget	0.00	1
270	178704	775772	0	MoveTarget	0.00	1
271	178718	775785	0	ShowTarget	0.00	1
272	178940	775998	0	TargetHided	0.00	1
273	178940	775998	0	ChangeTargetWaitTime	0.00	1
274	180302	777306	0	ShowTarget	0.00	1
275	181878	778819	0	MoveTarget	0.00	1
276	181892	778832	0	ShowTarget	0.00	1
277	182100	779031	0	TargetHided	0.00	1
278	182100	779031	0	ChangeTargetWaitTime	0.00	1
279	183608	780479	0	ShowTarget	0.00	1
280	185267	782072	0	MoveTarget	0.00	1
281	185288	782091	0	ShowTarget	0.00	1
282	185503	782298	0	TargetHided	0.00	1
283	185503	782298	0	ChangeTargetWaitTime	0.00	1
284	186948	783685	0	ShowTarget	0.00	1
285	188600	785272	0	MoveTarget	0.00	1
286	188614	785285	0	ShowTarget	0.00	1
287	188836	785498	0	TargetHided	0.00	1
288	188837	785498	0	ChangeTargetWaitTime	0.00	1
289	191011	787585	0	ShowTarget	0.00	1
290	192358	788878	0	MoveTarget	0.00	1
291	192372	788891	0	ShowTarget	0.00	1
292	192580	789091	0	TargetHided	0.00	1
293	192580	789091	0	ChangeTargetWaitTime	0.00	1
294	194025	790479	0	ShowTarget	0.00	1
295	195740	792125	0	MoveTarget	0.00	1
296	195753	792138	0	ShowTarget	0.00	1
297	195976	792352	0	TargetHided	0.00	1
298	195976	792352	0	ChangeTargetWaitTime	0.00	1
299	197567	793878	0	ShowTarget	0.00	1
300	198629	794898	0	MoveTarget	0.00	1
301	198650	794918	0	ShowTarget	0.00	1
302	198858	795118	0	TargetHided	0.00	1
303	198858	795118	0	ChangeTargetWaitTime	0.00	1
304	200282	796485	0	ShowTarget	0.00	1
305	201789	797931	0	MoveTarget	0.00	1
306	201803	797945	0	ShowTarget	0.00	1
307	202004	798138	0	TargetHided	0.00	1
308	202004	798138	0	ChangeTargetWaitTime	0.00	1
309	203436	799513	0	ShowTarget	0.00	1
310	204581	800611	0	MoveTarget	0.00	1
311	204595	800625	0	ShowTarget	0.00	1
312	204804	800825	0	TargetHided	0.00	1
313	204804	800826	0	ChangeTargetWaitTime	0.00	1
314	206700	802645	0	ShowTarget	0.00	1
315	208345	804225	0	MoveTarget	0.00	1
316	208359	804238	0	ShowTarget	0.00	1
317	208567	804438	0	TargetHided	0.00	1
318	208567	804438	0	ChangeTargetWaitTime	0.00	1
319	210082	805892	0	ShowTarget	0.00	1
320	212081	807811	0	MoveTarget	0.00	1
321	212102	807831	0	ShowTarget	0.00	1
322	212317	808038	0	TargetHided	0.00	1
323	212317	808038	0	ChangeTargetWaitTime	0.00	1
324	213735	809399	0	ShowTarget	0.00	1
325	215394	810992	0	MoveTarget	0.00	1
326	215408	811005	0	ShowTarget	0.00	1
327	215616	811205	0	TargetHided	0.00	1
328	215616	811205	0	ChangeTargetWaitTime	0.00	1
329	217040	812571	0	ShowTarget	0.00	1
330	218826	814286	0	MoveTarget	0.00	1
331	218838	814298	0	ShowTarget	0.00	1
332	219047	814498	0	TargetHided	0.00	1
333	219047	814498	0	ChangeTargetWaitTime	0.00	1
334	220616	816004	0	ShowTarget	0.00	1
335	222464	817779	0	MoveTarget	0.00	1
336	222477	817791	0	ShowTarget	0.00	1
337	222686	817991	0	TargetHided	0.00	1
338	222686	817991	0	ChangeTargetWaitTime	0.00	1
339	224026	819277	0	ShowTarget	0.00	1
340	225110	820318	0	MoveTarget	0.00	1
341	225130	820338	0	ShowTarget	0.00	1
342	225339	820538	0	TargetHided	0.00	1
343	225339	820538	0	ChangeTargetWaitTime	0.00	1
344	226728	821871	0	ShowTarget	0.00	1
345	228096	823185	0	MoveTarget	0.00	1
346	228110	823198	0	ShowTarget	0.00	1
347	228318	823397	0	TargetHided	0.00	1
348	228318	823398	0	ChangeTargetWaitTime	0.00	1
349	229742	824764	0	ShowTarget	0.00	1
350	231444	826398	0	MoveTarget	0.00	1
351	231457	826411	0	ShowTarget	0.00	1
352	231679	826624	0	TargetHided	0.00	1
353	231679	826624	0	ChangeTargetWaitTime	0.00	1
354	233041	827931	0	ShowTarget	0.00	1
355	234534	829364	0	MoveTarget	0.00	1
356	234548	829378	0	ShowTarget	0.00	1
357	234756	829578	0	TargetHided	0.00	1
358	234756	829578	0	ChangeTargetWaitTime	0.00	1
359	236444	831198	0	ShowTarget	0.00	1
360	238083	832771	0	MoveTarget	0.00	1
361	238096	832784	0	ShowTarget	0.00	1
362	238319	832998	0	TargetHided	0.00	1
363	238319	832998	0	ChangeTargetWaitTime	0.00	1
364	239687	834311	0	ShowTarget	0.00	1
365	241104	835671	0	MoveTarget	0.00	1
366	241124	835691	0	ShowTarget	0.00	1
367	241333	835891	0	TargetHided	0.00	1
368	241333	835891	0	ChangeTargetWaitTime	0.00	1
369	243293	837772	0	ShowTarget	0.00	1
370	245250	839651	0	MoveTarget	0.00	1
371	245264	839664	0	ShowTarget	0.00	1
372	245472	839864	0	TargetHided	0.00	1
373	245472	839864	0	ChangeTargetWaitTime	0.00	1
374	246841	841178	0	ShowTarget	0.00	1
375	248659	842924	0	MoveTarget	0.00	1
376	248680	842944	0	ShowTarget	0.00	1
377	248896	843151	0	TargetHided	0.00	1
378	248896	843151	0	ChangeTargetWaitTime	0.00	1
379	250313	844511	0	ShowTarget	0.00	1
380	251778	845917	0	MoveTarget	0.00	1
381	251792	845931	0	ShowTarget	0.00	1
382	252007	846137	0	TargetHided	0.00	1
383	252007	846137	0	ChangeTargetWaitTime	0.00	1
384	253981	848032	0	ShowTarget	0.00	1
385	255959	849931	0	MoveTarget	0.00	1
386	255972	849944	0	ShowTarget	0.00	1
387	256195	850158	0	TargetHided	0.00	1
388	256195	850158	0	ChangeTargetWaitTime	0.00	1
389	258070	851957	0	ShowTarget	0.00	1
390	259806	853624	0	MoveTarget	0.00	1
391	259827	853644	0	ShowTarget	0.00	1
392	260035	853844	0	TargetHided	0.00	1
393	260035	853844	0	ChangeTargetWaitTime	0.00	1
394	261452	855204	0	ShowTarget	0.00	1
395	262820	856517	0	MoveTarget	0.00	1
396	262841	856537	0	ShowTarget	0.00	1
397	263049	856737	0	TargetHided	0.00	1
398	263049	856737	0	ChangeTargetWaitTime	0.00	1
399	264459	858091	0	ShowTarget	0.00	1
400	266105	859671	0	MoveTarget	0.00	1
401	266119	859684	0	ShowTarget	0.00	1
402	266341	859897	0	TargetHided	0.00	1
403	266341	859897	0	ChangeTargetWaitTime	0.00	1
404	268064	861552	0	ShowTarget	0.00	1
405	269939	863350	0	MoveTarget	0.00	1
406	269952	863364	0	ShowTarget	0.00	1
407	270154	863557	0	TargetHided	0.00	1
408	270154	863557	0	ChangeTargetWaitTime	0.00	1
409	271571	864917	0	ShowTarget	0.00	1
410	273237	866517	0	MoveTarget	0.00	1
411	273251	866530	0	ShowTarget	0.00	1
412	273460	866730	0	TargetHided	0.00	1
413	273460	866730	0	ChangeTargetWaitTime	0.00	1
414	275349	868544	0	ShowTarget	0.00	1
415	277217	870337	0	MoveTarget	0.00	1
416	277238	870357	0	ShowTarget	0.00	1
417	277453	870563	0	TargetHided	0.00	1
418	277453	870563	0	ChangeTargetWaitTime	0.00	1
419	278856	871911	0	ShowTarget	0.00	1
420	280509	873497	0	MoveTarget	0.00	1
421	280523	873510	0	ShowTarget	0.00	1
422	280745	873724	0	TargetHided	0.00	1
423	280745	873724	0	ChangeTargetWaitTime	0.00	1
424	282155	875077	0	ShowTarget	0.00	1
425	283308	876184	0	MoveTarget	0.00	1
426	283321	876197	0	ShowTarget	0.00	1
427	283530	876397	0	TargetHided	0.00	1
428	283530	876397	0	ChangeTargetWaitTime	0.00	1
429	285155	877957	0	ShowTarget	0.00	1
430	286745	879484	0	MoveTarget	0.00	1
431	286766	879504	0	ShowTarget	0.00	1
432	286974	879704	0	TargetHided	0.00	1
433	286974	879704	0	ChangeTargetWaitTime	0.00	1
434	288983	881632	0	ShowTarget	0.00	1
435	290405	882997	0	MoveTarget	0.00	1
436	290419	883010	0	ShowTarget	0.00	1
437	290641	883224	0	TargetHided	0.00	1
438	290641	883224	0	ChangeTargetWaitTime	0.00	1
439	292107	884630	0	ShowTarget	0.00	1
440	293252	885730	0	MoveTarget	0.00	1
441	293274	885750	0	ShowTarget	0.00	1
442	293482	885950	0	TargetHided	0.00	1
443	293482	885950	0	ChangeTargetWaitTime	0.00	1
444	294815	887230	0	ShowTarget	0.00	1
445	295968	888337	0	MoveTarget	0.00	1
446	295989	888357	0	ShowTarget	0.00	1
447	296197	888557	0	TargetHided	0.00	1
448	296197	888557	0	ChangeTargetWaitTime	0.00	1
449	297836	890130	0	ShowTarget	0.00	1
450	299038	891283	0	MoveTarget	0.00	1
451	299051	891297	0	ShowTarget	0.00	1
452	299253	891490	0	TargetHided	0.00	1
453	299253	891490	0	ChangeTargetWaitTime	0.00	1
454	300927	893097	0	ShowTarget	0.00	1
302506	894613	-1	GameMode DynamicAcuity HideFlag False JumpFlag False ShowTargetFlag True HeadIndicatorChange True SkipCenterFlag True HideHeadIndicator False Gain 1 UsingAcuityAfter False UsingAcuityBefore True UsingAcuityWaitTime False AcuitySize 8 UsingAcuityChange True CurrAcuityChangeMode acuity_list UsingPostDelay False PostDelayMode random PostDelayInit 0.00 PostDelayIMax 0.00 ADUsingStaticData False UsingPresetSD False StaticDataSize 0 StaticDataMLH 0.000 UsingDynamicDelay False DynamicDelayMode fix_amount DynaDelayInit 0.000 DynaDelayMax 0.000 DynaDelayInter 0.000 	
455	316365	907917	0	ReSet	0.00	0
456	316372	907923	0	ShowTarget	0.00	1
457	318060	909543	0	MoveTarget	0.00	1
458	318080	909563	0	ShowTarget	0.00	1
459	319060	910503	0	head_turned	0.00	0
460	319414	910843	0	head_stop	0.00	0
461	320372	911763	0	ShowTarget	0.00	1
462	322129	913450	0	MoveTarget	0.00	1
463	322143	913463	0	ShowTarget	0.00	1
464	322886	914177	0	head_turned	0.00	0
465	323213	914490	0	head_stop	0.00	0
466	324172	915411	0	ShowTarget	0.00	1
467	326393	917543	0	MoveTarget	0.00	1
468	326407	917557	0	ShowTarget	0.00	1
469	327136	918256	0	head_turned	0.00	0
470	327490	918596	0	head_stop	0.00	0
471	328283	919357	0	ShowTarget	0.00	1
472	330644	921623	0	MoveTarget	0.00	1
473	330657	921636	0	ShowTarget	0.00	1
474	331325	922276	0	ErrorOccurred	0.00	1
475	333339	924210	0	ErrorReturn	0.00	1
476	334623	925443	0	MoveTarget	0.00	1
477	334637	925456	0	ShowTarget	0.00	1
478	335450	926237	0	head_turned	0.00	0
479	335762	926536	0	head_stop	0.00	0
480	336631	927370	0	ShowTarget	0.00	1
481	339554	930176	0	MoveTarget	0.00	1
482	339568	930189	0	ShowTarget	0.00	1
483	340332	930923	0	head_turned	0.00	0
484	340679	931256	0	head_stop	0.00	0
485	341506	932049	0	ShowTarget	0.00	1
486	344624	935043	0	MoveTarget	0.00	1
487	344645	935063	0	ShowTarget	0.00	1
488	345478	935863	0	head_turned	0.00	0
489	345804	936176	0	head_stop	0.00	0
490	346853	937183	0	ShowTarget	0.00	1
491	349902	940110	0	MoveTarget	0.00	1
492	349915	940123	0	ShowTarget	0.00	1
493	350659	940836	0	head_turned	0.00	0
494	351048	941210	0	head_stop	0.00	0
495	351777	941909	0	ShowTarget	0.00	1
496	354958	944963	0	MoveTarget	0.00	1
497	354971	944976	0	ShowTarget	0.00	1
498	355791	945762	0	head_turned	0.00	0
499	356041	946003	0	head_stop	0.00	0
500	357034	946956	0	ShowTarget	0.00	1
501	359430	949256	0	MoveTarget	0.00	1
502	359444	949270	0	ShowTarget	0.00	1
503	360013	949816	0	head_turned	0.00	0
504	360381	950169	0	head_stop	0.00	0
505	361230	950983	0	ShowTarget	0.00	1
506	364494	954117	0	MoveTarget	0.00	1
507	364514	954136	0	ShowTarget	0.00	1
508	365159	954756	0	head_turned	0.00	0
509	365534	955116	0	head_stop	0.00	0
510	366451	955996	0	ShowTarget	0.00	1
511	369375	958802	0	MoveTarget	0.00	1
512	369396	958823	0	ShowTarget	0.00	1
513	370229	959623	0	head_turned	0.00	0
514	370793	960163	0	head_stop	0.00	0
515	371403	960749	0	ShowTarget	0.00	1
516	373750	963003	0	MoveTarget	0.00	1
517	373764	963016	0	ShowTarget	0.00	1
518	374743	963956	0	head_turned	0.00	0
519	375056	964256	0	head_stop	0.00	0
520	376007	965169	0	ShowTarget	0.00	1
521	378306	967375	0	MoveTarget	0.00	1
522	378320	967389	0	ShowTarget	0.00	1
523	379167	968202	0	head_turned	0.00	0
524	379543	968562	0	head_stop	0.00	0
525	380682	969656	0	ShowTarget	0.00	1
526	383313	972182	0	MoveTarget	0.00	1
527	383328	972196	0	ShowTarget	0.00	1
528	384168	973002	0	head_turned	0.00	0
529	384452	973276	0	head_stop	0.00	0
530	385480	974262	0	ShowTarget	0.00	1
531	387369	976076	0	MoveTarget	0.00	1
532	387383	976089	0	ShowTarget	0.00	1
533	388064	976743	0	head_turned	0.00	0
534	388480	977142	0	head_stop	0.00	0
535	389342	977969	0	ShowTarget	0.00	1
536	392120	980636	0	MoveTarget	0.00	1
537	392133	980649	0	ShowTarget	0.00	1
538	392932	981415	0	head_turned	0.00	0
539	393258	981729	0	head_stop	0.00	0
540	394092	982529	0	ShowTarget	0.00	1
541	396593	984930	0	MoveTarget	0.00	1
542	396606	984943	0	ShowTarget	0.00	1
543	397397	985702	0	head_turned	0.00	0
544	397856	986142	0	head_stop	0.00	0
545	398559	986817	0	ShowTarget	0.00	1
546	400995	989155	0	MoveTarget	0.00	1
547	401016	989175	0	ShowTarget	0.00	1
548	402051	990169	0	head_turned	0.00	0
549	402363	990468	0	head_stop	0.00	0
550	403259	991329	0	ShowTarget	0.00	1
551	405578	993555	0	MoveTarget	0.00	1
552	405600	993576	0	ShowTarget	0.00	1
553	406391	994336	0	head_turned	0.00	0
554	406766	994696	0	head_stop	0.00	0
555	407489	995389	0	ShowTarget	0.00	1
556	409919	997722	0	MoveTarget	0.00	1
557	409940	997742	0	ShowTarget	0.00	1
558	410593	998368	0	head_turned	0.00	0
559	410912	998675	0	head_stop	0.00	0
560	411628	999362	0	ShowTarget	0.00	1
561	414857	1002462	0	MoveTarget	0.00	1
562	414878	1002482	0	ShowTarget	0.00	1
563	416128	1003682	0	head_turned	0.00	0
564	416475	1004015	0	head_stop	0.00	0
565	417281	1004788	0	ShowTarget	0.00	1
566	420302	1007688	0	MoveTarget	0.00	1
567	420315	1007702	0	ShowTarget	0.00	1
568	421100	1008455	0	head_turned	0.00	0
569	421433	1008775	0	head_stop	0.00	0
570	422219	1009529	0	ShowTarget	0.00	1
571	424691	1011902	0	MoveTarget	0.00	1
572	424705	1011915	0	ShowTarget	0.00	1
573	425357	1012542	0	head_turned	0.00	0
574	425684	1012855	0	head_stop	0.00	0
575	426393	1013536	0	ShowTarget	0.00	1
576	429198	1016228	0	MoveTarget	0.00	1
577	429212	1016242	0	ShowTarget	0.00	1
578	429837	1016842	0	head_turned	0.00	0
579	430170	1017162	0	head_stop	0.00	0
580	430976	1017935	0	ShowTarget	0.00	1
581	433046	1019922	0	MoveTarget	0.00	1
582	433059	1019935	0	ShowTarget	0.00	1
583	434039	1020875	0	head_turned	0.00	0
584	434455	1021275	0	head_stop	0.00	0
585	435707	1022476	0	ShowTarget	0.00	1
586	438574	1025228	0	MoveTarget	0.00	1
587	438594	1025248	0	ShowTarget	0.00	1
588	439282	1025908	0	head_turned	0.00	0
589	439588	1026202	0	head_stop	0.00	0
590	440275	1026862	0	ShowTarget	0.00	1
591	442872	1029355	0	MoveTarget	0.00	1
592	442893	1029375	0	ShowTarget	0.00	1
593	443734	1030182	0	head_turned	0.00	0
594	444102	1030535	0	head_stop	0.00	0
595	444700	1031109	0	ShowTarget	0.00	1
596	446609	1032942	0	MoveTarget	0.00	1
597	446623	1032955	0	ShowTarget	0.00	1
598	447401	1033702	0	head_turned	0.00	0
599	447665	1033955	0	head_stop	0.00	0
600	448296	1034561	0	ShowTarget	0.00	1
601	450338	1036521	0	MoveTarget	0.00	1
602	450352	1036535	0	ShowTarget	0.00	1
603	451171	1037321	0	head_turned	0.00	0
604	451720	1037848	0	head_stop	0.00	0
605	452200	1038308	0	ShowTarget	0.00	1
606	454894	1040895	0	MoveTarget	0.00	1
607	454915	1040915	0	ShowTarget	0.00	1
608	455498	1041475	0	head_turned	0.00	0
609	455790	1041755	0	head_stop	0.00	0
610	456429	1042368	0	ShowTarget	0.00	1
611	459519	1045335	0	MoveTarget	0.00	1
612	459533	1045348	0	ShowTarget	0.00	1
613	460158	1045948	0	head_turned	0.00	0
614	460554	1046328	0	head_stop	0.00	0
615	461179	1046928	0	ShowTarget	0.00	1
616	463249	1048915	0	MoveTarget	0.00	1
617	463270	1048935	0	ShowTarget	0.00	1
618	463895	1049535	0	head_turned	0.00	0
619	464187	1049815	0	head_stop	0.00	0
620	465006	1050602	0	ShowTarget	0.00	1
621	467332	1052835	0	MoveTarget	0.00	1
622	467346	1052848	0	ShowTarget	0.00	1
623	468297	1053761	0	head_turned	0.00	0
624	468693	1054141	0	head_stop	0.00	0
625	469367	1054788	0	ShowTarget	0.00	1
626	471298	1056641	0	MoveTarget	0.00	1
627	471312	1056654	0	ShowTarget	0.00	1
628	472242	1057548	0	head_turned	0.00	0
629	472576	1057869	0	head_stop	0.00	0
630	473360	1058621	0	ShowTarget	0.00	1
631	476466	1061602	0	MoveTarget	0.00	1
632	476478	1061614	0	ShowTarget	0.00	1
633	477187	1062294	0	head_turned	0.00	0
634	477597	1062687	0	head_stop	0.00	0
635	478097	1063168	0	ShowTarget	0.00	1
636	480708	1065675	0	MoveTarget	0.00	1
637	480729	1065694	0	ShowTarget	0.00	1
638	481312	1066254	0	head_turned	0.00	0
639	481618	1066548	0	head_stop	0.00	0
640	482285	1067188	0	ShowTarget	0.00	1
641	484951	1069747	0	MoveTarget	0.00	1
642	484965	1069761	0	ShowTarget	0.00	1
643	485646	1070415	0	head_turned	0.00	0
644	486021	1070774	0	head_stop	0.00	0
645	486764	1071488	0	ShowTarget	0.00	1
646	489626	1074235	0	MoveTarget	0.00	1
647	489639	1074248	0	ShowTarget	0.00	1
648	490959	1075514	0	ErrorOccurred	0.00	1
649	492966	1077441	0	ErrorReturn	0.00	1
650	495001	1079394	0	MoveTarget	0.00	1
651	495014	1079407	0	ShowTarget	0.00	1
652	495653	1080021	0	ErrorOccurred	0.00	1
653	497660	1081947	0	ErrorReturn	0.00	1
654	499230	1083454	0	MoveTarget	0.00	1
655	499244	1083468	0	ShowTarget	0.00	1
656	499980	1084174	0	head_turned	0.00	0
657	500890	1085048	0	head_stop	0.00	0
658	501377	1085515	0	ShowTarget	0.00	1
659	504501	1088514	0	MoveTarget	0.00	1
660	504522	1088534	0	ShowTarget	0.00	1
661	555706	1137667	0	ErrorOccurred	0.00	1
662	557720	1139600	0	ErrorReturn	0.00	1
663	589978	1170566	0	MoveTarget	0.00	1
664	589999	1170586	0	ShowTarget	0.00	1
665	591090	1171633	0	head_turned	0.00	0
666	591562	1172086	0	head_stop	0.00	0
667	592638	1173120	0	ShowTarget	0.00	1
668	595055	1175440	0	MoveTarget	0.00	1
669	595069	1175453	0	ShowTarget	0.00	1
670	595694	1176052	0	head_turned	0.00	0
671	596014	1176360	0	head_stop	0.00	0
672	596680	1177000	0	ShowTarget	0.00	1
673	599125	1179346	0	MoveTarget	0.00	1
674	599146	1179366	0	ShowTarget	0.00	1
675	600118	1180299	0	head_turned	0.00	0
676	600486	1180653	0	head_stop	0.00	0
677	601076	1181219	0	ShowTarget	0.00	1
678	604202	1184220	0	MoveTarget	0.00	1
679	604216	1184233	0	ShowTarget	0.00	1
680	605202	1185180	0	head_turned	0.00	0
681	605535	1185499	0	head_stop	0.00	0
682	606535	1186460	0	ShowTarget	0.00	1
683	609500	1189306	0	MoveTarget	0.00	1
684	609514	1189319	0	ShowTarget	0.00	1
685	610251	1190026	0	head_turned	0.00	0
686	610792	1190546	0	head_stop	0.00	0
687	611195	1190933	0	ShowTarget	0.00	1
688	613188	1192846	0	MoveTarget	0.00	1
689	613202	1192859	0	ShowTarget	0.00	1
690	614466	1194073	0	head_turned	0.00	0
691	614862	1194453	0	head_stop	0.00	0
692	615605	1195166	0	ShowTarget	0.00	1
693	617980	1197446	0	MoveTarget	0.00	1
694	617994	1197459	0	ShowTarget	0.00	1
695	619119	1198539	0	head_turned	0.00	0
696	619494	1198899	0	head_stop	0.00	0
697	620168	1199546	0	ShowTarget	0.00	1
698	622085	1201386	0	MoveTarget	0.00	1
699	622098	1201399	0	ShowTarget	0.00	1
700	622786	1202059	0	ErrorOccurred	0.00	1
701	624793	1203986	0	ErrorReturn	0.00	1
702	625883	1205033	0	MoveTarget	0.00	1
703	625897	1205046	0	ShowTarget	0.00	1
704	626849	1205959	0	head_turned	0.00	0
705	627182	1206279	0	head_stop	0.00	0
706	627939	1207006	0	ShowTarget	0.00	1
707	630106	1209086	0	MoveTarget	0.00	1
708	630127	1209106	0	ShowTarget	0.00	1
709	630835	1209786	0	head_turned	0.00	0
710	631211	1210147	0	head_stop	0.00	0
711	631842	1210752	0	ShowTarget	0.00	1
712	634738	1213532	0	MoveTarget	0.00	1
713	634752	1213546	0	ShowTarget	0.00	1
714	635502	1214266	0	head_turned	0.00	0
715	635828	1214579	0	head_stop	0.00	0
716	636412	1215139	0	ShowTarget	0.00	1
717	638329	1216979	0	MoveTarget	0.00	1
718	638343	1216993	0	ShowTarget	0.00	1
719	639565	1218166	0	head_turned	0.00	0
720	639919	1218506	0	head_stop	0.00	0
721	640781	1219333	0	ShowTarget	0.00	1
722	643711	1222146	0	MoveTarget	0.00	1
723	643725	1222158	0	ShowTarget	0.00	1
724	644447	1222852	0	head_turned	0.00	0
725	644767	1223159	0	head_stop	0.00	0
726	645343	1223713	0	ShowTarget	0.00	1
727	648364	1226613	0	MoveTarget	0.00	1
728	648385	1226632	0	ShowTarget	0.00	1
729	649183	1227399	0	head_turned	0.00	0
730	649600	1227799	0	head_stop	0.00	0
731	649940	1228125	0	ShowTarget	0.00	1
732	652475	1230559	0	MoveTarget	0.00	1
733	652489	1230573	0	ShowTarget	0.00	1
734	653399	1231445	0	head_turned	0.00	0
735	653739	1231772	0	head_stop	0.00	0
736	654614	1232612	0	ShowTarget	0.00	1
737	657205	1235099	0	MoveTarget	0.00	1
738	657226	1235119	0	ShowTarget	0.00	1
739	658371	1236219	0	head_turned	0.00	0
740	658753	1236585	0	head_stop	0.00	0
741	659573	1237372	0	ShowTarget	0.00	1
742	662253	1239945	0	MoveTarget	0.00	1
743	662267	1239959	0	ShowTarget	0.00	1
744	663004	1240665	0	head_turned	0.00	0
745	663302	1240952	0	head_stop	0.00	0
746	664032	1241652	0	ShowTarget	0.00	1
747	667177	1244672	0	MoveTarget	0.00	1
748	667191	1244685	0	ShowTarget	0.00	1
749	668157	1245612	0	ErrorOccurred	0.00	1
750	670171	1247546	0	ErrorReturn	0.00	1
751	672039	1249338	0	MoveTarget	0.00	1
752	672060	1249359	0	ShowTarget	0.00	1
753	672886	1250152	0	head_turned	0.00	0
754	673324	1250572	0	head_stop	0.00	0
755	673803	1251032	0	ShowTarget	0.00	1
756	676574	1253692	0	MoveTarget	0.00	1
757	676588	1253705	0	ShowTarget	0.00	1
758	677394	1254478	0	head_turned	0.00	0
759	677734	1254805	0	head_stop	0.00	0
760	678442	1255485	0	ShowTarget	0.00	1
761	680949	1257892	0	MoveTarget	0.00	1
762	680963	1257905	0	ShowTarget	0.00	1
763	681727	1258639	0	head_turned	0.00	0
764	682088	1258985	0	head_stop	0.00	0
765	682741	1259612	0	ShowTarget	0.00	1
766	684769	1261559	0	MoveTarget	0.00	1
767	684790	1261579	0	ShowTarget	0.00	1
768	685692	1262445	0	head_turned	0.00	0
769	685977	1262718	0	head_stop	0.00	0
770	686623	1263339	0	ShowTarget	0.00	1
771	689491	1266092	0	MoveTarget	0.00	1
772	689512	1266111	0	ShowTarget	0.00	1
773	690179	1266752	0	head_turned	0.00	0
774	690589	1267145	0	head_stop	0.00	0
775	691262	1267791	0	ShowTarget	0.00	1
776	694068	1270485	0	MoveTarget	0.00	1
777	694082	1270498	0	ShowTarget	0.00	1
778	694840	1271225	0	head_turned	0.00	0
779	695152	1271526	0	head_stop	0.00	0
780	696249	1272578	0	ShowTarget	0.00	1
781	698450	1274692	0	MoveTarget	0.00	1
782	698464	1274705	0	ShowTarget	0.00	1
783	699582	1275778	0	head_turned	0.00	0
784	699957	1276138	0	head_stop	0.00	0
785	700610	1276764	0	ShowTarget	0.00	1
786	703541	1279578	0	MoveTarget	0.00	1
787	703555	1279592	0	ShowTarget	0.00	1
788	704083	1280098	0	head_turned	0.00	0
789	704395	1280398	0	head_stop	0.00	0
790	705298	1281265	0	ShowTarget	0.00	1
791	708187	1284038	0	MoveTarget	0.00	1
792	708201	1284051	0	ShowTarget	0.00	1
793	709131	1284945	0	head_turned	0.00	0
794	709569	1285364	0	head_stop	0.00	0
795	710202	1285972	0	ShowTarget	0.00	1
796	712583	1288258	0	MoveTarget	0.00	1
797	712604	1288278	0	ShowTarget	0.00	1
798	713333	1288978	0	head_turned	0.00	0
799	713659	1289291	0	head_stop	0.00	0
800	714445	1290045	0	ShowTarget	0.00	1
801	717514	1292991	0	MoveTarget	0.00	1
802	717534	1293011	0	ShowTarget	0.00	1
803	718653	1294085	0	head_turned	0.00	0
804	719076	1294491	0	head_stop	0.00	0
805	719750	1295138	0	ShowTarget	0.00	1
806	721674	1296985	0	MoveTarget	0.00	1
807	721688	1296998	0	ShowTarget	0.00	1
808	722625	1297898	0	head_turned	0.00	0
809	722952	1298211	0	head_stop	0.00	0
810	723549	1298785	0	ShowTarget	0.00	1
811	726278	1301405	0	MoveTarget	0.00	1
812	726299	1301424	0	ShowTarget	0.00	1
813	727403	1302485	0	head_turned	0.00	0
814	727757	1302824	0	head_stop	0.00	0
815	728300	1303345	0	ShowTarget	0.00	1
816	730918	1305859	0	MoveTarget	0.00	1
817	730938	1305878	0	ShowTarget	0.00	1
818	731723	1306631	0	head_turned	0.00	0
819	732056	1306951	0	head_stop	0.00	0
820	732647	1307518	0	ShowTarget	0.00	1
821	735286	1310051	0	MoveTarget	0.00	1
822	735300	1310065	0	ShowTarget	0.00	1
823	735897	1310638	0	head_turned	0.00	0
824	736071	1310804	0	head_stop	0.00	0
825	736857	1311559	0	ShowTarget	0.00	1
826	739723	1314311	0	MoveTarget	0.00	1
827	739744	1314331	0	ShowTarget	0.00	1
828	740591	1315144	0	head_turned	0.00	0
829	740994	1315531	0	head_stop	0.00	0
830	741557	1316071	0	ShowTarget	0.00	1
831	743974	1318391	0	MoveTarget	0.00	1
832	743988	1318405	0	ShowTarget	0.00	1
833	744960	1319338	0	head_turned	0.00	0
834	745474	1319831	0	head_stop	0.00	0
835	746308	1320632	0	ShowTarget	0.00	1
836	749349	1323551	0	MoveTarget	0.00	1
837	749363	1323565	0	ShowTarget	0.00	1
838	750224	1324391	0	head_turned	0.00	0
839	750516	1324671	0	head_stop	0.00	0
840	751315	1325437	0	ShowTarget	0.00	1
841	754453	1328451	0	MoveTarget	0.00	1
842	754467	1328464	0	ShowTarget	0.00	1
843	754960	1328938	0	head_turned	0.00	0
844	755502	1329457	0	head_stop	0.00	0
845	755870	1329811	0	ShowTarget	0.00	1
846	758558	1332391	0	MoveTarget	0.00	1
847	758579	1332411	0	ShowTarget	0.00	1
848	759405	1333204	0	head_turned	0.00	0
849	759738	1333524	0	head_stop	0.00	0
850	760454	1334211	0	ShowTarget	0.00	1
851	763134	1336784	0	MoveTarget	0.00	1
852	763149	1336797	0	ShowTarget	0.00	1
853	764003	1337618	0	head_turned	0.00	0
854	764343	1337944	0	head_stop	0.00	0
855	764975	1338551	0	ShowTarget	0.00	1
856	767767	1341231	0	MoveTarget	0.00	1
857	767781	1341244	0	ShowTarget	0.00	1
858	768489	1341924	0	head_turned	0.00	0
859	768802	1342224	0	head_stop	0.00	0
860	769392	1342791	0	ShowTarget	0.00	1
861	772531	1345804	0	MoveTarget	0.00	1
862	772545	1345817	0	ShowTarget	0.00	1
863	773378	1346617	0	head_turned	0.00	0
864	773670	1346897	0	head_stop	0.00	0
865	774677	1347864	0	ShowTarget	0.00	1
866	776580	1349691	0	MoveTarget	0.00	1
867	776594	1349704	0	ShowTarget	0.00	1
868	777205	1350291	0	ErrorOccurred	0.00	1
869	779212	1352217	0	ErrorReturn	0.00	1
870	780462	1353417	0	MoveTarget	0.00	1
871	780476	1353430	0	ShowTarget	0.00	1
872	781247	1354171	0	head_turned	0.00	0
873	781629	1354537	0	head_stop	0.00	0
874	782233	1355117	0	ShowTarget	0.00	1
875	784559	1357350	0	MoveTarget	0.00	1
876	784573	1357364	0	ShowTarget	0.00	1
877	785323	1358084	0	head_turned	0.00	0
878	785685	1358431	0	head_stop	0.00	0
879	786380	1359098	0	ShowTarget	0.00	1
880	788567	1361197	0	MoveTarget	0.00	1
881	788581	1361211	0	ShowTarget	0.00	1
882	789317	1361917	0	head_turned	0.00	0
883	789678	1362264	0	head_stop	0.00	0
884	790359	1362918	0	ShowTarget	0.00	1
885	793088	1365537	0	MoveTarget	0.00	1
886	793109	1365557	0	ShowTarget	0.00	1
887	793963	1366377	0	head_turned	0.00	0
888	794296	1366697	0	head_stop	0.00	0
889	794956	1367330	0	ShowTarget	0.00	1
890	798012	1370264	0	MoveTarget	0.00	1
891	798032	1370284	0	ShowTarget	0.00	1
892	798595	1370823	0	head_turned	0.00	0
893	798949	1371164	0	head_stop	0.00	0
894	799748	1371930	0	ShowTarget	0.00	1
895	802123	1374210	0	MoveTarget	0.00	1
896	802137	1374224	0	ShowTarget	0.00	1
897	802748	1374810	0	head_turned	0.00	0
898	802935	1374990	0	head_stop	0.00	0
899	803963	1375977	0	ShowTarget	0.00	1
900	806762	1378664	0	MoveTarget	0.00	1
901	806776	1378677	0	ShowTarget	0.00	1
902	807644	1379510	0	ErrorOccurred	0.00	1
903	809651	1381437	0	ErrorReturn	0.00	1
904	811283	1383004	0	MoveTarget	0.00	1
905	811297	1383017	0	ShowTarget	0.00	1
906	811915	1383610	0	head_turned	0.00	0
907	812318	1383997	0	head_stop	0.00	0
908	813047	1384697	0	ShowTarget	0.00	1
909	815658	1387203	0	MoveTarget	0.00	1
910	815672	1387216	0	ShowTarget	0.00	1
911	816117	1387643	0	head_turned	0.00	0
912	816492	1388004	0	head_stop	0.00	0
913	817173	1388657	0	ShowTarget	0.00	1
914	819805	1391183	0	MoveTarget	0.00	1
915	819818	1391197	0	ShowTarget	0.00	1
916	820561	1391910	0	head_turned	0.00	0
917	820957	1392290	0	head_stop	0.00	0
918	821458	1392770	0	ShowTarget	0.00	1
919	823597	1394824	0	MoveTarget	0.00	1
920	823610	1394837	0	ShowTarget	0.00	1
921	824465	1395657	0	head_turned	0.00	0
922	824805	1395983	0	head_stop	0.00	0
923	825618	1396763	0	ShowTarget	0.00	1
924	828500	1399530	0	MoveTarget	0.00	1
925	828520	1399550	0	ShowTarget	0.00	1
926	829375	1400370	0	head_turned	0.00	0
927	829736	1400716	0	head_stop	0.00	0
928	830340	1401296	0	ShowTarget	0.00	1
929	832966	1403817	0	MoveTarget	0.00	1
930	832986	1403837	0	ShowTarget	0.00	1
931	834139	1404944	0	head_turned	0.00	0
932	834493	1405283	0	head_stop	0.00	0
933	835743	1406483	0	ShowTarget	0.00	1
934	838042	1408690	0	MoveTarget	0.00	1
935	838056	1408703	0	ShowTarget	0.00	1
936	838750	1409370	0	ErrorOccurred	0.00	1
937	840757	1411296	0	ErrorReturn	0.00	1
938	842854	1413310	0	MoveTarget	0.00	1
939	842868	1413323	0	ShowTarget	0.00	1
940	843730	1414150	0	head_turned	0.00	0
941	844153	1414556	0	head_stop	0.00	0
942	844717	1415097	0	ShowTarget	0.00	1

