Using_curved_screen True Player_screen_cm 79 Screen_width_cm 121 Camera1_display 0 Camera2_display 1 CameraFOVFactor 2 GazeTime 1.5 RandomGazeTime 0.5 HideTime 0.2 SpeedThreshold 180 StopWinodow 0.03 TargetChangeTime 1 TargetChangeTimeRRange 0 UseAcuityIndicator True AcuityMode 1 AcuityFlashTime 0.08 AcuityChangeNumber 10 AcuityChangeUpPerc 0.8 AcuityChangeDownPerc 0.5 ACuityList 90 StopSpeed 10.00 PostDelayList 0 PostDelayNumber 5 PostDelayUpC 0.50 PostDelayLoC 0.60 PostDelayConvNum 1 PostDelayRepeatNum 2 PostDelayASOffset 0 DynaDelayRepeatNum 9 
Line_#	Time_Stamp	Simulink_Sample	Trail_#	Action	Degree	Direction
10	1027992	-1	GameMode StaticAcuity HideFlag True JumpFlag False ShowTargetFlag True HeadIndicatorChange False SkipCenterFlag True HideHeadIndicator True Gain 1 UsingAcuityAfter False UsingAcuityBefore False UsingAcuityWaitTime True AcuitySize 8 UsingAcuityChange True CurrAcuityChangeMode acuity_list UsingPostDelay False PostDelayMode random PostDelayInit 0.00 PostDelayIMax 0.00 ADUsingStaticData False UsingPresetSD False StaticDataSize 0 StaticDataMLH 0.000 UsingDynamicDelay False DynamicDelayMode fix_amount DynaDelayInit 0.000 DynaDelayMax 0.000 DynaDelayInter 0.000 	
3	374	1028343	0	ReSet	0.00	0
4	381	1028350	0	ShowTarget	0.00	0
5	1910	1029817	0	MoveTarget	0.00	1
6	1923	1029829	0	ShowTarget	0.00	1
7	2138	1030036	0	TargetHided	0.00	1
8	2140	1030038	0	ChangeTargetWaitTime	0.00	1
9	3953	1031778	0	ShowTarget	0.00	1
10	5472	1033236	0	MoveTarget	0.00	1
11	5487	1033250	0	ShowTarget	0.00	1
12	5708	1033463	0	TargetHided	0.00	1
13	5708	1033463	0	ChangeTargetWaitTime	0.00	1
14	7195	1034890	0	ShowTarget	0.00	1
15	8549	1036189	0	MoveTarget	0.00	1
16	8562	1036203	0	ShowTarget	0.00	1
17	8764	1036396	0	TargetHided	0.00	1
18	8764	1036396	0	ChangeTargetWaitTime	0.00	1
19	10472	1038036	0	ShowTarget	0.00	1
20	12389	1039876	0	MoveTarget	0.00	1
21	12403	1039889	0	ShowTarget	0.00	1
22	12611	1040089	0	TargetHided	0.00	1
23	12611	1040089	0	ChangeTargetWaitTime	0.00	1
24	14202	1041615	0	ShowTarget	0.00	1
25	16216	1043549	0	MoveTarget	0.00	1
26	16236	1043569	0	ShowTarget	0.00	1
27	16445	1043769	0	TargetHided	0.00	1
28	16445	1043769	0	ChangeTargetWaitTime	0.00	1
29	18008	1045270	0	ShowTarget	0.00	1
30	19952	1047136	0	MoveTarget	0.00	1
31	19966	1047149	0	ShowTarget	0.00	1
32	20174	1047349	0	TargetHided	0.00	1
33	20174	1047349	0	ChangeTargetWaitTime	0.00	1
34	22412	1049497	0	ShowTarget	0.00	1
35	24168	1051182	0	MoveTarget	0.00	1
36	24181	1051196	0	ShowTarget	0.00	1
37	24390	1051396	0	TargetHided	0.00	1
38	24390	1051396	0	ChangeTargetWaitTime	0.00	1
39	25863	1052810	0	ShowTarget	0.00	1
40	27404	1054289	0	MoveTarget	0.00	1
41	27425	1054309	0	ShowTarget	0.00	1
42	27633	1054509	0	TargetHided	0.00	1
43	27633	1054509	0	ChangeTargetWaitTime	0.00	1
44	29841	1056629	0	ShowTarget	0.00	1
45	31488	1058209	0	MoveTarget	0.00	1
46	31501	1058222	0	ShowTarget	0.00	1
47	31723	1058436	0	TargetHided	0.00	1
48	31723	1058436	0	ChangeTargetWaitTime	0.00	1
49	33113	1059770	0	ShowTarget	0.00	1
50	34376	1060982	0	MoveTarget	0.00	1
51	34397	1061002	0	ShowTarget	0.00	1
52	34605	1061202	0	TargetHided	0.00	1
53	34606	1061202	0	ChangeTargetWaitTime	0.00	1
54	36050	1062589	0	ShowTarget	0.00	1
55	37495	1063975	0	MoveTarget	0.00	1
56	37508	1063989	0	ShowTarget	0.00	1
57	37731	1064202	0	TargetHided	0.00	1
58	37731	1064202	0	ChangeTargetWaitTime	0.00	1
59	39175	1065589	0	ShowTarget	0.00	1
60	41015	1067355	0	MoveTarget	0.00	1
61	41036	1067375	0	ShowTarget	0.00	1
62	41245	1067575	0	TargetHided	0.00	1
63	41245	1067575	0	ChangeTargetWaitTime	0.00	1
64	42940	1069203	0	ShowTarget	0.00	1
65	44571	1070769	0	MoveTarget	0.00	1
66	44592	1070789	0	ShowTarget	0.00	1
67	44800	1070988	0	TargetHided	0.00	1
68	44801	1070989	0	ChangeTargetWaitTime	0.00	1
69	46558	1072675	0	ShowTarget	0.00	1
70	47870	1073935	0	MoveTarget	0.00	1
71	47891	1073955	0	ShowTarget	0.00	1
72	48099	1074155	0	TargetHided	0.00	1
73	48099	1074155	0	ChangeTargetWaitTime	0.00	1
74	49885	1075869	0	ShowTarget	0.00	1
75	51669	1077582	0	MoveTarget	0.00	1
76	51690	1077602	0	ShowTarget	0.00	1
77	51898	1077802	0	TargetHided	0.00	1
78	51898	1077802	0	ChangeTargetWaitTime	0.00	1
79	53530	1079368	0	ShowTarget	0.00	1
80	54829	1080615	0	MoveTarget	0.00	1
81	54843	1080629	0	ShowTarget	0.00	1
82	55065	1080842	0	TargetHided	0.00	1
83	55065	1080842	0	ChangeTargetWaitTime	0.00	1
84	56732	1082442	0	ShowTarget	0.00	1
85	57808	1083475	0	MoveTarget	0.00	1
86	57829	1083495	0	ShowTarget	0.00	1
87	58037	1083695	0	TargetHided	0.00	1
88	58037	1083695	0	ChangeTargetWaitTime	0.00	1
89	59614	1085208	0	ShowTarget	0.00	1
90	61051	1086588	0	MoveTarget	0.00	1
91	61066	1086602	0	ShowTarget	0.00	1
92	61288	1086815	0	TargetHided	0.00	1
93	61288	1086815	0	ChangeTargetWaitTime	0.00	1
94	62928	1088389	0	ShowTarget	0.00	1
95	64767	1090156	0	MoveTarget	0.00	1
96	64781	1090168	0	ShowTarget	0.00	1
97	64989	1090368	0	TargetHided	0.00	1
98	64989	1090368	0	ChangeTargetWaitTime	0.00	1
99	66490	1091809	0	ShowTarget	0.00	1
100	68025	1093283	0	MoveTarget	0.00	1
101	68038	1093295	0	ShowTarget	0.00	1
102	68260	1093508	0	TargetHided	0.00	1
103	68260	1093508	0	ChangeTargetWaitTime	0.00	1
104	69677	1094869	0	ShowTarget	0.00	1
105	71017	1096155	0	MoveTarget	0.00	1
106	71031	1096168	0	ShowTarget	0.00	1
107	71233	1096362	0	TargetHided	0.00	1
108	71233	1096362	0	ChangeTargetWaitTime	0.00	1
109	72684	1097755	0	ShowTarget	0.00	1
110	74670	1099662	0	MoveTarget	0.00	1
111	74691	1099682	0	ShowTarget	0.00	1
112	74907	1099888	0	TargetHided	0.00	1
113	74907	1099888	0	ChangeTargetWaitTime	0.00	1
114	76345	1101269	0	ShowTarget	0.00	1
115	77796	1102662	0	MoveTarget	0.00	1
116	77810	1102675	0	ShowTarget	0.00	1
117	78032	1102888	0	TargetHided	0.00	1
118	78032	1102889	0	ChangeTargetWaitTime	0.00	1
119	79504	1104301	0	ShowTarget	0.00	1
120	81185	1105915	0	MoveTarget	0.00	1
121	81206	1105935	0	ShowTarget	0.00	1
122	81414	1106135	0	TargetHided	0.00	1
123	81414	1106135	0	ChangeTargetWaitTime	0.00	1
124	83095	1107749	0	ShowTarget	0.00	1
125	84560	1109155	0	MoveTarget	0.00	1
126	84574	1109168	0	ShowTarget	0.00	1
127	84782	1109368	0	TargetHided	0.00	1
128	84782	1109368	0	ChangeTargetWaitTime	0.00	1
129	86463	1110982	0	ShowTarget	0.00	1
130	87637	1112108	0	MoveTarget	0.00	1
131	87650	1112121	0	ShowTarget	0.00	1
132	87859	1112321	0	TargetHided	0.00	1
133	87859	1112321	0	ChangeTargetWaitTime	0.00	1
134	89248	1113655	0	ShowTarget	0.00	1
135	90609	1114961	0	MoveTarget	0.00	1
136	90623	1114975	0	ShowTarget	0.00	1
137	90838	1115181	0	TargetHided	0.00	1
138	90838	1115181	0	ChangeTargetWaitTime	0.00	1
139	92283	1116568	0	ShowTarget	0.00	1
140	93728	1117955	0	MoveTarget	0.00	1
141	93741	1117968	0	ShowTarget	0.00	1
142	93949	1118167	0	TargetHided	0.00	1
143	93949	1118167	0	ChangeTargetWaitTime	0.00	1
144	95338	1119501	0	ShowTarget	0.00	1
145	96915	1121015	0	MoveTarget	0.00	1
146	96929	1121028	0	ShowTarget	0.00	1
147	97151	1121241	0	TargetHided	0.00	1
148	97151	1121241	0	ChangeTargetWaitTime	0.00	1
149	98561	1122595	0	ShowTarget	0.00	1
150	100207	1124175	0	MoveTarget	0.00	1
151	100220	1124188	0	ShowTarget	0.00	1
152	100422	1124382	0	TargetHided	0.00	1
153	100422	1124382	0	ChangeTargetWaitTime	0.00	1
154	102152	1126042	0	ShowTarget	0.00	1
155	104075	1127888	0	MoveTarget	0.00	1
156	104096	1127908	0	ShowTarget	0.00	1
157	104304	1128108	0	TargetHided	0.00	1
158	104304	1128108	0	ChangeTargetWaitTime	0.00	1
159	106138	1129868	0	ShowTarget	0.00	1
160	107770	1131435	0	MoveTarget	0.00	1
161	107784	1131448	0	ShowTarget	0.00	1
162	107992	1131648	0	TargetHided	0.00	1
163	107992	1131648	0	ChangeTargetWaitTime	0.00	1
164	109687	1133275	0	ShowTarget	0.00	1
165	111159	1134688	0	MoveTarget	0.00	1
166	111173	1134701	0	ShowTarget	0.00	1
167	111395	1134914	0	TargetHided	0.00	1
168	111395	1134914	0	ChangeTargetWaitTime	0.00	1
169	112812	1136275	0	ShowTarget	0.00	1
170	114583	1137975	0	MoveTarget	0.00	1
171	114596	1137988	0	ShowTarget	0.00	1
172	114805	1138188	0	TargetHided	0.00	1
173	114805	1138188	0	ChangeTargetWaitTime	0.00	1
174	116361	1139681	0	ShowTarget	0.00	1
175	117541	1140814	0	MoveTarget	0.00	1
176	117555	1140828	0	ShowTarget	0.00	1
177	117764	1141028	0	TargetHided	0.00	1
178	117764	1141028	0	ChangeTargetWaitTime	0.00	1
179	119146	1142355	0	ShowTarget	0.00	1
180	120264	1143428	0	MoveTarget	0.00	1
181	120284	1143448	0	ShowTarget	0.00	1
182	120500	1143654	0	TargetHided	0.00	1
183	120500	1143654	0	ChangeTargetWaitTime	0.00	1
184	121903	1145001	0	ShowTarget	0.00	1
185	123764	1146788	0	MoveTarget	0.00	1
186	123778	1146801	0	ShowTarget	0.00	1
187	123986	1147001	0	TargetHided	0.00	1
188	123986	1147001	0	ChangeTargetWaitTime	0.00	1
189	125361	1148321	0	ShowTarget	0.00	1
190	127312	1150194	0	MoveTarget	0.00	1
191	127327	1150208	0	ShowTarget	0.00	1
192	127535	1150407	0	TargetHided	0.00	1
193	127535	1150408	0	ChangeTargetWaitTime	0.00	1
194	128931	1151748	0	ShowTarget	0.00	1
195	130855	1153594	0	MoveTarget	0.00	1
196	130868	1153607	0	ShowTarget	0.00	1
197	131076	1153807	0	TargetHided	0.00	1
198	131077	1153807	0	ChangeTargetWaitTime	0.00	1
199	132452	1155128	0	ShowTarget	0.00	1
200	133563	1156194	0	MoveTarget	0.00	1
201	133577	1156207	0	ShowTarget	0.00	1
202	133785	1156408	0	TargetHided	0.00	1
203	133785	1156408	0	ChangeTargetWaitTime	0.00	1
204	135195	1157761	0	ShowTarget	0.00	1
205	136834	1159334	0	MoveTarget	0.00	1
206	136848	1159348	0	ShowTarget	0.00	1
207	137063	1159554	0	TargetHided	0.00	1
208	137063	1159554	0	ChangeTargetWaitTime	0.00	1
209	138543	1160975	0	ShowTarget	0.00	1
210	139841	1162221	0	MoveTarget	0.00	1
211	139855	1162234	0	ShowTarget	0.00	1
212	140077	1162448	0	TargetHided	0.00	1
213	140077	1162448	0	ChangeTargetWaitTime	0.00	1
214	141633	1163941	0	ShowTarget	0.00	1
215	143515	1165747	0	MoveTarget	0.00	1
216	143529	1165760	0	ShowTarget	0.00	1
217	143730	1165954	0	TargetHided	0.00	1
218	143730	1165954	0	ChangeTargetWaitTime	0.00	1
219	145098	1167267	0	ShowTarget	0.00	1
220	146571	1168681	0	MoveTarget	0.00	1
221	146592	1168701	0	ShowTarget	0.00	1
222	146807	1168908	0	TargetHided	0.00	1
223	146807	1168908	0	ChangeTargetWaitTime	0.00	1
224	148128	1170175	0	ShowTarget	0.00	1
225	150106	1172074	0	MoveTarget	0.00	1
226	150119	1172087	0	ShowTarget	0.00	1
227	150328	1172287	0	TargetHided	0.00	1
228	150328	1172288	0	ChangeTargetWaitTime	0.00	1
229	151648	1173554	0	ShowTarget	0.00	1
230	153460	1175294	0	MoveTarget	0.00	1
231	153474	1175307	0	ShowTarget	0.00	1
232	153696	1175520	0	TargetHided	0.00	1
233	153696	1175520	0	ChangeTargetWaitTime	0.00	1
234	155036	1176807	0	ShowTarget	0.00	1
235	157016	1178707	0	MoveTarget	0.00	1
236	157037	1178727	0	ShowTarget	0.00	1
237	157245	1178927	0	TargetHided	0.00	1
238	157245	1178927	0	ChangeTargetWaitTime	0.00	1
239	158620	1180247	0	ShowTarget	0.00	1
240	160460	1182014	0	MoveTarget	0.00	1
241	160474	1182027	0	ShowTarget	0.00	1
242	160676	1182220	0	TargetHided	0.00	1
243	160676	1182221	0	ChangeTargetWaitTime	0.00	1
244	162238	1183720	0	ShowTarget	0.00	1
245	164197	1185600	0	MoveTarget	0.00	1
246	164218	1185621	0	ShowTarget	0.00	1
247	164433	1185827	0	TargetHided	0.00	1
248	164433	1185827	0	ChangeTargetWaitTime	0.00	1
249	166023	1187353	0	ShowTarget	0.00	1
250	167162	1188447	0	MoveTarget	0.00	1
251	167183	1188467	0	ShowTarget	0.00	1
252	167398	1188674	0	TargetHided	0.00	1
253	167398	1188674	0	ChangeTargetWaitTime	0.00	1
254	168871	1190088	0	ShowTarget	0.00	1
255	170579	1191727	0	MoveTarget	0.00	1
256	170593	1191740	0	ShowTarget	0.00	1
257	170815	1191954	0	TargetHided	0.00	1
258	170815	1191954	0	ChangeTargetWaitTime	0.00	1
259	172281	1193360	0	ShowTarget	0.00	1
260	173545	1194574	0	MoveTarget	0.00	1
261	173559	1194587	0	ShowTarget	0.00	1
262	173767	1194787	0	TargetHided	0.00	1
263	173767	1194787	0	ChangeTargetWaitTime	0.00	1
264	175197	1196160	0	ShowTarget	0.00	1
265	176913	1197807	0	MoveTarget	0.00	1
266	176927	1197820	0	ShowTarget	0.00	1
267	177135	1198020	0	TargetHided	0.00	1
268	177135	1198020	0	ChangeTargetWaitTime	0.00	1
269	178468	1199300	0	ShowTarget	0.00	1
270	179747	1200527	0	MoveTarget	0.00	1
271	179760	1200540	0	ShowTarget	0.00	1
272	179968	1200740	0	TargetHided	0.00	1
273	179968	1200740	0	ChangeTargetWaitTime	0.00	1
274	181357	1202073	0	ShowTarget	0.00	1
275	182470	1203141	0	MoveTarget	0.00	1
276	182482	1203153	0	ShowTarget	0.00	1
277	182691	1203353	0	TargetHided	0.00	1
278	182691	1203354	0	ChangeTargetWaitTime	0.00	1
279	184073	1204681	0	ShowTarget	0.00	1
280	185906	1206440	0	MoveTarget	0.00	1
281	185927	1206460	0	ShowTarget	0.00	1
282	186142	1206666	0	TargetHided	0.00	1
283	186142	1206666	0	ChangeTargetWaitTime	0.00	1
284	187483	1207953	0	ShowTarget	0.00	1
285	188823	1209240	0	MoveTarget	0.00	1
286	188837	1209253	0	ShowTarget	0.00	1
287	189059	1209466	0	TargetHided	0.00	1
288	189059	1209466	0	ChangeTargetWaitTime	0.00	1
289	190532	1210881	0	ShowTarget	0.00	1
290	191705	1212007	0	MoveTarget	0.00	1
291	191719	1212020	0	ShowTarget	0.00	1
292	191927	1212219	0	TargetHided	0.00	1
293	191927	1212219	0	ChangeTargetWaitTime	0.00	1
294	193282	1213520	0	ShowTarget	0.00	1
295	194434	1214626	0	MoveTarget	0.00	1
296	194455	1214646	0	ShowTarget	0.00	1
297	194663	1214846	0	TargetHided	0.00	1
298	194664	1214846	0	ChangeTargetWaitTime	0.00	1
299	196032	1216160	0	ShowTarget	0.00	1
300	197421	1217493	0	MoveTarget	0.00	1
301	197434	1217506	0	ShowTarget	0.00	1
302	197643	1217706	0	TargetHided	0.00	1
303	197643	1217706	0	ChangeTargetWaitTime	0.00	1
304	199053	1219060	0	ShowTarget	0.00	1
305	200428	1220380	0	MoveTarget	0.00	1
306	200442	1220393	0	ShowTarget	0.00	1
307	200650	1220593	0	TargetHided	0.00	1
308	200650	1220593	0	ChangeTargetWaitTime	0.00	1
309	201977	1221867	0	ShowTarget	0.00	1
310	203900	1223713	0	MoveTarget	0.00	1
311	203914	1223726	0	ShowTarget	0.00	1
312	204136	1223939	0	TargetHided	0.00	1
313	204136	1223939	0	ChangeTargetWaitTime	0.00	1
314	205498	1225246	0	ShowTarget	0.00	1
315	207033	1226719	0	MoveTarget	0.00	1
316	207046	1226733	0	ShowTarget	0.00	1
317	207254	1226933	0	TargetHided	0.00	1
318	207254	1226933	0	ChangeTargetWaitTime	0.00	1
319	208616	1228239	0	ShowTarget	0.00	1
320	210026	1229593	0	MoveTarget	0.00	1
321	210040	1229606	0	ShowTarget	0.00	1
322	210248	1229806	0	TargetHided	0.00	1
323	210248	1229806	0	ChangeTargetWaitTime	0.00	1
324	211672	1231173	0	ShowTarget	0.00	1
325	213005	1232453	0	MoveTarget	0.00	1
326	213019	1232466	0	ShowTarget	0.00	1
327	213241	1232679	0	TargetHided	0.00	1
328	213241	1232680	0	ChangeTargetWaitTime	0.00	1
329	214603	1233986	0	ShowTarget	0.00	1
330	215790	1235126	0	MoveTarget	0.00	1
331	215804	1235140	0	ShowTarget	0.00	1
332	216005	1235333	0	TargetHided	0.00	1
333	216005	1235333	0	ChangeTargetWaitTime	0.00	1
334	217415	1236686	0	ShowTarget	0.00	1
335	218540	1237766	0	MoveTarget	0.00	1
336	218554	1237779	0	ShowTarget	0.00	1
337	218763	1237979	0	TargetHided	0.00	1
338	218763	1237979	0	ChangeTargetWaitTime	0.00	1
339	220353	1239507	0	ShowTarget	0.00	1
340	221610	1240712	0	MoveTarget	0.00	1
341	221631	1240733	0	ShowTarget	0.00	1
342	221846	1240939	0	TargetHided	0.00	1
343	221846	1240940	0	ChangeTargetWaitTime	0.00	1
344	223207	1242246	0	ShowTarget	0.00	1
345	224471	1243460	0	MoveTarget	0.00	1
346	224485	1243473	0	ShowTarget	0.00	1
347	224693	1243673	0	TargetHided	0.00	1
348	224693	1243673	0	ChangeTargetWaitTime	0.00	1
349	226082	1245006	0	ShowTarget	0.00	1
350	227492	1246359	0	MoveTarget	0.00	1
351	227506	1246372	0	ShowTarget	0.00	1
352	227728	1246586	0	TargetHided	0.00	1
353	227728	1246586	0	ChangeTargetWaitTime	0.00	1
354	229166	1247966	0	ShowTarget	0.00	1
355	230694	1249433	0	MoveTarget	0.00	1
356	230708	1249446	0	ShowTarget	0.00	1
357	230909	1249639	0	TargetHided	0.00	1
358	230909	1249639	0	ChangeTargetWaitTime	0.00	1
359	232833	1251486	0	ShowTarget	0.00	1
360	234270	1252866	0	MoveTarget	0.00	1
361	234291	1252886	0	ShowTarget	0.00	1
362	234499	1253086	0	TargetHided	0.00	1
363	234499	1253086	0	ChangeTargetWaitTime	0.00	1
364	235840	1254373	0	ShowTarget	0.00	1
365	237527	1255992	0	MoveTarget	0.00	1
366	237548	1256013	0	ShowTarget	0.00	1
367	237756	1256212	0	TargetHided	0.00	1
368	237756	1256212	0	ChangeTargetWaitTime	0.00	1
369	239090	1257492	0	ShowTarget	0.00	1
370	240993	1259319	0	MoveTarget	0.00	1
371	241014	1259339	0	ShowTarget	0.00	1
372	241222	1259539	0	TargetHided	0.00	1
373	241222	1259539	0	ChangeTargetWaitTime	0.00	1
374	242514	1260780	0	ShowTarget	0.00	1
375	243861	1262072	0	MoveTarget	0.00	1
376	243875	1262086	0	ShowTarget	0.00	1
377	244097	1262299	0	TargetHided	0.00	1
378	244097	1262299	0	ChangeTargetWaitTime	0.00	1
379	245431	1263579	0	ShowTarget	0.00	1
380	246827	1264920	0	MoveTarget	0.00	1
381	246840	1264932	0	ShowTarget	0.00	1
382	247048	1265132	0	TargetHided	0.00	1
383	247048	1265132	0	ChangeTargetWaitTime	0.00	1
384	248396	1266426	0	ShowTarget	0.00	1
385	250014	1267979	0	MoveTarget	0.00	1
386	250035	1267999	0	ShowTarget	0.00	1
387	250243	1268199	0	TargetHided	0.00	1
388	250244	1268199	0	ChangeTargetWaitTime	0.00	1
389	252292	1270165	0	ShowTarget	0.00	1
390	253348	1271179	0	MoveTarget	0.00	1
391	253369	1271199	0	ShowTarget	0.00	1
392	253584	1271406	0	TargetHided	0.00	1
393	253584	1271406	0	ChangeTargetWaitTime	0.00	1
394	255757	1273492	0	ShowTarget	0.00	1
395	257292	1274966	0	MoveTarget	0.00	1
396	257307	1274980	0	ShowTarget	0.00	1
397	257515	1275179	0	TargetHided	0.00	1
398	257515	1275179	0	ChangeTargetWaitTime	0.00	1
399	258918	1276526	0	ShowTarget	0.00	1
400	260452	1277999	0	MoveTarget	0.00	1
401	260473	1278019	0	ShowTarget	0.00	1
402	260681	1278219	0	TargetHided	0.00	1
403	260682	1278219	0	ChangeTargetWaitTime	0.00	1
404	262091	1279572	0	ShowTarget	0.00	1
405	264084	1281486	0	MoveTarget	0.00	1
406	264106	1281506	0	ShowTarget	0.00	1
407	264314	1281706	0	TargetHided	0.00	1
408	264314	1281706	0	ChangeTargetWaitTime	0.00	1
409	265703	1283039	0	ShowTarget	0.00	1
410	267258	1284532	0	MoveTarget	0.00	1
411	267279	1284552	0	ShowTarget	0.00	1
412	267487	1284752	0	TargetHided	0.00	1
413	267487	1284752	0	ChangeTargetWaitTime	0.00	1
414	268863	1286072	0	ShowTarget	0.00	1
415	270460	1287605	0	MoveTarget	0.00	1
416	270474	1287619	0	ShowTarget	0.00	1
417	270696	1287832	0	TargetHided	0.00	1
418	270696	1287832	0	ChangeTargetWaitTime	0.00	1
419	273370	1290399	0	ShowTarget	0.00	1
420	274717	1291692	0	MoveTarget	0.00	1
421	274731	1291705	0	ShowTarget	0.00	1
422	274939	1291905	0	TargetHided	0.00	1
423	274939	1291905	0	ChangeTargetWaitTime	0.00	1
424	276342	1293252	0	ShowTarget	0.00	1
425	277509	1294372	0	MoveTarget	0.00	1
426	277523	1294385	0	ShowTarget	0.00	1
427	277731	1294585	0	TargetHided	0.00	1
428	277731	1294585	0	ChangeTargetWaitTime	0.00	1
429	279183	1295978	0	ShowTarget	0.00	1
430	281037	1297758	0	MoveTarget	0.00	1
431	281057	1297778	0	ShowTarget	0.00	1
432	281266	1297979	0	TargetHided	0.00	1
433	281266	1297979	0	ChangeTargetWaitTime	0.00	1
434	282613	1299272	0	ShowTarget	0.00	1
435	284058	1300658	0	MoveTarget	0.00	1
436	284072	1300672	0	ShowTarget	0.00	1
437	284280	1300872	0	TargetHided	0.00	1
438	284280	1300872	0	ChangeTargetWaitTime	0.00	1
439	285718	1302252	0	ShowTarget	0.00	1
440	287655	1304112	0	MoveTarget	0.00	1
441	287669	1304125	0	ShowTarget	0.00	1
442	287877	1304325	0	TargetHided	0.00	1
443	287877	1304325	0	ChangeTargetWaitTime	0.00	1
444	289280	1305672	0	ShowTarget	0.00	1
445	290753	1307085	0	MoveTarget	0.00	1
446	290767	1307098	0	ShowTarget	0.00	1
447	290989	1307312	0	TargetHided	0.00	1
448	290989	1307312	0	ChangeTargetWaitTime	0.00	1
449	292440	1308705	0	ShowTarget	0.00	1
450	294003	1310205	0	MoveTarget	0.00	1
451	294017	1310218	0	ShowTarget	0.00	1
452	294218	1310412	0	TargetHided	0.00	1
453	294218	1310412	0	ChangeTargetWaitTime	0.00	1
454	295559	1311698	0	ShowTarget	0.00	1
297265	1313337	-1	GameMode DynamicAcuity HideFlag False JumpFlag False ShowTargetFlag True HeadIndicatorChange True SkipCenterFlag True HideHeadIndicator False Gain 1 UsingAcuityAfter False UsingAcuityBefore True UsingAcuityWaitTime False AcuitySize 8 UsingAcuityChange True CurrAcuityChangeMode acuity_list UsingPostDelay False PostDelayMode random PostDelayInit 0.00 PostDelayIMax 0.00 ADUsingStaticData False UsingPresetSD False StaticDataSize 0 StaticDataMLH 0.000 UsingDynamicDelay False DynamicDelayMode fix_amount DynaDelayInit 0.000 DynaDelayMax 0.000 DynaDelayInter 0.000 	
455	334527	1349105	0	ReSet	0.00	0
456	334541	1349118	0	ShowTarget	0.00	1
457	336443	1350945	0	MoveTarget	0.00	1
458	336464	1350965	0	ShowTarget	0.00	1
459	349576	1363552	0	head_turned	0.00	0
460	349923	1363885	0	head_stop	0.00	0
461	350840	1364765	0	ShowTarget	0.00	1
462	353069	1366905	0	MoveTarget	0.00	1
463	353090	1366925	0	ShowTarget	0.00	1
464	353583	1367398	0	head_turned	0.00	0
465	353882	1367685	0	head_stop	0.00	0
466	354708	1368478	0	ShowTarget	0.00	1
467	357319	1370985	0	MoveTarget	0.00	1
468	357340	1371004	0	ShowTarget	0.00	1
469	357660	1371311	0	head_turned	0.00	0
470	357903	1371545	0	head_stop	0.00	0
471	358862	1372465	0	ShowTarget	0.00	1
472	361488	1374986	0	MoveTarget	0.00	1
473	361500	1374998	0	ShowTarget	0.00	1
474	361813	1375298	0	head_turned	0.00	0
475	362063	1375538	0	head_stop	0.00	0
476	362757	1376205	0	ShowTarget	0.00	1
477	364605	1377978	0	MoveTarget	0.00	1
478	364618	1377991	0	ShowTarget	0.00	1
479	367362	1380625	0	head_turned	0.00	0
480	367626	1380878	0	head_stop	0.00	0
481	368328	1381552	0	ShowTarget	0.00	1
482	370751	1383878	0	MoveTarget	0.00	1
483	370765	1383891	0	ShowTarget	0.00	1
484	371098	1384211	0	head_turned	0.00	0
485	371237	1384344	0	head_stop	0.00	0
486	372293	1385358	0	ShowTarget	0.00	1
487	374730	1387698	0	MoveTarget	0.00	1
488	374745	1387711	0	ShowTarget	0.00	1
489	375077	1388031	0	head_turned	0.00	0
490	375313	1388258	0	head_stop	0.00	0
491	376224	1389131	0	ShowTarget	0.00	1
492	378751	1391557	0	MoveTarget	0.00	1
493	378772	1391577	0	ShowTarget	0.00	1
494	379119	1391911	0	head_turned	0.00	0
495	379321	1392104	0	head_stop	0.00	0
496	380349	1393091	0	ShowTarget	0.00	1
497	382217	1394884	0	MoveTarget	0.00	1
498	382238	1394904	0	ShowTarget	0.00	1
499	382752	1395398	0	head_turned	0.00	0
500	383029	1395664	0	head_stop	0.00	0
501	383821	1396425	0	ShowTarget	0.00	1
502	386162	1398671	0	MoveTarget	0.00	1
503	386176	1398685	0	ShowTarget	0.00	1
504	386592	1399084	0	head_turned	0.00	0
505	386821	1399304	0	head_stop	0.00	0
506	387697	1400144	0	ShowTarget	0.00	1
507	389912	1402271	0	MoveTarget	0.00	1
508	389926	1402284	0	ShowTarget	0.00	1
509	390294	1402637	0	head_turned	0.00	0
510	390557	1402891	0	head_stop	0.00	0
511	391468	1403764	0	ShowTarget	0.00	1
512	394801	1406964	0	MoveTarget	0.00	1
513	394815	1406977	0	ShowTarget	0.00	1
514	395176	1407324	0	head_turned	0.00	0
515	395426	1407564	0	head_stop	0.00	0
516	396815	1408897	0	ShowTarget	0.00	1
517	401871	1413751	0	MoveTarget	0.00	1
518	401885	1413764	0	ShowTarget	0.00	1
519	402197	1414064	0	head_turned	0.00	0
520	402461	1414317	0	head_stop	0.00	0
521	403448	1415264	0	ShowTarget	0.00	1
522	405489	1417224	0	MoveTarget	0.00	1
523	405503	1417237	0	ShowTarget	0.00	1
524	405906	1417625	0	head_turned	0.00	0
525	406156	1417864	0	head_stop	0.00	0
526	407712	1419358	0	ShowTarget	0.00	1
527	409927	1421484	0	MoveTarget	0.00	1
528	409941	1421497	0	ShowTarget	0.00	1
529	410413	1421951	0	head_turned	0.00	0
530	410643	1422171	0	head_stop	0.00	0
531	411823	1423304	0	ShowTarget	0.00	1
532	413983	1425377	0	MoveTarget	0.00	1
533	414004	1425397	0	ShowTarget	0.00	1
534	414448	1425824	0	head_turned	0.00	0
535	414684	1426050	0	head_stop	0.00	0
536	415553	1426884	0	ShowTarget	0.00	1
537	418087	1429317	0	MoveTarget	0.00	1
538	418108	1429337	0	ShowTarget	0.00	1
539	418573	1429784	0	head_turned	0.00	0
540	418955	1430151	0	head_stop	0.00	0
541	419712	1430877	0	ShowTarget	0.00	1
542	421816	1432897	0	MoveTarget	0.00	1
543	421830	1432910	0	ShowTarget	0.00	1
544	422136	1433204	0	head_turned	0.00	0
545	422372	1433430	0	head_stop	0.00	0
546	423074	1434104	0	ShowTarget	0.00	1
547	425254	1436197	0	MoveTarget	0.00	1
548	425268	1436211	0	ShowTarget	0.00	1
549	425574	1436504	0	head_turned	0.00	0
550	425789	1436710	0	head_stop	0.00	0
551	426581	1437471	0	ShowTarget	0.00	1
552	429025	1439817	0	MoveTarget	0.00	1
553	429046	1439837	0	ShowTarget	0.00	1
554	429373	1440151	0	head_turned	0.00	0
555	429581	1440350	0	head_stop	0.00	0
556	430921	1441637	0	ShowTarget	0.00	1
557	433400	1444017	0	MoveTarget	0.00	1
558	433421	1444037	0	ShowTarget	0.00	1
559	433720	1444323	0	head_turned	0.00	0
560	433935	1444530	0	head_stop	0.00	0
561	434727	1445290	0	ShowTarget	0.00	1
562	436873	1447350	0	MoveTarget	0.00	1
563	436894	1447370	0	ShowTarget	0.00	1
564	437186	1447650	0	head_turned	0.00	0
565	437456	1447910	0	head_stop	0.00	0
566	438255	1448677	0	ShowTarget	0.00	1
567	439949	1450304	0	MoveTarget	0.00	1
568	439963	1450317	0	ShowTarget	0.00	1
569	440311	1450650	0	head_turned	0.00	0
570	440568	1450897	0	head_stop	0.00	0
571	441158	1451463	0	ShowTarget	0.00	1
572	443297	1453517	0	MoveTarget	0.00	1
573	443318	1453537	0	ShowTarget	0.00	1
574	443624	1453830	0	head_turned	0.00	0
575	443839	1454037	0	head_stop	0.00	0
576	444630	1454797	0	ShowTarget	0.00	1
577	446353	1456450	0	MoveTarget	0.00	1
578	446374	1456470	0	ShowTarget	0.00	1
579	446658	1456743	0	head_turned	0.00	0
580	446881	1456957	0	head_stop	0.00	0
581	448333	1458351	0	ShowTarget	0.00	1
582	450700	1460623	0	MoveTarget	0.00	1
583	450721	1460643	0	ShowTarget	0.00	1
584	451027	1460937	0	head_turned	0.00	0
585	451235	1461137	0	head_stop	0.00	0
586	451936	1461810	0	ShowTarget	0.00	1
587	453631	1463437	0	MoveTarget	0.00	1
588	453645	1463450	0	ShowTarget	0.00	1
589	453957	1463750	0	head_turned	0.00	0
590	454346	1464124	0	head_stop	0.00	0
591	455020	1464770	0	ShowTarget	0.00	1
592	457451	1467103	0	MoveTarget	0.00	1
593	457465	1467116	0	ShowTarget	0.00	1
594	459423	1468997	0	head_turned	0.00	0
595	459652	1469216	0	head_stop	0.00	0
596	460229	1469770	0	ShowTarget	0.00	1
597	462666	1472110	0	MoveTarget	0.00	1
598	462680	1472123	0	ShowTarget	0.00	1
599	463000	1472430	0	head_turned	0.00	0
600	463208	1472630	0	head_stop	0.00	0
601	464000	1473390	0	ShowTarget	0.00	1
602	466166	1475470	0	MoveTarget	0.00	1
603	466180	1475483	0	ShowTarget	0.00	1
604	466472	1475763	0	head_turned	0.00	0
605	466708	1475990	0	head_stop	0.00	0
606	467500	1476750	0	ShowTarget	0.00	1
607	469340	1478517	0	MoveTarget	0.00	1
608	469354	1478530	0	ShowTarget	0.00	1
609	469736	1478896	0	head_turned	0.00	0
610	469937	1479090	0	head_stop	0.00	0
611	470882	1479997	0	ShowTarget	0.00	1
612	472604	1481650	0	MoveTarget	0.00	1
613	472618	1481663	0	ShowTarget	0.00	1
614	472972	1482003	0	head_turned	0.00	0
615	473139	1482163	0	head_stop	0.00	0
616	474230	1483210	0	ShowTarget	0.00	1
617	476334	1485230	0	MoveTarget	0.00	1
618	476354	1485250	0	ShowTarget	0.00	1
619	476681	1485563	0	head_turned	0.00	0
620	477022	1485890	0	head_stop	0.00	0
621	477521	1486370	0	ShowTarget	0.00	1
622	479272	1488050	0	MoveTarget	0.00	1
623	479285	1488063	0	ShowTarget	0.00	1
624	479959	1488710	0	head_turned	0.00	0
625	480195	1488937	0	head_stop	0.00	0
626	481209	1489910	0	ShowTarget	0.00	1
627	483306	1491923	0	MoveTarget	0.00	1
628	483327	1491943	0	ShowTarget	0.00	1
629	483716	1492316	0	head_turned	0.00	0
630	483931	1492523	0	head_stop	0.00	0
631	484746	1493305	0	ShowTarget	0.00	1
632	486425	1494916	0	MoveTarget	0.00	1
633	486439	1494930	0	ShowTarget	0.00	1
634	486820	1495296	0	head_turned	0.00	0
635	487230	1495689	0	head_stop	0.00	0
636	487723	1496163	0	ShowTarget	0.00	1
637	489598	1497963	0	MoveTarget	0.00	1
638	489612	1497976	0	ShowTarget	0.00	1
639	490008	1498356	0	head_turned	0.00	0
640	490279	1498616	0	head_stop	0.00	0
641	490973	1499283	0	ShowTarget	0.00	1
642	493397	1501610	0	MoveTarget	0.00	1
643	493411	1501623	0	ShowTarget	0.00	1
644	493710	1501909	0	head_turned	0.00	0
645	493939	1502129	0	head_stop	0.00	0
646	494932	1503083	0	ShowTarget	0.00	1
647	496606	1504690	0	MoveTarget	0.00	1
648	496619	1504703	0	ShowTarget	0.00	1
649	496960	1505029	0	head_turned	0.00	0
650	497189	1505250	0	head_stop	0.00	0
651	498023	1506050	0	ShowTarget	0.00	1
652	500134	1508076	0	MoveTarget	0.00	1
653	500155	1508096	0	ShowTarget	0.00	1
654	500488	1508416	0	head_turned	0.00	0
655	500675	1508596	0	head_stop	0.00	0
656	501474	1509363	0	ShowTarget	0.00	1
657	504009	1511796	0	MoveTarget	0.00	1
658	504023	1511809	0	ShowTarget	0.00	1
659	504370	1512143	0	head_turned	0.00	0
660	504620	1512383	0	head_stop	0.00	0
661	505294	1513030	0	ShowTarget	0.00	1
662	507502	1515149	0	MoveTarget	0.00	1
663	507516	1515163	0	ShowTarget	0.00	1
664	507808	1515443	0	head_turned	0.00	0
665	508023	1515650	0	head_stop	0.00	0
666	509211	1516790	0	ShowTarget	0.00	1
667	511218	1518716	0	MoveTarget	0.00	1
668	511232	1518729	0	ShowTarget	0.00	1
669	511565	1519049	0	head_turned	0.00	0
670	511773	1519249	0	head_stop	0.00	0
671	512537	1519983	0	ShowTarget	0.00	1
672	514377	1521749	0	MoveTarget	0.00	1
673	514398	1521769	0	ShowTarget	0.00	1
674	514767	1522123	0	head_turned	0.00	0
675	514954	1522303	0	head_stop	0.00	0
676	515767	1523083	0	ShowTarget	0.00	1
677	517739	1524976	0	MoveTarget	0.00	1
678	517753	1524989	0	ShowTarget	0.00	1
679	518065	1525289	0	head_turned	0.00	0
680	518274	1525489	0	head_stop	0.00	0
681	519051	1526236	0	ShowTarget	0.00	1
682	520955	1528064	0	MoveTarget	0.00	1
683	520968	1528075	0	ShowTarget	0.00	1
684	521295	1528389	0	head_turned	0.00	0
685	521593	1528676	0	head_stop	0.00	0
686	522587	1529629	0	ShowTarget	0.00	1
687	524844	1531796	0	MoveTarget	0.00	1
688	524857	1531809	0	ShowTarget	0.00	1
689	525142	1532083	0	head_turned	0.00	0
690	525372	1532303	0	head_stop	0.00	0
691	526059	1532963	0	ShowTarget	0.00	1
692	528005	1534830	0	MoveTarget	0.00	1
693	528017	1534842	0	ShowTarget	0.00	1
694	528365	1535176	0	head_turned	0.00	0
695	528566	1535369	0	head_stop	0.00	0
696	529240	1536016	0	ShowTarget	0.00	1
697	530823	1537536	0	MoveTarget	0.00	1
698	530844	1537556	0	ShowTarget	0.00	1
699	531135	1537836	0	head_turned	0.00	0
700	531351	1538042	0	head_stop	0.00	0
701	532705	1539343	0	ShowTarget	0.00	1
702	534830	1541382	0	MoveTarget	0.00	1
703	534851	1541402	0	ShowTarget	0.00	1
704	535143	1541682	0	head_turned	0.00	0
705	535330	1541862	0	head_stop	0.00	0
706	536087	1542589	0	ShowTarget	0.00	1
707	537865	1544296	0	MoveTarget	0.00	1
708	537879	1544309	0	ShowTarget	0.00	1
709	538157	1544576	0	head_turned	0.00	0
710	538379	1544789	0	head_stop	0.00	0
711	539198	1545576	0	ShowTarget	0.00	1
712	541879	1548149	0	MoveTarget	0.00	1
713	541893	1548162	0	ShowTarget	0.00	1
714	542213	1548469	0	head_turned	0.00	0
715	542421	1548669	0	head_stop	0.00	0
716	543123	1549342	0	ShowTarget	0.00	1
717	545442	1551569	0	MoveTarget	0.00	1
718	545463	1551589	0	ShowTarget	0.00	1
719	545727	1551842	0	head_turned	0.00	0
720	545963	1552069	0	head_stop	0.00	0
721	546644	1552723	0	ShowTarget	0.00	1
722	548547	1554549	0	MoveTarget	0.00	1
723	548560	1554562	0	ShowTarget	0.00	1
724	548866	1554856	0	head_turned	0.00	0
725	549060	1555042	0	head_stop	0.00	0
726	549936	1555883	0	ShowTarget	0.00	1
727	552026	1557889	0	MoveTarget	0.00	1
728	552040	1557902	0	ShowTarget	0.00	1
729	552325	1558175	0	head_turned	0.00	0
730	552700	1558536	0	head_stop	0.00	0
731	553235	1559049	0	ShowTarget	0.00	1
732	555297	1561029	0	MoveTarget	0.00	1
733	555318	1561049	0	ShowTarget	0.00	1
734	555603	1561322	0	head_turned	0.00	0
735	555831	1561542	0	head_stop	0.00	0
736	556568	1562249	0	ShowTarget	0.00	1
737	558290	1563902	0	MoveTarget	0.00	1
738	558304	1563915	0	ShowTarget	0.00	1
739	558610	1564209	0	head_turned	0.00	0
740	558922	1564509	0	head_stop	0.00	0
741	559575	1565136	0	ShowTarget	0.00	1
742	561922	1567389	0	MoveTarget	0.00	1
743	561936	1567402	0	ShowTarget	0.00	1
744	562214	1567669	0	head_turned	0.00	0
745	562561	1568002	0	head_stop	0.00	0
746	563221	1568635	0	ShowTarget	0.00	1
747	564894	1570242	0	MoveTarget	0.00	1
748	564915	1570262	0	ShowTarget	0.00	1
749	565207	1570542	0	head_turned	0.00	0
750	565416	1570742	0	head_stop	0.00	0
751	566534	1571815	0	ShowTarget	0.00	1
752	568888	1574075	0	MoveTarget	0.00	1
753	568902	1574088	0	ShowTarget	0.00	1
754	569180	1574355	0	head_turned	0.00	0
755	569430	1574595	0	head_stop	0.00	0
756	570096	1575235	0	ShowTarget	0.00	1
757	571986	1577049	0	MoveTarget	0.00	1
758	571999	1577062	0	ShowTarget	0.00	1
759	572312	1577362	0	head_turned	0.00	0
760	572562	1577602	0	head_stop	0.00	0
761	573145	1578162	0	ShowTarget	0.00	1
762	575271	1580202	0	MoveTarget	0.00	1
763	575284	1580215	0	ShowTarget	0.00	1
764	575583	1580501	0	head_turned	0.00	0
765	575923	1580829	0	head_stop	0.00	0
766	577139	1581996	0	ShowTarget	0.00	1
767	579097	1583875	0	MoveTarget	0.00	1
768	579118	1583895	0	ShowTarget	0.00	1
769	579410	1584176	0	head_turned	0.00	0
770	579625	1584382	0	head_stop	0.00	0
771	580257	1584989	0	ShowTarget	0.00	1
772	582090	1586748	0	MoveTarget	0.00	1
773	582104	1586762	0	ShowTarget	0.00	1
774	584292	1588862	0	head_turned	0.00	0
775	584521	1589082	0	head_stop	0.00	0
776	585264	1589795	0	ShowTarget	0.00	1
777	587229	1591682	0	MoveTarget	0.00	1
778	587243	1591695	0	ShowTarget	0.00	1
779	587549	1591989	0	head_turned	0.00	0
780	587695	1592128	0	head_stop	0.00	0
781	588479	1592881	0	ShowTarget	0.00	1
782	590896	1595202	0	MoveTarget	0.00	1
783	590910	1595215	0	ShowTarget	0.00	1
784	591243	1595535	0	head_turned	0.00	0
785	591452	1595735	0	head_stop	0.00	0
786	592244	1596495	0	ShowTarget	0.00	1
787	594709	1598862	0	MoveTarget	0.00	1
788	594730	1598882	0	ShowTarget	0.00	1
789	595070	1599208	0	head_turned	0.00	0
790	595271	1599402	0	head_stop	0.00	0
791	596049	1600148	0	ShowTarget	0.00	1
792	598251	1602261	0	MoveTarget	0.00	1
793	598265	1602275	0	ShowTarget	0.00	1
794	598591	1602588	0	head_turned	0.00	0
795	598799	1602788	0	head_stop	0.00	0
796	599633	1603588	0	ShowTarget	0.00	1
797	601313	1605202	0	MoveTarget	0.00	1
798	601334	1605221	0	ShowTarget	0.00	1
799	601682	1605555	0	head_turned	0.00	0
800	602008	1605868	0	head_stop	0.00	0
801	602773	1606602	0	ShowTarget	0.00	1
802	604279	1608048	0	MoveTarget	0.00	1
803	604300	1608068	0	ShowTarget	0.00	1
804	604598	1608355	0	head_turned	0.00	0
805	604813	1608561	0	head_stop	0.00	0
806	605571	1609289	0	ShowTarget	0.00	1
807	607855	1611481	0	MoveTarget	0.00	1
808	607869	1611495	0	ShowTarget	0.00	1
809	608175	1611788	0	head_turned	0.00	0
810	608404	1612008	0	head_stop	0.00	0
811	609515	1613075	0	ShowTarget	0.00	1
812	611515	1614995	0	MoveTarget	0.00	1
813	611529	1615008	0	ShowTarget	0.00	1
814	611828	1615295	0	head_turned	0.00	0
815	612036	1615494	0	head_stop	0.00	0
816	612731	1616161	0	ShowTarget	0.00	1
817	614801	1618148	0	MoveTarget	0.00	1
818	614821	1618168	0	ShowTarget	0.00	1
819	615106	1618442	0	head_turned	0.00	0
820	615418	1618741	0	head_stop	0.00	0
821	616141	1619434	0	ShowTarget	0.00	1
822	618245	1621455	0	MoveTarget	0.00	1
823	618259	1621468	0	ShowTarget	0.00	1
824	618572	1621768	0	head_turned	0.00	0
825	618891	1622074	0	head_stop	0.00	0
826	619412	1622575	0	ShowTarget	0.00	1
827	621273	1624361	0	MoveTarget	0.00	1
828	621294	1624381	0	ShowTarget	0.00	1
829	621592	1624668	0	head_turned	0.00	0
830	621836	1624901	0	head_stop	0.00	0
831	623836	1626821	0	ShowTarget	0.00	1
832	626065	1628961	0	MoveTarget	0.00	1
833	626079	1628974	0	ShowTarget	0.00	1
834	626426	1629308	0	head_turned	0.00	0
835	626773	1629641	0	head_stop	0.00	0
836	627273	1630121	0	ShowTarget	0.00	1
837	629531	1632288	0	MoveTarget	0.00	1
838	629544	1632301	0	ShowTarget	0.00	1
839	631357	1634041	0	head_turned	0.00	0
840	631704	1634374	0	head_stop	0.00	0
841	632482	1635121	0	ShowTarget	0.00	1
842	634149	1636721	0	MoveTarget	0.00	1
843	634163	1636734	0	ShowTarget	0.00	1
844	634468	1637028	0	head_turned	0.00	0
845	634691	1637241	0	head_stop	0.00	0
846	636184	1638674	0	ShowTarget	0.00	1
847	638503	1640901	0	MoveTarget	0.00	1
848	638517	1640914	0	ShowTarget	0.00	1
849	638830	1641214	0	head_turned	0.00	0
850	639038	1641414	0	head_stop	0.00	0
851	639955	1642294	0	ShowTarget	0.00	1
852	642309	1644554	0	MoveTarget	0.00	1
853	642323	1644568	0	ShowTarget	0.00	1
854	642608	1644841	0	head_turned	0.00	0
855	642858	1645081	0	head_stop	0.00	0
856	643643	1645834	0	ShowTarget	0.00	1
857	645976	1648074	0	MoveTarget	0.00	1
858	645990	1648087	0	ShowTarget	0.00	1
859	646303	1648388	0	head_turned	0.00	0
860	646601	1648674	0	head_stop	0.00	0
861	647185	1649234	0	ShowTarget	0.00	1
862	649205	1651174	0	MoveTarget	0.00	1
863	649226	1651194	0	ShowTarget	0.00	1
864	649518	1651474	0	head_turned	0.00	0
865	649740	1651688	0	head_stop	0.00	0
866	650567	1652481	0	ShowTarget	0.00	1
867	652164	1654014	0	MoveTarget	0.00	1
868	652178	1654027	0	ShowTarget	0.00	1
869	652532	1654367	0	head_turned	0.00	0
870	652837	1654660	0	head_stop	0.00	0
871	653553	1655347	0	ShowTarget	0.00	1
872	655310	1657034	0	MoveTarget	0.00	1
873	655331	1657054	0	ShowTarget	0.00	1
874	655657	1657367	0	head_turned	0.00	0
875	655997	1657694	0	head_stop	0.00	0
876	657915	1659534	0	ShowTarget	0.00	1
877	660171	1661701	0	MoveTarget	0.00	1
878	660185	1661714	0	ShowTarget	0.00	1
879	660505	1662021	0	head_turned	0.00	0
880	660706	1662214	0	head_stop	0.00	0
881	661568	1663041	0	ShowTarget	0.00	1
882	663269	1664674	0	MoveTarget	0.00	1
883	663283	1664687	0	ShowTarget	0.00	1
884	663588	1664981	0	head_turned	0.00	0
885	663838	1665221	0	head_stop	0.00	0
886	664596	1665948	0	ShowTarget	0.00	1
887	666317	1667601	0	MoveTarget	0.00	1
888	666331	1667614	0	ShowTarget	0.00	1
889	666637	1667907	0	head_turned	0.00	0
890	666845	1668107	0	head_stop	0.00	0
891	667623	1668854	0	ShowTarget	0.00	1
892	669533	1670688	0	MoveTarget	0.00	1
893	669547	1670701	0	ShowTarget	0.00	1
894	669894	1671034	0	head_turned	0.00	0
895	670075	1671207	0	head_stop	0.00	0
896	670838	1671941	0	ShowTarget	0.00	1
897	672970	1673987	0	MoveTarget	0.00	1
898	672991	1674007	0	ShowTarget	0.00	1
899	673318	1674320	0	head_turned	0.00	0
900	673457	1674454	0	head_stop	0.00	0
901	674700	1675647	0	ShowTarget	0.00	1
902	676624	1677494	0	MoveTarget	0.00	1
903	676637	1677507	0	ShowTarget	0.00	1
904	676950	1677807	0	head_turned	0.00	0
905	677165	1678013	0	head_stop	0.00	0
906	677909	1678727	0	ShowTarget	0.00	1

