Using_curved_screen True Player_screen_cm 90 Screen_width_cm 121 Camera1_display 0 Camera2_display 1 CameraFOVFactor 2 GazeTime 1.5 RandomGazeTime 0.5 HideTime 0.2 SpeedThreshold 180 StopWinodow 0.03 TargetChangeTime 1 TargetChangeTimeRRange 0 UseAcuityIndicator True AcuityMode 1 AcuityFlashTime 0.08 AcuityChangeNumber 10 AcuityChangeUpPerc 0.8 AcuityChangeDownPerc 0.5 ACuityList 90 StopSpeed 10.00 PostDelayList 0 PostDelayNumber 5 PostDelayUpC 0.50 PostDelayLoC 0.60 PostDelayConvNum 1 PostDelayRepeatNum 2 PostDelayASOffset 0 DynaDelayRepeatNum 9 
Line_#	Time_Stamp	Simulink_Sample	Trail_#	Action	Degree	Direction
8	138228	-1	GameMode StaticAcuity HideFlag True JumpFlag False ShowTargetFlag True HeadIndicatorChange False SkipCenterFlag True HideHeadIndicator True Gain 1 UsingAcuityAfter False UsingAcuityBefore False UsingAcuityWaitTime True AcuitySize 8 UsingAcuityChange True CurrAcuityChangeMode acuity_list UsingPostDelay False PostDelayMode random PostDelayInit 0.00 PostDelayIMax 0.00 ADUsingStaticData False UsingPresetSD False StaticDataSize 0 StaticDataMLH 0.000 UsingDynamicDelay False DynamicDelayMode fix_amount DynaDelayInit 0.000 DynaDelayMax 0.000 DynaDelayInter 0.000 	
3	318	138526	0	ReSet	0.00	0
4	325	138532	0	ShowTarget	0.00	0
5	1839	139986	0	MoveTarget	0.00	1
6	1860	140006	0	ShowTarget	0.00	1
7	2076	140213	0	TargetHided	0.00	1
8	2077	140215	0	ChangeTargetWaitTime	0.00	1
9	44794	181220	0	ShowTarget	0.00	1
10	46522	182879	0	MoveTarget	0.00	1
11	46543	182899	0	ShowTarget	0.00	1
12	46758	183105	0	TargetHided	0.00	1
13	46758	183105	0	ChangeTargetWaitTime	0.00	1
14	48126	184419	0	ShowTarget	0.00	1
15	49682	185912	0	MoveTarget	0.00	1
16	49696	185925	0	ShowTarget	0.00	1
17	49911	186132	0	TargetHided	0.00	1
18	49911	186132	0	ChangeTargetWaitTime	0.00	1
19	51392	187553	0	ShowTarget	0.00	1
20	53196	189285	0	MoveTarget	0.00	1
21	53210	189298	0	ShowTarget	0.00	1
22	53432	189512	0	TargetHided	0.00	1
23	53433	189512	0	ChangeTargetWaitTime	0.00	1
24	55684	191673	0	ShowTarget	0.00	1
25	57197	193126	0	MoveTarget	0.00	1
26	57211	193139	0	ShowTarget	0.00	1
27	57412	193332	0	TargetHided	0.00	1
28	57412	193332	0	ChangeTargetWaitTime	0.00	1
29	58946	194805	0	ShowTarget	0.00	1
30	60467	196265	0	MoveTarget	0.00	1
31	60488	196285	0	ShowTarget	0.00	1
32	60703	196492	0	TargetHided	0.00	1
33	60704	196492	0	ChangeTargetWaitTime	0.00	1
34	62364	198086	0	ShowTarget	0.00	1
35	64106	199758	0	MoveTarget	0.00	1
36	64127	199778	0	ShowTarget	0.00	1
37	64336	199978	0	TargetHided	0.00	1
38	64336	199978	0	ChangeTargetWaitTime	0.00	1
39	65718	201305	0	ShowTarget	0.00	1
40	67308	202832	0	MoveTarget	0.00	1
41	67322	202845	0	ShowTarget	0.00	1
42	67545	203059	0	TargetHided	0.00	1
43	67545	203059	0	ChangeTargetWaitTime	0.00	1
44	69169	204618	0	ShowTarget	0.00	1
45	71010	206385	0	MoveTarget	0.00	1
46	71023	206398	0	ShowTarget	0.00	1
47	71225	206591	0	TargetHided	0.00	1
48	71225	206592	0	ChangeTargetWaitTime	0.00	1
49	72635	207945	0	ShowTarget	0.00	1
50	74531	209765	0	MoveTarget	0.00	1
51	74544	209778	0	ShowTarget	0.00	1
52	74767	209992	0	TargetHided	0.00	1
53	74767	209992	0	ChangeTargetWaitTime	0.00	1
54	76233	211399	0	ShowTarget	0.00	1
55	77371	212492	0	MoveTarget	0.00	1
56	77385	212505	0	ShowTarget	0.00	1
57	77594	212705	0	TargetHided	0.00	1
58	77594	212705	0	ChangeTargetWaitTime	0.00	1
59	79003	214058	0	ShowTarget	0.00	1
60	80767	215752	0	MoveTarget	0.00	1
61	80788	215771	0	ShowTarget	0.00	1
62	80996	215972	0	TargetHided	0.00	1
63	80996	215972	0	ChangeTargetWaitTime	0.00	1
64	82295	217218	0	ShowTarget	0.00	1
65	84295	219138	0	MoveTarget	0.00	1
66	84309	219151	0	ShowTarget	0.00	1
67	84517	219351	0	TargetHided	0.00	1
68	84517	219351	0	ChangeTargetWaitTime	0.00	1
69	85796	220578	0	ShowTarget	0.00	1
70	87684	222391	0	MoveTarget	0.00	1
71	87698	222405	0	ShowTarget	0.00	1
72	87921	222619	0	TargetHided	0.00	1
73	87921	222619	0	ChangeTargetWaitTime	0.00	1
74	89185	223832	0	ShowTarget	0.00	1
75	91136	225705	0	MoveTarget	0.00	1
76	91150	225718	0	ShowTarget	0.00	1
77	91351	225911	0	TargetHided	0.00	1
78	91351	225912	0	ChangeTargetWaitTime	0.00	1
79	92636	227145	0	ShowTarget	0.00	1
80	93740	228204	0	MoveTarget	0.00	1
81	93754	228218	0	ShowTarget	0.00	1
82	93976	228431	0	TargetHided	0.00	1
83	93976	228431	0	ChangeTargetWaitTime	0.00	1
84	95254	229658	0	ShowTarget	0.00	1
85	96449	230805	0	MoveTarget	0.00	1
86	96463	230818	0	ShowTarget	0.00	1
87	96664	231011	0	TargetHided	0.00	1
88	96664	231011	0	ChangeTargetWaitTime	0.00	1
89	97963	232258	0	ShowTarget	0.00	1
90	99428	233665	0	MoveTarget	0.00	1
91	99449	233685	0	ShowTarget	0.00	1
92	99664	233891	0	TargetHided	0.00	1
93	99664	233891	0	ChangeTargetWaitTime	0.00	1
94	100963	235138	0	ShowTarget	0.00	1
95	102213	236338	0	MoveTarget	0.00	1
96	102227	236351	0	ShowTarget	0.00	1
97	102449	236565	0	TargetHided	0.00	1
98	102449	236565	0	ChangeTargetWaitTime	0.00	1
99	103762	237825	0	ShowTarget	0.00	1
100	105289	239291	0	MoveTarget	0.00	1
101	105303	239304	0	ShowTarget	0.00	1
102	105505	239498	0	TargetHided	0.00	1
103	105505	239498	0	ChangeTargetWaitTime	0.00	1
104	106797	240738	0	ShowTarget	0.00	1
105	107852	241751	0	MoveTarget	0.00	1
106	107866	241764	0	ShowTarget	0.00	1
107	108088	241977	0	TargetHided	0.00	1
108	108088	241977	0	ChangeTargetWaitTime	0.00	1
109	109360	243198	0	ShowTarget	0.00	1
110	110845	244625	0	MoveTarget	0.00	1
111	110859	244637	0	ShowTarget	0.00	1
112	111061	244832	0	TargetHided	0.00	1
113	111061	244832	0	ChangeTargetWaitTime	0.00	1
114	112367	246085	0	ShowTarget	0.00	1
115	113491	247164	0	MoveTarget	0.00	1
116	113505	247178	0	ShowTarget	0.00	1
117	113727	247391	0	TargetHided	0.00	1
118	113727	247391	0	ChangeTargetWaitTime	0.00	1
119	115040	248651	0	ShowTarget	0.00	1
120	116297	249858	0	MoveTarget	0.00	1
121	116318	249878	0	ShowTarget	0.00	1
122	116526	250078	0	TargetHided	0.00	1
123	116526	250078	0	ChangeTargetWaitTime	0.00	1
124	117611	251119	0	ShowTarget	0.00	1
125	119540	252971	0	MoveTarget	0.00	1
126	119554	252985	0	ShowTarget	0.00	1
127	119756	253178	0	TargetHided	0.00	1
128	119756	253178	0	ChangeTargetWaitTime	0.00	1
129	121034	254404	0	ShowTarget	0.00	1
130	122346	255664	0	MoveTarget	0.00	1
131	122360	255678	0	ShowTarget	0.00	1
132	122582	255891	0	TargetHided	0.00	1
133	122582	255891	0	ChangeTargetWaitTime	0.00	1
134	123819	257078	0	ShowTarget	0.00	1
135	125673	258858	0	MoveTarget	0.00	1
136	125687	258871	0	ShowTarget	0.00	1
137	125888	259064	0	TargetHided	0.00	1
138	125888	259064	0	ChangeTargetWaitTime	0.00	1
139	127034	260164	0	ShowTarget	0.00	1
140	128103	261191	0	MoveTarget	0.00	1
141	128117	261204	0	ShowTarget	0.00	1
142	128340	261418	0	TargetHided	0.00	1
143	128340	261418	0	ChangeTargetWaitTime	0.00	1
144	129611	262638	0	ShowTarget	0.00	1
145	131103	264071	0	MoveTarget	0.00	1
146	131117	264084	0	ShowTarget	0.00	1
147	131319	264277	0	TargetHided	0.00	1
148	131319	264277	0	ChangeTargetWaitTime	0.00	1
149	132576	265484	0	ShowTarget	0.00	1
150	134228	267071	0	MoveTarget	0.00	1
151	134242	267084	0	ShowTarget	0.00	1
152	134451	267284	0	TargetHided	0.00	1
153	134451	267284	0	ChangeTargetWaitTime	0.00	1
154	135722	268504	0	ShowTarget	0.00	1
155	137541	270251	0	MoveTarget	0.00	1
156	137555	270264	0	ShowTarget	0.00	1
157	137778	270478	0	TargetHided	0.00	1
158	137778	270478	0	ChangeTargetWaitTime	0.00	1
159	139090	271737	0	ShowTarget	0.00	1
160	141007	273577	0	MoveTarget	0.00	1
161	141021	273591	0	ShowTarget	0.00	1
162	141229	273791	0	TargetHided	0.00	1
163	141229	273791	0	ChangeTargetWaitTime	0.00	1
164	142500	275011	0	ShowTarget	0.00	1
165	144139	276584	0	MoveTarget	0.00	1
166	144153	276598	0	ShowTarget	0.00	1
167	144375	276811	0	TargetHided	0.00	1
168	144375	276811	0	ChangeTargetWaitTime	0.00	1
169	145660	278044	0	ShowTarget	0.00	1
170	147355	279671	0	MoveTarget	0.00	1
171	147368	279684	0	ShowTarget	0.00	1
172	147577	279884	0	TargetHided	0.00	1
173	147577	279884	0	ChangeTargetWaitTime	0.00	1
174	148682	280945	0	ShowTarget	0.00	1
175	150556	282744	0	MoveTarget	0.00	1
176	150570	282757	0	ShowTarget	0.00	1
177	150778	282957	0	TargetHided	0.00	1
178	150778	282957	0	ChangeTargetWaitTime	0.00	1
179	152119	284244	0	ShowTarget	0.00	1
180	153869	285924	0	MoveTarget	0.00	1
181	153882	285937	0	ShowTarget	0.00	1
182	154105	286150	0	TargetHided	0.00	1
183	154105	286150	0	ChangeTargetWaitTime	0.00	1
184	155376	287370	0	ShowTarget	0.00	1
185	157016	288945	0	MoveTarget	0.00	1
186	157035	288964	0	ShowTarget	0.00	1
187	157244	289164	0	TargetHided	0.00	1
188	157244	289164	0	ChangeTargetWaitTime	0.00	1
189	158501	290371	0	ShowTarget	0.00	1
190	160223	292024	0	MoveTarget	0.00	1
191	160244	292044	0	ShowTarget	0.00	1
192	160459	292250	0	TargetHided	0.00	1
193	160459	292250	0	ChangeTargetWaitTime	0.00	1
194	161842	293577	0	ShowTarget	0.00	1
195	162897	294590	0	MoveTarget	0.00	1
196	162918	294611	0	ShowTarget	0.00	1
197	163134	294818	0	TargetHided	0.00	1
198	163134	294818	0	ChangeTargetWaitTime	0.00	1
199	164446	296078	0	ShowTarget	0.00	1
200	165619	297204	0	MoveTarget	0.00	1
201	165640	297224	0	ShowTarget	0.00	1
202	165849	297424	0	TargetHided	0.00	1
203	165849	297424	0	ChangeTargetWaitTime	0.00	1
204	167092	298617	0	ShowTarget	0.00	1
205	168988	300437	0	MoveTarget	0.00	1
206	169001	300450	0	ShowTarget	0.00	1
207	169231	300670	0	TargetHided	0.00	1
208	169231	300670	0	ChangeTargetWaitTime	0.00	1
209	170516	301904	0	ShowTarget	0.00	1
210	171696	303037	0	MoveTarget	0.00	1
211	171710	303050	0	ShowTarget	0.00	1
212	171925	303257	0	TargetHided	0.00	1
213	171925	303257	0	ChangeTargetWaitTime	0.00	1
214	194795	325210	0	ShowTarget	0.00	1
215	195850	326223	0	MoveTarget	0.00	1
216	195871	326243	0	ShowTarget	0.00	1
217	196079	326443	0	TargetHided	0.00	1
218	196079	326443	0	ChangeTargetWaitTime	0.00	1
219	197323	327637	0	ShowTarget	0.00	1
220	198546	328811	0	MoveTarget	0.00	1
221	198559	328823	0	ShowTarget	0.00	1
222	198767	329023	0	TargetHided	0.00	1
223	198767	329023	0	ChangeTargetWaitTime	0.00	1
224	199969	330177	0	ShowTarget	0.00	1
225	201594	331737	0	MoveTarget	0.00	1
226	201609	331751	0	ShowTarget	0.00	1
227	201816	331950	0	TargetHided	0.00	1
228	201816	331950	0	ChangeTargetWaitTime	0.00	1
229	203136	333217	0	ShowTarget	0.00	1
230	204441	334470	0	MoveTarget	0.00	1
231	204462	334490	0	ShowTarget	0.00	1
232	204677	334696	0	TargetHided	0.00	1
233	204677	334697	0	ChangeTargetWaitTime	0.00	1
234	205872	335843	0	ShowTarget	0.00	1
235	207525	337430	0	MoveTarget	0.00	1
236	207538	337443	0	ShowTarget	0.00	1
237	207761	337657	0	TargetHided	0.00	1
238	207761	337657	0	ChangeTargetWaitTime	0.00	1
239	208955	338803	0	ShowTarget	0.00	1
240	210365	340157	0	MoveTarget	0.00	1
241	210379	340170	0	ShowTarget	0.00	1
242	210587	340370	0	TargetHided	0.00	1
243	210587	340370	0	ChangeTargetWaitTime	0.00	1
244	211901	341631	0	ShowTarget	0.00	1
245	213004	342690	0	MoveTarget	0.00	1
246	213025	342710	0	ShowTarget	0.00	1
247	213240	342916	0	TargetHided	0.00	1
248	213240	342916	0	ChangeTargetWaitTime	0.00	1
249	214567	344190	0	ShowTarget	0.00	1
250	216435	345983	0	MoveTarget	0.00	1
251	216456	346003	0	ShowTarget	0.00	1
252	216664	346203	0	TargetHided	0.00	1
253	216664	346203	0	ChangeTargetWaitTime	0.00	1
254	217866	347357	0	ShowTarget	0.00	1
255	219428	348856	0	MoveTarget	0.00	1
256	219442	348870	0	ShowTarget	0.00	1
257	219664	349083	0	TargetHided	0.00	1
258	219664	349083	0	ChangeTargetWaitTime	0.00	1
259	221005	350370	0	ShowTarget	0.00	1
260	222484	351790	0	MoveTarget	0.00	1
261	222505	351810	0	ShowTarget	0.00	1
262	222713	352010	0	TargetHided	0.00	1
263	222713	352010	0	ChangeTargetWaitTime	0.00	1
264	224005	353250	0	ShowTarget	0.00	1
265	226012	355177	0	MoveTarget	0.00	1
266	226025	355189	0	ShowTarget	0.00	1
267	226227	355383	0	TargetHided	0.00	1
268	226227	355383	0	ChangeTargetWaitTime	0.00	1
269	227519	356623	0	ShowTarget	0.00	1
270	229255	358290	0	MoveTarget	0.00	1
271	229276	358310	0	ShowTarget	0.00	1
272	229484	358510	0	TargetHided	0.00	1
273	229484	358510	0	ChangeTargetWaitTime	0.00	1
274	230867	359837	0	ShowTarget	0.00	1
275	232832	361723	0	MoveTarget	0.00	1
276	232845	361736	0	ShowTarget	0.00	1
277	233068	361949	0	TargetHided	0.00	1
278	233068	361949	0	ChangeTargetWaitTime	0.00	1
279	234575	363396	0	ShowTarget	0.00	1
280	236589	365330	0	MoveTarget	0.00	1
281	236603	365343	0	ShowTarget	0.00	1
282	236811	365543	0	TargetHided	0.00	1
283	236811	365543	0	ChangeTargetWaitTime	0.00	1
284	238304	366976	0	ShowTarget	0.00	1
285	239665	368283	0	MoveTarget	0.00	1
286	239679	368296	0	ShowTarget	0.00	1
287	239888	368497	0	TargetHided	0.00	1
288	239888	368497	0	ChangeTargetWaitTime	0.00	1
289	241839	370370	0	ShowTarget	0.00	1
290	243062	371543	0	MoveTarget	0.00	1
291	243076	371557	0	ShowTarget	0.00	1
292	243298	371770	0	TargetHided	0.00	1
293	243298	371770	0	ChangeTargetWaitTime	0.00	1
294	244818	373230	0	ShowTarget	0.00	1
295	246069	374429	0	MoveTarget	0.00	1
296	246082	374443	0	ShowTarget	0.00	1
297	246291	374643	0	TargetHided	0.00	1
298	246291	374643	0	ChangeTargetWaitTime	0.00	1
299	247999	376283	0	ShowTarget	0.00	1
300	249284	377516	0	MoveTarget	0.00	1
301	249298	377529	0	ShowTarget	0.00	1
302	249520	377743	0	TargetHided	0.00	1
303	249520	377743	0	ChangeTargetWaitTime	0.00	1
304	250979	379143	0	ShowTarget	0.00	1
305	252215	380330	0	MoveTarget	0.00	1
306	252235	380349	0	ShowTarget	0.00	1
307	252444	380550	0	TargetHided	0.00	1
308	252444	380550	0	ChangeTargetWaitTime	0.00	1
309	253944	381989	0	ShowTarget	0.00	1
310	255791	383763	0	MoveTarget	0.00	1
311	255805	383776	0	ShowTarget	0.00	1
312	256006	383969	0	TargetHided	0.00	1
313	256006	383969	0	ChangeTargetWaitTime	0.00	1
314	258000	385883	0	ShowTarget	0.00	1
315	260015	387817	0	MoveTarget	0.00	1
316	260028	387829	0	ShowTarget	0.00	1
317	260250	388043	0	TargetHided	0.00	1
318	260250	388043	0	ChangeTargetWaitTime	0.00	1
319	261723	389457	0	ShowTarget	0.00	1
320	263091	390769	0	MoveTarget	0.00	1
321	263104	390783	0	ShowTarget	0.00	1
322	263306	390976	0	TargetHided	0.00	1
323	263306	390976	0	ChangeTargetWaitTime	0.00	1
324	264750	392363	0	ShowTarget	0.00	1
325	266660	394196	0	MoveTarget	0.00	1
326	266681	394216	0	ShowTarget	0.00	1
327	266896	394422	0	TargetHided	0.00	1
328	266896	394422	0	ChangeTargetWaitTime	0.00	1
329	268654	396110	0	ShowTarget	0.00	1
330	270377	397763	0	MoveTarget	0.00	1
331	270396	397782	0	ShowTarget	0.00	1
332	270612	397989	0	TargetHided	0.00	1
333	270612	397989	0	ChangeTargetWaitTime	0.00	1
334	272292	399603	0	ShowTarget	0.00	1
335	274167	401402	0	MoveTarget	0.00	1
336	274181	401416	0	ShowTarget	0.00	1
337	274389	401616	0	TargetHided	0.00	1
338	274389	401616	0	ChangeTargetWaitTime	0.00	1
339	275841	403009	0	ShowTarget	0.00	1
340	277806	404896	0	MoveTarget	0.00	1
341	277820	404909	0	ShowTarget	0.00	1
342	278043	405123	0	TargetHided	0.00	1
343	278043	405123	0	ChangeTargetWaitTime	0.00	1
344	279640	406656	0	ShowTarget	0.00	1
345	281605	408542	0	MoveTarget	0.00	1
346	281619	408555	0	ShowTarget	0.00	1
347	281827	408756	0	TargetHided	0.00	1
348	281827	408756	0	ChangeTargetWaitTime	0.00	1
349	283452	410316	0	ShowTarget	0.00	1
350	285390	412176	0	MoveTarget	0.00	1
351	285404	412189	0	ShowTarget	0.00	1
352	285612	412389	0	TargetHided	0.00	1
353	285613	412389	0	ChangeTargetWaitTime	0.00	1
354	287224	413936	0	ShowTarget	0.00	1
355	288738	415390	0	MoveTarget	0.00	1
356	288752	415403	0	ShowTarget	0.00	1
357	288960	415602	0	TargetHided	0.00	1
358	288960	415602	0	ChangeTargetWaitTime	0.00	1
359	290800	417369	0	ShowTarget	0.00	1
360	292425	418929	0	MoveTarget	0.00	1
361	292446	418949	0	ShowTarget	0.00	1
362	292661	419155	0	TargetHided	0.00	1
363	292661	419156	0	ChangeTargetWaitTime	0.00	1
364	293995	420436	0	ShowTarget	0.00	1
365	295759	422129	0	MoveTarget	0.00	1
366	295773	422142	0	ShowTarget	0.00	1
367	295995	422356	0	TargetHided	0.00	1
368	295995	422356	0	ChangeTargetWaitTime	0.00	1
369	297315	423622	0	ShowTarget	0.00	1
370	299058	425296	0	MoveTarget	0.00	1
371	299072	425309	0	ShowTarget	0.00	1
372	299280	425509	0	TargetHided	0.00	1
373	299280	425509	0	ChangeTargetWaitTime	0.00	1
374	300787	426955	0	ShowTarget	0.00	1
375	302676	428769	0	MoveTarget	0.00	1
376	302690	428782	0	ShowTarget	0.00	1
377	302898	428982	0	TargetHided	0.00	1
378	302898	428982	0	ChangeTargetWaitTime	0.00	1
379	304239	430269	0	ShowTarget	0.00	1
380	305565	431542	0	MoveTarget	0.00	1
381	305579	431555	0	ShowTarget	0.00	1
382	305787	431755	0	TargetHided	0.00	1
383	305787	431755	0	ChangeTargetWaitTime	0.00	1
384	307316	433223	0	ShowTarget	0.00	1
385	309336	435162	0	MoveTarget	0.00	1
386	309357	435182	0	ShowTarget	0.00	1
387	309572	435389	0	TargetHided	0.00	1
388	309572	435389	0	ChangeTargetWaitTime	0.00	1
389	310954	436715	0	ShowTarget	0.00	1
390	312725	438415	0	MoveTarget	0.00	1
391	312746	438435	0	ShowTarget	0.00	1
392	312955	438636	0	TargetHided	0.00	1
393	312955	438636	0	ChangeTargetWaitTime	0.00	1
394	314413	440036	0	ShowTarget	0.00	1
395	315552	441129	0	MoveTarget	0.00	1
396	315565	441142	0	ShowTarget	0.00	1
397	315788	441355	0	TargetHided	0.00	1
398	315788	441355	0	ChangeTargetWaitTime	0.00	1
399	317178	442690	0	ShowTarget	0.00	1
400	319142	444575	0	MoveTarget	0.00	1
401	319156	444589	0	ShowTarget	0.00	1
402	319364	444788	0	TargetHided	0.00	1
403	319364	444788	0	ChangeTargetWaitTime	0.00	1
404	320761	446129	0	ShowTarget	0.00	1
405	322607	447902	0	MoveTarget	0.00	1
406	322621	447915	0	ShowTarget	0.00	1
407	322844	448128	0	TargetHided	0.00	1
408	322844	448129	0	ChangeTargetWaitTime	0.00	1
409	324116	449349	0	ShowTarget	0.00	1
410	325754	450922	0	MoveTarget	0.00	1
411	325774	450942	0	ShowTarget	0.00	1
412	325983	451142	0	TargetHided	0.00	1
413	325983	451142	0	ChangeTargetWaitTime	0.00	1
414	327255	452363	0	ShowTarget	0.00	1
415	329095	454129	0	MoveTarget	0.00	1
416	329115	454148	0	ShowTarget	0.00	1
417	329323	454348	0	TargetHided	0.00	1
418	329323	454348	0	ChangeTargetWaitTime	0.00	1
419	330629	455601	0	ShowTarget	0.00	1
420	332337	457242	0	MoveTarget	0.00	1
421	332351	457255	0	ShowTarget	0.00	1
422	332574	457469	0	TargetHided	0.00	1
423	332574	457469	0	ChangeTargetWaitTime	0.00	1
424	333928	458768	0	ShowTarget	0.00	1
425	335386	460168	0	MoveTarget	0.00	1
426	335400	460182	0	ShowTarget	0.00	1
427	335608	460382	0	TargetHided	0.00	1
428	335608	460382	0	ChangeTargetWaitTime	0.00	1
429	337054	461769	0	ShowTarget	0.00	1
430	339011	463648	0	MoveTarget	0.00	1
431	339025	463662	0	ShowTarget	0.00	1
432	339234	463862	0	TargetHided	0.00	1
433	339234	463862	0	ChangeTargetWaitTime	0.00	1
434	340609	465182	0	ShowTarget	0.00	1
435	341762	466288	0	MoveTarget	0.00	1
436	341776	466302	0	ShowTarget	0.00	1
437	341984	466502	0	TargetHided	0.00	1
438	341984	466502	0	ChangeTargetWaitTime	0.00	1
439	343769	468215	0	ShowTarget	0.00	1
440	345658	470028	0	MoveTarget	0.00	1
441	345672	470042	0	ShowTarget	0.00	1
442	345894	470255	0	TargetHided	0.00	1
443	345894	470255	0	ChangeTargetWaitTime	0.00	1
444	347255	471562	0	ShowTarget	0.00	1
445	348678	472928	0	MoveTarget	0.00	1
446	348699	472948	0	ShowTarget	0.00	1
447	348908	473148	0	TargetHided	0.00	1
448	348908	473148	0	ChangeTargetWaitTime	0.00	1
449	350255	474442	0	ShowTarget	0.00	1
450	351825	475948	0	MoveTarget	0.00	1
451	351838	475961	0	ShowTarget	0.00	1
452	352047	476161	0	TargetHided	0.00	1
453	352047	476161	0	ChangeTargetWaitTime	0.00	1
454	353339	477402	0	ShowTarget	0.00	1
354592	478604	-1	GameMode DynamicAcuity HideFlag False JumpFlag False ShowTargetFlag True HeadIndicatorChange True SkipCenterFlag True HideHeadIndicator False Gain 1 UsingAcuityAfter False UsingAcuityBefore True UsingAcuityWaitTime False AcuitySize 8 UsingAcuityChange True CurrAcuityChangeMode acuity_list UsingPostDelay False PostDelayMode random PostDelayInit 0.00 PostDelayIMax 0.00 ADUsingStaticData False UsingPresetSD False StaticDataSize 0 StaticDataMLH 0.000 UsingDynamicDelay False DynamicDelayMode fix_amount DynaDelayInit 0.000 DynaDelayMax 0.000 DynaDelayInter 0.000 	
455	376014	499169	0	ReSet	0.00	0
456	376020	499174	0	ShowTarget	0.00	1
457	377944	501021	0	MoveTarget	0.00	1
458	377965	501041	0	ShowTarget	0.00	1
459	379618	502628	0	head_turned	0.00	0
460	379972	502968	0	head_stop	0.00	0
461	380847	503808	0	ShowTarget	0.00	1
462	382903	505781	0	MoveTarget	0.00	1
463	382917	505794	0	ShowTarget	0.00	1
464	384042	506874	0	head_turned	0.00	0
465	384292	507114	0	head_stop	0.00	0
466	385160	507948	0	ShowTarget	0.00	1
467	387591	510281	0	MoveTarget	0.00	1
468	387612	510301	0	ShowTarget	0.00	1
469	388097	510767	0	head_turned	0.00	0
470	388486	511141	0	head_stop	0.00	0
471	389445	512061	0	ShowTarget	0.00	1
472	391646	514174	0	MoveTarget	0.00	1
473	391667	514194	0	ShowTarget	0.00	1
474	392223	514728	0	head_turned	0.00	0
475	392591	515081	0	head_stop	0.00	0
476	393209	515674	0	ShowTarget	0.00	1
477	395348	517728	0	MoveTarget	0.00	1
478	395362	517741	0	ShowTarget	0.00	1
479	397188	519494	0	head_turned	0.00	0
480	397563	519854	0	head_stop	0.00	0
481	398266	520528	0	ShowTarget	0.00	1
482	400369	522547	0	MoveTarget	0.00	1
483	400390	522567	0	ShowTarget	0.00	1
484	401265	523408	0	head_turned	0.00	0
485	402557	524648	0	head_stop	0.00	0
486	402897	524974	0	ShowTarget	0.00	1
487	404314	526334	0	MoveTarget	0.00	1
488	404328	526348	0	ShowTarget	0.00	1
489	405008	527001	0	head_turned	0.00	0
490	405418	527394	0	head_stop	0.00	0
491	406196	528141	0	ShowTarget	0.00	1
492	408363	530221	0	MoveTarget	0.00	1
493	408377	530234	0	ShowTarget	0.00	1
494	409029	530860	0	head_turned	0.00	0
495	409363	531181	0	head_stop	0.00	0
496	410787	532547	0	ShowTarget	0.00	1
497	412960	534634	0	MoveTarget	0.00	1
498	412974	534648	0	ShowTarget	0.00	1
499	413599	535247	0	head_turned	0.00	0
500	414002	535634	0	head_stop	0.00	0
501	414753	536355	0	ShowTarget	0.00	1
502	417134	538641	0	MoveTarget	0.00	1
503	417148	538654	0	ShowTarget	0.00	1
504	417634	539121	0	head_turned	0.00	0
505	417905	539380	0	head_stop	0.00	0
506	418822	540260	0	ShowTarget	0.00	1
507	420780	542141	0	MoveTarget	0.00	1
508	420795	542155	0	ShowTarget	0.00	1
509	421558	542888	0	head_turned	0.00	0
510	421947	543261	0	head_stop	0.00	0
511	422572	543861	0	ShowTarget	0.00	1
512	424954	546148	0	MoveTarget	0.00	1
513	424968	546160	0	ShowTarget	0.00	1
514	425488	546660	0	head_turned	0.00	0
515	425774	546934	0	head_stop	0.00	0
516	426704	547827	0	ShowTarget	0.00	1
517	429211	550234	0	MoveTarget	0.00	1
518	429225	550247	0	ShowTarget	0.00	1
519	430496	551467	0	head_turned	0.00	0
520	430878	551834	0	head_stop	0.00	0
521	431913	552827	0	ShowTarget	0.00	1
522	434691	555494	0	MoveTarget	0.00	1
523	434712	555514	0	ShowTarget	0.00	1
524	435274	556054	0	head_turned	0.00	0
525	435565	556333	0	head_stop	0.00	0
526	436281	557020	0	ShowTarget	0.00	1
527	438232	558894	0	MoveTarget	0.00	1
528	438246	558907	0	ShowTarget	0.00	1
529	439191	559814	0	head_turned	0.00	0
530	439455	560067	0	head_stop	0.00	0
531	440309	560887	0	ShowTarget	0.00	1
532	442969	563440	0	MoveTarget	0.00	1
533	442990	563461	0	ShowTarget	0.00	1
534	443420	563874	0	head_turned	0.00	0
535	443754	564194	0	head_stop	0.00	0
536	444400	564814	0	ShowTarget	0.00	1
537	447143	567447	0	MoveTarget	0.00	1
538	447163	567467	0	ShowTarget	0.00	1
539	447720	568000	0	head_turned	0.00	0
540	448157	568421	0	head_stop	0.00	0
541	448747	568987	0	ShowTarget	0.00	1
542	451421	571554	0	MoveTarget	0.00	1
543	451435	571567	0	ShowTarget	0.00	1
544	451956	572067	0	head_turned	0.00	0
545	452268	572367	0	head_stop	0.00	0
546	452990	573060	0	ShowTarget	0.00	1
547	455720	575680	0	MoveTarget	0.00	1
548	455734	575694	0	ShowTarget	0.00	1
549	456268	576207	0	head_turned	0.00	0
550	456761	576680	0	head_stop	0.00	0
551	457282	577180	0	ShowTarget	0.00	1
552	459240	579060	0	MoveTarget	0.00	1
553	459254	579073	0	ShowTarget	0.00	1
554	459865	579660	0	head_turned	0.00	0
555	460185	579967	0	head_stop	0.00	0
556	461394	581127	0	ShowTarget	0.00	1
557	463874	583508	0	MoveTarget	0.00	1
558	463887	583520	0	ShowTarget	0.00	1
559	464276	583893	0	head_turned	0.00	0
560	464866	584460	0	head_stop	0.00	0
561	465283	584860	0	ShowTarget	0.00	1
562	467081	586587	0	MoveTarget	0.00	1
563	467095	586600	0	ShowTarget	0.00	1
564	467741	587220	0	head_turned	0.00	0
565	468033	587500	0	head_stop	0.00	0
566	468791	588228	0	ShowTarget	0.00	1
567	471463	590793	0	MoveTarget	0.00	1
568	471477	590807	0	ShowTarget	0.00	1
569	472255	591553	0	head_turned	0.00	0
570	472714	591993	0	head_stop	0.00	0
571	473519	592767	0	ShowTarget	0.00	1
572	475818	594973	0	MoveTarget	0.00	1
573	475832	594986	0	ShowTarget	0.00	1
574	476283	595420	0	head_turned	0.00	0
575	476533	595660	0	head_stop	0.00	0
576	477485	596573	0	ShowTarget	0.00	1
577	479520	598527	0	MoveTarget	0.00	1
578	479534	598540	0	ShowTarget	0.00	1
579	479936	598927	0	head_turned	0.00	0
580	480360	599333	0	head_stop	0.00	0
581	481034	599980	0	ShowTarget	0.00	1
582	483708	602547	0	MoveTarget	0.00	1
583	483721	602560	0	ShowTarget	0.00	1
584	484173	602993	0	head_turned	0.00	0
585	484444	603253	0	head_stop	0.00	0
586	485097	603881	0	ShowTarget	0.00	1
587	487923	606593	0	MoveTarget	0.00	1
588	487937	606606	0	ShowTarget	0.00	1
589	488451	607100	0	head_turned	0.00	0
590	488756	607393	0	head_stop	0.00	0
591	489749	608346	0	ShowTarget	0.00	1
592	492104	610606	0	MoveTarget	0.00	1
593	492117	610620	0	ShowTarget	0.00	1
594	492632	611114	0	head_turned	0.00	0
595	492937	611407	0	head_stop	0.00	0
596	493673	612113	0	ShowTarget	0.00	1
597	496361	614693	0	MoveTarget	0.00	1
598	496375	614707	0	ShowTarget	0.00	1
599	497208	615506	0	head_turned	0.00	0
600	497847	616120	0	head_stop	0.00	0
601	498292	616546	0	ShowTarget	0.00	1
602	500583	618746	0	MoveTarget	0.00	1
603	500604	618766	0	ShowTarget	0.00	1
604	501146	619286	0	head_turned	0.00	0
605	501438	619566	0	head_stop	0.00	0
606	503278	621333	0	ShowTarget	0.00	1
607	507660	625540	0	MoveTarget	0.00	1
608	507674	625553	0	ShowTarget	0.00	1
609	508542	626386	0	head_turned	0.00	0
610	509056	626880	0	head_stop	0.00	0
611	509987	627773	0	ShowTarget	0.00	1
612	512237	629933	0	MoveTarget	0.00	1
613	512258	629953	0	ShowTarget	0.00	1
614	512758	630433	0	head_turned	0.00	0
615	513174	630833	0	head_stop	0.00	0
616	513758	631393	0	ShowTarget	0.00	1
617	515855	633406	0	MoveTarget	0.00	1
618	515869	633419	0	ShowTarget	0.00	1
619	516709	634226	0	head_turned	0.00	0
620	516973	634480	0	head_stop	0.00	0
621	517752	635227	0	ShowTarget	0.00	1
622	519661	637059	0	MoveTarget	0.00	1
623	519675	637073	0	ShowTarget	0.00	1
624	520196	637573	0	head_turned	0.00	0
625	520487	637852	0	head_stop	0.00	0
626	521626	638946	0	ShowTarget	0.00	1
627	524119	641339	0	MoveTarget	0.00	1
628	524133	641353	0	ShowTarget	0.00	1
629	524613	641813	0	head_turned	0.00	0
630	525015	642199	0	head_stop	0.00	0
631	525585	642746	0	ShowTarget	0.00	1
632	527627	644706	0	MoveTarget	0.00	1
633	527641	644719	0	ShowTarget	0.00	1
634	528460	645506	0	head_turned	0.00	0
635	528765	645799	0	head_stop	0.00	0
636	529897	646886	0	ShowTarget	0.00	1
637	532016	648919	0	MoveTarget	0.00	1
638	532029	648932	0	ShowTarget	0.00	1
639	532974	649839	0	head_turned	0.00	0
640	533307	650159	0	head_stop	0.00	0
641	534030	650852	0	ShowTarget	0.00	1
642	536697	653413	0	MoveTarget	0.00	1
643	536710	653426	0	ShowTarget	0.00	1
644	537613	654292	0	head_turned	0.00	0
645	537913	654580	0	head_stop	0.00	0
646	538842	655473	0	ShowTarget	0.00	1
647	540836	657386	0	MoveTarget	0.00	1
648	540857	657407	0	ShowTarget	0.00	1
649	541634	658152	0	head_turned	0.00	0
650	541947	658452	0	head_stop	0.00	0
651	542871	659339	0	ShowTarget	0.00	1
652	544968	661352	0	MoveTarget	0.00	1
653	544982	661366	0	ShowTarget	0.00	1
654	545551	661912	0	head_turned	0.00	0
655	545745	662099	0	head_stop	0.00	0
656	546600	662919	0	ShowTarget	0.00	1
657	548801	665032	0	MoveTarget	0.00	1
658	548815	665046	0	ShowTarget	0.00	1
659	549378	665586	0	head_turned	0.00	0
660	549733	665926	0	head_stop	0.00	0
661	550504	666666	0	ShowTarget	0.00	1
662	552399	668486	0	MoveTarget	0.00	1
663	552413	668499	0	ShowTarget	0.00	1
664	553065	669125	0	head_turned	0.00	0
665	553344	669392	0	head_stop	0.00	0
666	554413	670419	0	ShowTarget	0.00	1
667	556851	672759	0	MoveTarget	0.00	1
668	556864	672772	0	ShowTarget	0.00	1
669	557351	673239	0	head_turned	0.00	0
670	557816	673686	0	head_stop	0.00	0
671	558239	674092	0	ShowTarget	0.00	1
672	561046	676786	0	MoveTarget	0.00	1
673	561066	676805	0	ShowTarget	0.00	1
674	561892	677599	0	head_turned	0.00	0
675	562212	677906	0	head_stop	0.00	0
676	563594	679232	0	ShowTarget	0.00	1
677	566559	682079	0	MoveTarget	0.00	1
678	566580	682099	0	ShowTarget	0.00	1
679	567205	682699	0	head_turned	0.00	0
680	567601	683079	0	head_stop	0.00	0
681	568275	683726	0	ShowTarget	0.00	1
682	570823	686172	0	MoveTarget	0.00	1
683	570844	686192	0	ShowTarget	0.00	1
684	571435	686759	0	head_turned	0.00	0
685	571719	687032	0	head_stop	0.00	0
686	572469	687752	0	ShowTarget	0.00	1
687	575282	690452	0	MoveTarget	0.00	1
688	575296	690465	0	ShowTarget	0.00	1
689	575893	691039	0	head_turned	0.00	0
690	576206	691338	0	head_stop	0.00	0
691	577018	692119	0	ShowTarget	0.00	1
692	579789	694779	0	MoveTarget	0.00	1
693	579803	694792	0	ShowTarget	0.00	1
694	580567	695525	0	head_turned	0.00	0
695	580873	695819	0	head_stop	0.00	0
696	581956	696859	0	ShowTarget	0.00	1
697	584380	699185	0	MoveTarget	0.00	1
698	584394	699199	0	ShowTarget	0.00	1
699	584915	699699	0	head_turned	0.00	0
700	585415	700178	0	head_stop	0.00	0
701	586227	700959	0	ShowTarget	0.00	1
702	588116	702772	0	MoveTarget	0.00	1
703	588137	702792	0	ShowTarget	0.00	1
704	589005	703625	0	head_turned	0.00	0
705	589276	703885	0	head_stop	0.00	0
706	590173	704746	0	ShowTarget	0.00	1
707	592436	706918	0	MoveTarget	0.00	1
708	592450	706932	0	ShowTarget	0.00	1
709	592950	707412	0	head_turned	0.00	0
710	593325	707772	0	head_stop	0.00	0
711	594020	708439	0	ShowTarget	0.00	1
712	596576	710892	0	MoveTarget	0.00	1
713	596589	710905	0	ShowTarget	0.00	1
714	597269	711558	0	head_turned	0.00	0
715	597582	711858	0	head_stop	0.00	0
716	598326	712572	0	ShowTarget	0.00	1
717	600937	715079	0	MoveTarget	0.00	1
718	600957	715098	0	ShowTarget	0.00	1
719	601436	715558	0	head_turned	0.00	0
720	601804	715912	0	head_stop	0.00	0
721	602436	716518	0	ShowTarget	0.00	1
722	604346	718352	0	MoveTarget	0.00	1
723	604361	718365	0	ShowTarget	0.00	1
724	604930	718912	0	head_turned	0.00	0
725	605214	719185	0	head_stop	0.00	0
726	606527	720445	0	ShowTarget	0.00	1
727	609159	722972	0	MoveTarget	0.00	1
728	609180	722991	0	ShowTarget	0.00	1
729	610090	723865	0	head_turned	0.00	0
730	610402	724165	0	head_stop	0.00	0
731	612118	725812	0	ShowTarget	0.00	1
732	615048	728625	0	MoveTarget	0.00	1
733	615069	728645	0	ShowTarget	0.00	1
734	615771	729318	0	head_turned	0.00	0
735	616104	729638	0	head_stop	0.00	0
736	616737	730245	0	ShowTarget	0.00	1
737	619361	732765	0	MoveTarget	0.00	1
738	619375	732778	0	ShowTarget	0.00	1
739	620305	733671	0	head_turned	0.00	0
740	620785	734132	0	head_stop	0.00	0
741	621230	734559	0	ShowTarget	0.00	1
742	623299	736545	0	MoveTarget	0.00	1
743	623313	736558	0	ShowTarget	0.00	1
744	623799	737025	0	head_turned	0.00	0
745	624104	737318	0	head_stop	0.00	0
746	624792	737978	0	ShowTarget	0.00	1
747	627493	740571	0	MoveTarget	0.00	1
748	627515	740592	0	ShowTarget	0.00	1
749	627980	741038	0	head_turned	0.00	0
750	628320	741365	0	head_stop	0.00	0
751	629022	742039	0	ShowTarget	0.00	1
752	630938	743878	0	MoveTarget	0.00	1
753	630953	743892	0	ShowTarget	0.00	1
754	631667	744578	0	head_turned	0.00	0
755	631994	744889	0	head_stop	0.00	0
756	632661	745532	0	ShowTarget	0.00	1
757	634522	747318	0	MoveTarget	0.00	1
758	634536	747331	0	ShowTarget	0.00	1
759	635258	748024	0	head_turned	0.00	0
760	635695	748445	0	head_stop	0.00	0
761	636272	748998	0	ShowTarget	0.00	1
762	638133	750785	0	MoveTarget	0.00	1
763	638154	750804	0	ShowTarget	0.00	1
764	638841	751464	0	head_turned	0.00	0
765	639154	751765	0	head_stop	0.00	0
766	639808	752392	0	ShowTarget	0.00	1
767	641883	754385	0	MoveTarget	0.00	1
768	641897	754398	0	ShowTarget	0.00	1
769	643300	755744	0	head_turned	0.00	0
770	643633	756064	0	head_stop	0.00	0
771	644211	756619	0	ShowTarget	0.00	1
772	646474	758791	0	MoveTarget	0.00	1
773	646488	758804	0	ShowTarget	0.00	1
774	646897	759198	0	head_turned	0.00	0
775	647217	759504	0	head_stop	0.00	0
776	647925	760184	0	ShowTarget	0.00	1
777	649682	761871	0	MoveTarget	0.00	1
778	649696	761884	0	ShowTarget	0.00	1
779	650196	762364	0	head_turned	0.00	0
780	650516	762671	0	head_stop	0.00	0
781	651072	763205	0	ShowTarget	0.00	1
782	653439	765478	0	MoveTarget	0.00	1
783	653453	765491	0	ShowTarget	0.00	1
784	653905	765924	0	head_turned	0.00	0
785	654238	766244	0	head_stop	0.00	0
786	654787	766771	0	ShowTarget	0.00	1
787	656627	768538	0	MoveTarget	0.00	1
788	656649	768558	0	ShowTarget	0.00	1
789	657142	769031	0	head_turned	0.00	0
790	657467	769344	0	head_stop	0.00	0
791	657967	769824	0	ShowTarget	0.00	1
792	660683	772431	0	MoveTarget	0.00	1
793	660704	772451	0	ShowTarget	0.00	1
794	661217	772944	0	head_turned	0.00	0
795	661475	773191	0	head_stop	0.00	0
796	661961	773658	0	ShowTarget	0.00	1
797	664225	775831	0	MoveTarget	0.00	1
798	664238	775844	0	ShowTarget	0.00	1
799	664815	776397	0	head_turned	0.00	0
800	665169	776737	0	head_stop	0.00	0
801	665893	777432	0	ShowTarget	0.00	1
802	667843	779305	0	MoveTarget	0.00	1
803	667858	779318	0	ShowTarget	0.00	1
804	668468	779904	0	head_turned	0.00	0
805	668760	780184	0	head_stop	0.00	0
806	669316	780718	0	ShowTarget	0.00	1
807	671746	783051	0	MoveTarget	0.00	1
808	671767	783071	0	ShowTarget	0.00	1
809	675774	786917	0	head_turned	0.00	0
810	676086	787217	0	head_stop	0.00	0
811	676913	788011	0	ShowTarget	0.00	1
812	679489	790484	0	MoveTarget	0.00	1
813	679503	790497	0	ShowTarget	0.00	1
814	679941	790917	0	head_turned	0.00	0
815	680253	791217	0	head_stop	0.00	0
816	680774	791717	0	ShowTarget	0.00	1
817	683386	794224	0	MoveTarget	0.00	1
818	683399	794237	0	ShowTarget	0.00	1
819	683962	794777	0	head_turned	0.00	0
820	684295	795097	0	head_stop	0.00	0
821	684740	795524	0	ShowTarget	0.00	1
822	686573	797284	0	MoveTarget	0.00	1
823	686594	797304	0	ShowTarget	0.00	1
824	687511	798184	0	head_turned	0.00	0
825	687817	798477	0	head_stop	0.00	0
826	688532	799164	0	ShowTarget	0.00	1
827	691282	801804	0	MoveTarget	0.00	1
828	691296	801817	0	ShowTarget	0.00	1
829	691810	802310	0	head_turned	0.00	0
830	692150	802637	0	head_stop	0.00	0
831	692643	803111	0	ShowTarget	0.00	1
832	695331	805691	0	MoveTarget	0.00	1
833	695345	805703	0	ShowTarget	0.00	1
834	695803	806144	0	head_turned	0.00	0
835	696164	806490	0	head_stop	0.00	0
836	696616	806924	0	ShowTarget	0.00	1
837	698504	808737	0	MoveTarget	0.00	1
838	698518	808750	0	ShowTarget	0.00	1
839	699560	809750	0	head_turned	0.00	0
840	699873	810050	0	head_stop	0.00	0
841	700560	810710	0	ShowTarget	0.00	1
842	703013	813065	0	MoveTarget	0.00	1
843	703025	813077	0	ShowTarget	0.00	1
844	703470	813504	0	head_turned	0.00	0
845	703768	813790	0	head_stop	0.00	0
846	704443	814437	0	ShowTarget	0.00	1
847	707269	817150	0	MoveTarget	0.00	1
848	707283	817164	0	ShowTarget	0.00	1
849	707721	817584	0	head_turned	0.00	0
850	708067	817917	0	head_stop	0.00	0
851	708804	818623	0	ShowTarget	0.00	1
852	711561	821270	0	MoveTarget	0.00	1
853	711576	821284	0	ShowTarget	0.00	1
854	712123	821810	0	head_turned	0.00	0
855	712499	822170	0	head_stop	0.00	0
856	713076	822725	0	ShowTarget	0.00	1
857	716040	825570	0	MoveTarget	0.00	1
858	716054	825584	0	ShowTarget	0.00	1
859	716666	826170	0	ErrorOccurred	0.00	1
860	718673	828097	0	ErrorReturn	0.00	1
861	724742	833923	0	MoveTarget	0.00	1
862	724763	833943	0	ShowTarget	0.00	1
863	725590	834737	0	head_turned	0.00	0
864	725964	835096	0	head_stop	0.00	0
865	726722	835824	0	ShowTarget	0.00	1
866	728652	837677	0	MoveTarget	0.00	1
867	728666	837690	0	ShowTarget	0.00	1
868	729194	838197	0	head_turned	0.00	0
869	729485	838477	0	head_stop	0.00	0
870	730215	839177	0	ShowTarget	0.00	1
871	732909	841763	0	MoveTarget	0.00	1
872	732923	841777	0	ShowTarget	0.00	1
873	733402	842237	0	head_turned	0.00	0
874	733715	842537	0	head_stop	0.00	0
875	734250	843050	0	ShowTarget	0.00	1
876	736722	845423	0	MoveTarget	0.00	1
877	736743	845443	0	ShowTarget	0.00	1
878	737167	845850	0	head_turned	0.00	0
879	737472	846143	0	head_stop	0.00	0
880	738000	846650	0	ShowTarget	0.00	1
881	739765	848344	0	MoveTarget	0.00	1
882	739778	848356	0	ShowTarget	0.00	1
883	740375	848930	0	head_turned	0.00	0
884	740722	849263	0	head_stop	0.00	0
885	741223	849744	0	ShowTarget	0.00	1
886	743306	851743	0	MoveTarget	0.00	1
887	743320	851756	0	ShowTarget	0.00	1
888	743868	852283	0	head_turned	0.00	0
889	744195	852597	0	head_stop	0.00	0
890	744681	853063	0	ShowTarget	0.00	1
891	746848	855143	0	MoveTarget	0.00	1
892	746861	855156	0	ShowTarget	0.00	1
893	747764	856023	0	head_turned	0.00	0
894	748070	856316	0	head_stop	0.00	0
895	748660	856883	0	ShowTarget	0.00	1
896	751327	859443	0	MoveTarget	0.00	1
897	751341	859456	0	ShowTarget	0.00	1
898	751897	859990	0	head_turned	0.00	0
899	752160	860243	0	head_stop	0.00	0
900	752960	861011	0	ShowTarget	0.00	1
901	755667	863610	0	MoveTarget	0.00	1
902	755681	863623	0	ShowTarget	0.00	1
903	756702	864603	0	head_turned	0.00	0
904	756994	864883	0	head_stop	0.00	0
905	757765	865623	0	ShowTarget	0.00	1
906	760265	868023	0	MoveTarget	0.00	1
907	760279	868036	0	ShowTarget	0.00	1
908	760807	868543	0	head_turned	0.00	0
909	761105	868829	0	head_stop	0.00	0
910	761961	869651	0	ShowTarget	0.00	1

