Using_curved_screen True Player_screen_cm 93 Screen_width_cm 121 Camera1_display 0 Camera2_display 1 CameraFOVFactor 2 GazeTime 1.5 RandomGazeTime 0.5 HideTime 0.2 SpeedThreshold 180 StopWinodow 0.03 TargetChangeTime 1 TargetChangeTimeRRange 0 UseAcuityIndicator True AcuityMode 1 AcuityFlashTime 0.08 AcuityChangeNumber 10 AcuityChangeUpPerc 0.8 AcuityChangeDownPerc 0.5 ACuityList 90 StopSpeed 10.00 PostDelayList 0 PostDelayNumber 5 PostDelayUpC 0.50 PostDelayLoC 0.60 PostDelayConvNum 1 PostDelayRepeatNum 2 PostDelayASOffset 0 DynaDelayRepeatNum 9 
Line_#	Time_Stamp	Simulink_Sample	Trail_#	Action	Degree	Direction
9	1531447	-1	GameMode StaticAcuity HideFlag True JumpFlag False ShowTargetFlag True HeadIndicatorChange False SkipCenterFlag True HideHeadIndicator True Gain 1 UsingAcuityAfter False UsingAcuityBefore False UsingAcuityWaitTime True AcuitySize 8 UsingAcuityChange True CurrAcuityChangeMode acuity_list UsingPostDelay False PostDelayMode random PostDelayInit 0.00 PostDelayIMax 0.00 ADUsingStaticData False UsingPresetSD False StaticDataSize 0 StaticDataMLH 0.000 UsingDynamicDelay False DynamicDelayMode fix_amount DynaDelayInit 0.000 DynaDelayMax 0.000 DynaDelayInter 0.000 	
3	582	1531998	0	ReSet	0.00	0
4	590	1532005	0	ShowTarget	0.00	0
5	2111	1533466	0	MoveTarget	0.00	1
6	2132	1533485	0	ShowTarget	0.00	1
7	2346	1533692	0	TargetHided	0.00	1
8	2348	1533693	0	ChangeTargetWaitTime	0.00	1
9	3814	1535100	0	ShowTarget	0.00	1
10	5604	1536818	0	MoveTarget	0.00	1
11	5617	1536831	0	ShowTarget	0.00	1
12	5840	1537045	0	TargetHided	0.00	1
13	5840	1537045	0	ChangeTargetWaitTime	0.00	1
14	7208	1538359	0	ShowTarget	0.00	1
15	9229	1540298	0	MoveTarget	0.00	1
16	9242	1540311	0	ShowTarget	0.00	1
17	9444	1540505	0	TargetHided	0.00	1
18	9444	1540505	0	ChangeTargetWaitTime	0.00	1
19	10771	1541778	0	ShowTarget	0.00	1
20	12159	1543111	0	MoveTarget	0.00	1
21	12173	1543125	0	ShowTarget	0.00	1
22	12396	1543338	0	TargetHided	0.00	1
23	12396	1543338	0	ChangeTargetWaitTime	0.00	1
24	13708	1544598	0	ShowTarget	0.00	1
25	15201	1546031	0	MoveTarget	0.00	1
26	15215	1546045	0	ShowTarget	0.00	1
27	15417	1546239	0	TargetHided	0.00	1
28	15417	1546239	0	ChangeTargetWaitTime	0.00	1
29	16716	1547485	0	ShowTarget	0.00	1
30	17827	1548552	0	MoveTarget	0.00	1
31	17841	1548565	0	ShowTarget	0.00	1
32	18050	1548766	0	TargetHided	0.00	1
33	18050	1548766	0	ChangeTargetWaitTime	0.00	1
34	19287	1549953	0	ShowTarget	0.00	1
35	20667	1551278	0	MoveTarget	0.00	1
36	20681	1551291	0	ShowTarget	0.00	1
37	20889	1551491	0	TargetHided	0.00	1
38	20889	1551491	0	ChangeTargetWaitTime	0.00	1
39	22167	1552718	0	ShowTarget	0.00	1
40	23604	1554097	0	MoveTarget	0.00	1
41	23618	1554111	0	ShowTarget	0.00	1
42	23841	1554324	0	TargetHided	0.00	1
43	23841	1554324	0	ChangeTargetWaitTime	0.00	1
44	25243	1555671	0	ShowTarget	0.00	1
45	27160	1557511	0	MoveTarget	0.00	1
46	27182	1557532	0	ShowTarget	0.00	1
47	27389	1557731	0	TargetHided	0.00	1
48	27390	1557731	0	ChangeTargetWaitTime	0.00	1
49	28612	1558905	0	ShowTarget	0.00	1
50	30126	1560358	0	MoveTarget	0.00	1
51	30147	1560378	0	ShowTarget	0.00	1
52	30355	1560578	0	TargetHided	0.00	1
53	30355	1560578	0	ChangeTargetWaitTime	0.00	1
54	31605	1561778	0	ShowTarget	0.00	1
55	32710	1562838	0	MoveTarget	0.00	1
56	32730	1562858	0	ShowTarget	0.00	1
57	32938	1563058	0	TargetHided	0.00	1
58	32938	1563058	0	ChangeTargetWaitTime	0.00	1
59	34056	1564131	0	ShowTarget	0.00	1
60	35140	1565171	0	MoveTarget	0.00	1
61	35161	1565191	0	ShowTarget	0.00	1
62	35369	1565391	0	TargetHided	0.00	1
63	35369	1565391	0	ChangeTargetWaitTime	0.00	1
64	36501	1566478	0	ShowTarget	0.00	1
65	37703	1567631	0	MoveTarget	0.00	1
66	37716	1567644	0	ShowTarget	0.00	1
67	37925	1567845	0	TargetHided	0.00	1
68	37925	1567845	0	ChangeTargetWaitTime	0.00	1
69	39078	1568952	0	ShowTarget	0.00	1
70	41029	1570824	0	MoveTarget	0.00	1
71	41050	1570844	0	ShowTarget	0.00	1
72	41258	1571044	0	TargetHided	0.00	1
73	41258	1571044	0	ChangeTargetWaitTime	0.00	1
74	42502	1572238	0	ShowTarget	0.00	1
75	43606	1573298	0	MoveTarget	0.00	1
76	43619	1573311	0	ShowTarget	0.00	1
77	43842	1573524	0	TargetHided	0.00	1
78	43842	1573524	0	ChangeTargetWaitTime	0.00	1
79	44981	1574618	0	ShowTarget	0.00	1
80	46488	1576064	0	MoveTarget	0.00	1
81	46502	1576078	0	ShowTarget	0.00	1
82	46710	1576278	0	TargetHided	0.00	1
83	46710	1576278	0	ChangeTargetWaitTime	0.00	1
84	48023	1577537	0	ShowTarget	0.00	1
85	49502	1578954	0	MoveTarget	0.00	1
86	49523	1578977	0	ShowTarget	0.00	1
87	49731	1579177	0	TargetHided	0.00	1
88	49731	1579177	0	ChangeTargetWaitTime	0.00	1
89	50960	1580357	0	ShowTarget	0.00	1
90	52162	1581511	0	MoveTarget	0.00	1
91	52175	1581524	0	ShowTarget	0.00	1
92	52398	1581737	0	TargetHided	0.00	1
93	52398	1581737	0	ChangeTargetWaitTime	0.00	1
94	53655	1582944	0	ShowTarget	0.00	1
95	54835	1584077	0	MoveTarget	0.00	1
96	54849	1584091	0	ShowTarget	0.00	1
97	55058	1584291	0	TargetHided	0.00	1
98	55059	1584291	0	ChangeTargetWaitTime	0.00	1
99	56308	1585491	0	ShowTarget	0.00	1
100	58287	1587390	0	MoveTarget	0.00	1
101	58301	1587404	0	ShowTarget	0.00	1
102	58510	1587604	0	TargetHided	0.00	1
103	58510	1587604	0	ChangeTargetWaitTime	0.00	1
104	59753	1588798	0	ShowTarget	0.00	1
105	61600	1590571	0	MoveTarget	0.00	1
106	61614	1590584	0	ShowTarget	0.00	1
107	61836	1590798	0	TargetHided	0.00	1
108	61836	1590798	0	ChangeTargetWaitTime	0.00	1
109	63052	1591964	0	ShowTarget	0.00	1
110	65031	1593864	0	MoveTarget	0.00	1
111	65052	1593884	0	ShowTarget	0.00	1
112	65260	1594084	0	TargetHided	0.00	1
113	65260	1594084	0	ChangeTargetWaitTime	0.00	1
114	66477	1595252	0	ShowTarget	0.00	1
115	67948	1596664	0	MoveTarget	0.00	1
116	67961	1596677	0	ShowTarget	0.00	1
117	68171	1596878	0	TargetHided	0.00	1
118	68171	1596878	0	ChangeTargetWaitTime	0.00	1
119	69420	1598077	0	ShowTarget	0.00	1
120	70698	1599304	0	MoveTarget	0.00	1
121	70711	1599317	0	ShowTarget	0.00	1
122	70920	1599517	0	TargetHided	0.00	1
123	70920	1599517	0	ChangeTargetWaitTime	0.00	1
124	72177	1600724	0	ShowTarget	0.00	1
125	73767	1602250	0	MoveTarget	0.00	1
126	73788	1602271	0	ShowTarget	0.00	1
127	73996	1602470	0	TargetHided	0.00	1
128	73996	1602470	0	ChangeTargetWaitTime	0.00	1
129	75087	1603518	0	ShowTarget	0.00	1
130	76857	1605217	0	MoveTarget	0.00	1
131	76878	1605237	0	ShowTarget	0.00	1
132	77087	1605437	0	TargetHided	0.00	1
133	77087	1605437	0	ChangeTargetWaitTime	0.00	1
134	78337	1606637	0	ShowTarget	0.00	1
135	79642	1607890	0	MoveTarget	0.00	1
136	79656	1607904	0	ShowTarget	0.00	1
137	79879	1608117	0	TargetHided	0.00	1
138	79879	1608117	0	ChangeTargetWaitTime	0.00	1
139	81059	1609250	0	ShowTarget	0.00	1
140	82136	1610284	0	MoveTarget	0.00	1
141	82150	1610297	0	ShowTarget	0.00	1
142	82351	1610491	0	TargetHided	0.00	1
143	82352	1610491	0	ChangeTargetWaitTime	0.00	1
144	83554	1611645	0	ShowTarget	0.00	1
145	85310	1613331	0	MoveTarget	0.00	1
146	85323	1613344	0	ShowTarget	0.00	1
147	85532	1613544	0	TargetHided	0.00	1
148	85532	1613544	0	ChangeTargetWaitTime	0.00	1
149	86685	1614651	0	ShowTarget	0.00	1
150	88025	1615937	0	MoveTarget	0.00	1
151	88039	1615950	0	ShowTarget	0.00	1
152	88247	1616151	0	TargetHided	0.00	1
153	88247	1616151	0	ChangeTargetWaitTime	0.00	1
154	89532	1617384	0	ShowTarget	0.00	1
155	90581	1618390	0	MoveTarget	0.00	1
156	90595	1618404	0	ShowTarget	0.00	1
157	90817	1618617	0	TargetHided	0.00	1
158	90817	1618617	0	ChangeTargetWaitTime	0.00	1
159	92109	1619857	0	ShowTarget	0.00	1
160	93921	1621597	0	MoveTarget	0.00	1
161	93935	1621610	0	ShowTarget	0.00	1
162	94143	1621810	0	TargetHided	0.00	1
163	94144	1621810	0	ChangeTargetWaitTime	0.00	1
164	95367	1622985	0	ShowTarget	0.00	1
165	96435	1624010	0	MoveTarget	0.00	1
166	96456	1624031	0	ShowTarget	0.00	1
167	96671	1624237	0	TargetHided	0.00	1
168	96671	1624237	0	ChangeTargetWaitTime	0.00	1
169	97970	1625483	0	ShowTarget	0.00	1
170	99741	1627184	0	MoveTarget	0.00	1
171	99762	1627204	0	ShowTarget	0.00	1
172	99970	1627404	0	TargetHided	0.00	1
173	99970	1627404	0	ChangeTargetWaitTime	0.00	1
174	101255	1628637	0	ShowTarget	0.00	1
175	102595	1629923	0	MoveTarget	0.00	1
176	102609	1629937	0	ShowTarget	0.00	1
177	102817	1630137	0	TargetHided	0.00	1
178	102817	1630137	0	ChangeTargetWaitTime	0.00	1
179	104054	1631324	0	ShowTarget	0.00	1
180	105574	1632783	0	MoveTarget	0.00	1
181	105596	1632804	0	ShowTarget	0.00	1
182	105811	1633010	0	TargetHided	0.00	1
183	105811	1633011	0	ChangeTargetWaitTime	0.00	1
184	106991	1634144	0	ShowTarget	0.00	1
185	108249	1635350	0	MoveTarget	0.00	1
186	108269	1635370	0	ShowTarget	0.00	1
187	108485	1635577	0	TargetHided	0.00	1
188	108485	1635577	0	ChangeTargetWaitTime	0.00	1
189	109547	1636597	0	ShowTarget	0.00	1
190	111069	1638057	0	MoveTarget	0.00	1
191	111082	1638070	0	ShowTarget	0.00	1
192	111290	1638270	0	TargetHided	0.00	1
193	111290	1638270	0	ChangeTargetWaitTime	0.00	1
194	112555	1639484	0	ShowTarget	0.00	1
195	114541	1641390	0	MoveTarget	0.00	1
196	114554	1641403	0	ShowTarget	0.00	1
197	114763	1641604	0	TargetHided	0.00	1
198	114763	1641604	0	ChangeTargetWaitTime	0.00	1
199	116027	1642817	0	ShowTarget	0.00	1
200	117263	1644003	0	MoveTarget	0.00	1
201	117277	1644017	0	ShowTarget	0.00	1
202	117499	1644230	0	TargetHided	0.00	1
203	117499	1644230	0	ChangeTargetWaitTime	0.00	1
204	118763	1645443	0	ShowTarget	0.00	1
205	120395	1647010	0	MoveTarget	0.00	1
206	120409	1647024	0	ShowTarget	0.00	1
207	120617	1647223	0	TargetHided	0.00	1
208	120617	1647224	0	ChangeTargetWaitTime	0.00	1
209	121881	1648437	0	ShowTarget	0.00	1
210	123013	1649524	0	MoveTarget	0.00	1
211	123027	1649537	0	ShowTarget	0.00	1
212	123235	1649736	0	TargetHided	0.00	1
213	123235	1649736	0	ChangeTargetWaitTime	0.00	1
214	124520	1650970	0	ShowTarget	0.00	1
215	125958	1652350	0	MoveTarget	0.00	1
216	125979	1652370	0	ShowTarget	0.00	1
217	126194	1652577	0	TargetHided	0.00	1
218	126194	1652577	0	ChangeTargetWaitTime	0.00	1
219	127416	1653750	0	ShowTarget	0.00	1
220	128798	1655077	0	MoveTarget	0.00	1
221	128819	1655096	0	ShowTarget	0.00	1
222	129028	1655297	0	TargetHided	0.00	1
223	129028	1655297	0	ChangeTargetWaitTime	0.00	1
224	130201	1656423	0	ShowTarget	0.00	1
225	131673	1657837	0	MoveTarget	0.00	1
226	131694	1657857	0	ShowTarget	0.00	1
227	131910	1658063	0	TargetHided	0.00	1
228	131910	1658063	0	ChangeTargetWaitTime	0.00	1
229	133125	1659230	0	ShowTarget	0.00	1
230	135049	1661076	0	MoveTarget	0.00	1
231	135062	1661090	0	ShowTarget	0.00	1
232	135285	1661303	0	TargetHided	0.00	1
233	135285	1661303	0	ChangeTargetWaitTime	0.00	1
234	136403	1662377	0	ShowTarget	0.00	1
235	137459	1663391	0	MoveTarget	0.00	1
236	137472	1663403	0	ShowTarget	0.00	1
237	137674	1663597	0	TargetHided	0.00	1
238	137674	1663597	0	ChangeTargetWaitTime	0.00	1
239	138904	1664778	0	ShowTarget	0.00	1
240	140021	1665850	0	MoveTarget	0.00	1
241	140035	1665863	0	ShowTarget	0.00	1
242	140257	1666077	0	TargetHided	0.00	1
243	140257	1666077	0	ChangeTargetWaitTime	0.00	1
244	141493	1667263	0	ShowTarget	0.00	1
245	143272	1668970	0	MoveTarget	0.00	1
246	143285	1668983	0	ShowTarget	0.00	1
247	143487	1669177	0	TargetHided	0.00	1
248	143487	1669177	0	ChangeTargetWaitTime	0.00	1
249	144751	1670390	0	ShowTarget	0.00	1
250	146584	1672150	0	MoveTarget	0.00	1
251	146605	1672169	0	ShowTarget	0.00	1
252	146820	1672376	0	TargetHided	0.00	1
253	146820	1672376	0	ChangeTargetWaitTime	0.00	1
254	148077	1673583	0	ShowTarget	0.00	1
255	149702	1675143	0	MoveTarget	0.00	1
256	149716	1675156	0	ShowTarget	0.00	1
257	149924	1675356	0	TargetHided	0.00	1
258	149924	1675356	0	ChangeTargetWaitTime	0.00	1
259	151084	1676469	0	ShowTarget	0.00	1
260	152216	1677556	0	MoveTarget	0.00	1
261	152230	1677569	0	ShowTarget	0.00	1
262	152452	1677783	0	TargetHided	0.00	1
263	152453	1677783	0	ChangeTargetWaitTime	0.00	1
264	153731	1679011	0	ShowTarget	0.00	1
265	155738	1680937	0	MoveTarget	0.00	1
266	155758	1680956	0	ShowTarget	0.00	1
267	155967	1681157	0	TargetHided	0.00	1
268	155967	1681157	0	ChangeTargetWaitTime	0.00	1
269	157210	1682350	0	ShowTarget	0.00	1
270	158890	1683963	0	MoveTarget	0.00	1
271	158904	1683976	0	ShowTarget	0.00	1
272	159112	1684176	0	TargetHided	0.00	1
273	159113	1684176	0	ChangeTargetWaitTime	0.00	1
274	160342	1685356	0	ShowTarget	0.00	1
275	162335	1687270	0	MoveTarget	0.00	1
276	162356	1687289	0	ShowTarget	0.00	1
277	162564	1687490	0	TargetHided	0.00	1
278	162564	1687490	0	ChangeTargetWaitTime	0.00	1
279	163814	1688690	0	ShowTarget	0.00	1
280	165787	1690581	0	MoveTarget	0.00	1
281	165800	1690596	0	ShowTarget	0.00	1
282	166023	1690809	0	TargetHided	0.00	1
283	166023	1690810	0	ChangeTargetWaitTime	0.00	1
284	167210	1691949	0	ShowTarget	0.00	1
285	168453	1693143	0	MoveTarget	0.00	1
286	168467	1693156	0	ShowTarget	0.00	1
287	168675	1693356	0	TargetHided	0.00	1
288	168675	1693356	0	ChangeTargetWaitTime	0.00	1
289	169835	1694470	0	ShowTarget	0.00	1
290	171086	1695670	0	MoveTarget	0.00	1
291	171099	1695683	0	ShowTarget	0.00	1
292	171322	1695896	0	TargetHided	0.00	1
293	171322	1695896	0	ChangeTargetWaitTime	0.00	1
294	172392	1696923	0	ShowTarget	0.00	1
295	173621	1698103	0	MoveTarget	0.00	1
296	173634	1698116	0	ShowTarget	0.00	1
297	173836	1698309	0	TargetHided	0.00	1
298	173836	1698309	0	ChangeTargetWaitTime	0.00	1
299	174996	1699423	0	ShowTarget	0.00	1
300	176481	1700849	0	MoveTarget	0.00	1
301	176502	1700869	0	ShowTarget	0.00	1
302	176718	1701076	0	TargetHided	0.00	1
303	176718	1701076	0	ChangeTargetWaitTime	0.00	1
304	177851	1702164	0	ShowTarget	0.00	1
305	179149	1703410	0	MoveTarget	0.00	1
306	179162	1703423	0	ShowTarget	0.00	1
307	179385	1703636	0	TargetHided	0.00	1
308	179385	1703636	0	ChangeTargetWaitTime	0.00	1
309	180475	1704683	0	ShowTarget	0.00	1
310	181558	1705723	0	MoveTarget	0.00	1
311	181572	1705736	0	ShowTarget	0.00	1
312	181774	1705929	0	TargetHided	0.00	1
313	181774	1705929	0	ChangeTargetWaitTime	0.00	1
314	182982	1707089	0	ShowTarget	0.00	1
315	184864	1708896	0	MoveTarget	0.00	1
316	184878	1708909	0	ShowTarget	0.00	1
317	185100	1709120	0	TargetHided	0.00	1
318	185100	1709120	0	ChangeTargetWaitTime	0.00	1
319	186219	1710196	0	ShowTarget	0.00	1
320	187871	1711783	0	MoveTarget	0.00	1
321	187885	1711796	0	ShowTarget	0.00	1
322	188093	1711996	0	TargetHided	0.00	1
323	188093	1711996	0	ChangeTargetWaitTime	0.00	1
324	189177	1713036	0	ShowTarget	0.00	1
325	190837	1714629	0	MoveTarget	0.00	1
326	190851	1714643	0	ShowTarget	0.00	1
327	191074	1714857	0	TargetHided	0.00	1
328	191074	1714857	0	ChangeTargetWaitTime	0.00	1
329	192128	1715869	0	ShowTarget	0.00	1
330	193820	1717493	0	MoveTarget	0.00	1
331	193837	1717509	0	ShowTarget	0.00	1
332	194040	1717704	0	TargetHided	0.00	1
333	194040	1717704	0	ChangeTargetWaitTime	0.00	1
334	195191	1718810	0	ShowTarget	0.00	1
335	197191	1720729	0	MoveTarget	0.00	1
336	197212	1720749	0	ShowTarget	0.00	1
337	197427	1720956	0	TargetHided	0.00	1
338	197427	1720956	0	ChangeTargetWaitTime	0.00	1
339	198567	1722050	0	ShowTarget	0.00	1
340	200407	1723816	0	MoveTarget	0.00	1
341	200428	1723836	0	ShowTarget	0.00	1
342	200642	1724042	0	TargetHided	0.00	1
343	200642	1724042	0	ChangeTargetWaitTime	0.00	1
344	201740	1725095	0	ShowTarget	0.00	1
345	203205	1726502	0	MoveTarget	0.00	1
346	203226	1726522	0	ShowTarget	0.00	1
347	203441	1726729	0	TargetHided	0.00	1
348	203441	1726729	0	ChangeTargetWaitTime	0.00	1
349	204560	1727802	0	ShowTarget	0.00	1
350	206372	1729543	0	MoveTarget	0.00	1
351	206386	1729556	0	ShowTarget	0.00	1
352	206608	1729769	0	TargetHided	0.00	1
353	206608	1729769	0	ChangeTargetWaitTime	0.00	1
354	207713	1730829	0	ShowTarget	0.00	1
355	208950	1732016	0	MoveTarget	0.00	1
356	208962	1732029	0	ShowTarget	0.00	1
357	209164	1732222	0	TargetHided	0.00	1
358	209164	1732222	0	ChangeTargetWaitTime	0.00	1
359	210449	1733456	0	ShowTarget	0.00	1
360	212261	1735195	0	MoveTarget	0.00	1
361	212276	1735209	0	ShowTarget	0.00	1
362	212498	1735422	0	TargetHided	0.00	1
363	212498	1735422	0	ChangeTargetWaitTime	0.00	1
364	213686	1736563	0	ShowTarget	0.00	1
365	214928	1737755	0	MoveTarget	0.00	1
366	214942	1737769	0	ShowTarget	0.00	1
367	215144	1737962	0	TargetHided	0.00	1
368	215144	1737962	0	ChangeTargetWaitTime	0.00	1
369	216401	1739170	0	ShowTarget	0.00	1
370	218026	1740729	0	MoveTarget	0.00	1
371	218047	1740749	0	ShowTarget	0.00	1
372	218262	1740955	0	TargetHided	0.00	1
373	218262	1740955	0	ChangeTargetWaitTime	0.00	1
374	219359	1742009	0	ShowTarget	0.00	1
375	220846	1743436	0	MoveTarget	0.00	1
376	220859	1743449	0	ShowTarget	0.00	1
377	221061	1743642	0	TargetHided	0.00	1
378	221061	1743642	0	ChangeTargetWaitTime	0.00	1
379	222165	1744702	0	ShowTarget	0.00	1
380	223755	1746228	0	MoveTarget	0.00	1
381	223776	1746249	0	ShowTarget	0.00	1
382	223984	1746448	0	TargetHided	0.00	1
383	223984	1746449	0	ChangeTargetWaitTime	0.00	1
384	225165	1747583	0	ShowTarget	0.00	1
385	227075	1749415	0	MoveTarget	0.00	1
386	227089	1749429	0	ShowTarget	0.00	1
387	227297	1749628	0	TargetHided	0.00	1
388	227297	1749628	0	ChangeTargetWaitTime	0.00	1
389	228561	1750842	0	ShowTarget	0.00	1
390	229867	1752095	0	MoveTarget	0.00	1
391	229880	1752108	0	ShowTarget	0.00	1
392	230089	1752309	0	TargetHided	0.00	1
393	230089	1752309	0	ChangeTargetWaitTime	0.00	1
394	231415	1753582	0	ShowTarget	0.00	1
395	233214	1755308	0	MoveTarget	0.00	1
396	233228	1755322	0	ShowTarget	0.00	1
397	233436	1755522	0	TargetHided	0.00	1
398	233436	1755522	0	ChangeTargetWaitTime	0.00	1
399	234582	1756622	0	ShowTarget	0.00	1
400	235687	1757682	0	MoveTarget	0.00	1
401	235700	1757695	0	ShowTarget	0.00	1
402	235922	1757908	0	TargetHided	0.00	1
403	235923	1757909	0	ChangeTargetWaitTime	0.00	1
404	237222	1759156	0	ShowTarget	0.00	1
405	238457	1760342	0	MoveTarget	0.00	1
406	238478	1760361	0	ShowTarget	0.00	1
407	238687	1760562	0	TargetHided	0.00	1
408	238687	1760562	0	ChangeTargetWaitTime	0.00	1
409	239895	1761722	0	ShowTarget	0.00	1
410	241610	1763368	0	MoveTarget	0.00	1
411	241624	1763382	0	ShowTarget	0.00	1
412	241833	1763582	0	TargetHided	0.00	1
413	241833	1763582	0	ChangeTargetWaitTime	0.00	1
414	243069	1764768	0	ShowTarget	0.00	1
415	244930	1766555	0	MoveTarget	0.00	1
416	244951	1766575	0	ShowTarget	0.00	1
417	245159	1766775	0	TargetHided	0.00	1
418	245159	1766775	0	ChangeTargetWaitTime	0.00	1
419	246409	1767975	0	ShowTarget	0.00	1
420	248292	1769782	0	MoveTarget	0.00	1
421	248305	1769795	0	ShowTarget	0.00	1
422	248514	1769995	0	TargetHided	0.00	1
423	248514	1769995	0	ChangeTargetWaitTime	0.00	1
424	249771	1771202	0	ShowTarget	0.00	1
425	251146	1772522	0	MoveTarget	0.00	1
426	251167	1772542	0	ShowTarget	0.00	1
427	251382	1772748	0	TargetHided	0.00	1
428	251382	1772748	0	ChangeTargetWaitTime	0.00	1
429	252604	1773922	0	ShowTarget	0.00	1
430	254403	1775648	0	MoveTarget	0.00	1
431	254423	1775668	0	ShowTarget	0.00	1
432	254639	1775875	0	TargetHided	0.00	1
433	254639	1775875	0	ChangeTargetWaitTime	0.00	1
434	255807	1776996	0	ShowTarget	0.00	1
435	257646	1778762	0	MoveTarget	0.00	1
436	257660	1778775	0	ShowTarget	0.00	1
437	257868	1778975	0	TargetHided	0.00	1
438	257868	1778975	0	ChangeTargetWaitTime	0.00	1
439	259139	1780195	0	ShowTarget	0.00	1
440	260243	1781255	0	MoveTarget	0.00	1
441	260264	1781275	0	ShowTarget	0.00	1
442	260479	1781481	0	TargetHided	0.00	1
443	260479	1781481	0	ChangeTargetWaitTime	0.00	1
444	261688	1782642	0	ShowTarget	0.00	1
445	263452	1784335	0	MoveTarget	0.00	1
446	263466	1784348	0	ShowTarget	0.00	1
447	263688	1784561	0	TargetHided	0.00	1
448	263688	1784561	0	ChangeTargetWaitTime	0.00	1
449	264882	1785708	0	ShowTarget	0.00	1
450	266542	1787301	0	MoveTarget	0.00	1
451	266556	1787315	0	ShowTarget	0.00	1
452	266764	1787515	0	TargetHided	0.00	1
453	266764	1787515	0	ChangeTargetWaitTime	0.00	1
454	267973	1788675	0	ShowTarget	0.00	1
269764	1790393	-1	GameMode DynamicAcuity HideFlag False JumpFlag False ShowTargetFlag True HeadIndicatorChange True SkipCenterFlag True HideHeadIndicator False Gain 1 UsingAcuityAfter False UsingAcuityBefore True UsingAcuityWaitTime False AcuitySize 8 UsingAcuityChange True CurrAcuityChangeMode acuity_list UsingPostDelay False PostDelayMode random PostDelayInit 0.00 PostDelayIMax 0.00 ADUsingStaticData False UsingPresetSD False StaticDataSize 0 StaticDataMLH 0.000 UsingDynamicDelay False DynamicDelayMode fix_amount DynaDelayInit 0.000 DynaDelayMax 0.000 DynaDelayInter 0.000 	
455	292065	1811801	0	ReSet	0.00	0
456	292072	1811808	0	ShowTarget	0.00	1
457	293905	1813568	0	MoveTarget	0.00	1
458	293926	1813588	0	ShowTarget	0.00	1
459	294642	1814274	0	ErrorOccurred	0.00	1
460	296649	1816201	0	ErrorReturn	0.00	1
461	297940	1817441	0	MoveTarget	0.00	1
462	297954	1817454	0	ShowTarget	0.00	1
463	298350	1817835	0	head_turned	0.00	0
464	298621	1818094	0	head_stop	0.00	0
465	299183	1818634	0	ShowTarget	0.00	1
466	301753	1821101	0	MoveTarget	0.00	1
467	301774	1821121	0	ShowTarget	0.00	1
468	302176	1821507	0	head_turned	0.00	0
469	302544	1821861	0	head_stop	0.00	0
470	302997	1822295	0	ShowTarget	0.00	1
471	305468	1824668	0	MoveTarget	0.00	1
472	305489	1824687	0	ShowTarget	0.00	1
473	306058	1825234	0	head_turned	0.00	0
474	306218	1825387	0	head_stop	0.00	0
475	306739	1825888	0	ShowTarget	0.00	1
476	309302	1828348	0	MoveTarget	0.00	1
477	309316	1828361	0	ShowTarget	0.00	1
478	309774	1828801	0	head_turned	0.00	0
479	310246	1829254	0	head_stop	0.00	0
480	310441	1829441	0	ShowTarget	0.00	1
481	312892	1831794	0	MoveTarget	0.00	1
482	312906	1831807	0	ShowTarget	0.00	1
483	314469	1833307	0	head_turned	0.00	0
484	315441	1834240	0	head_stop	0.00	0
485	315906	1834687	0	ShowTarget	0.00	1
486	317698	1836407	0	MoveTarget	0.00	1
487	317712	1836420	0	ShowTarget	0.00	1
488	318122	1836814	0	head_turned	0.00	0
489	318518	1837194	0	head_stop	0.00	0
490	319046	1837701	0	ShowTarget	0.00	1
491	321719	1840267	0	MoveTarget	0.00	1
492	321740	1840287	0	ShowTarget	0.00	1
493	322511	1841027	0	head_turned	0.00	0
494	323108	1841601	0	head_stop	0.00	0
495	323511	1841988	0	ShowTarget	0.00	1
496	325324	1843727	0	MoveTarget	0.00	1
497	325337	1843740	0	ShowTarget	0.00	1
498	326337	1844700	0	head_turned	0.00	0
499	326552	1844907	0	head_stop	0.00	0
500	327304	1845628	0	ShowTarget	0.00	1
501	329185	1847433	0	MoveTarget	0.00	1
502	329206	1847454	0	ShowTarget	0.00	1
503	329838	1848060	0	head_turned	0.00	0
504	330393	1848594	0	head_stop	0.00	0
505	330525	1848721	0	ShowTarget	0.00	1
506	332303	1850427	0	MoveTarget	0.00	1
507	332317	1850440	0	ShowTarget	0.00	1
508	333025	1851120	0	ErrorOccurred	0.00	1
509	335032	1853047	0	ErrorReturn	0.00	1
510	336143	1854114	0	MoveTarget	0.00	1
511	336158	1854127	0	ShowTarget	0.00	1
512	336595	1854547	0	head_turned	0.00	0
513	337685	1855594	0	head_stop	0.00	0
514	338026	1855921	0	ShowTarget	0.00	1
515	339783	1857607	0	MoveTarget	0.00	1
516	339796	1857620	0	ShowTarget	0.00	1
517	340332	1858135	0	head_turned	0.00	0
518	340734	1858521	0	head_stop	0.00	0
519	341054	1858827	0	ShowTarget	0.00	1
520	343255	1860941	0	MoveTarget	0.00	1
521	343276	1860960	0	ShowTarget	0.00	1
522	343811	1861474	0	ErrorOccurred	0.00	1
523	345825	1863407	0	ErrorReturn	0.00	1
524	348423	1865901	0	MoveTarget	0.00	1
525	348436	1865913	0	ShowTarget	0.00	1
526	348915	1866374	0	ErrorOccurred	0.00	1
527	350930	1868307	0	ErrorReturn	0.00	1
528	352603	1869913	0	MoveTarget	0.00	1
529	352617	1869927	0	ShowTarget	0.00	1
530	353144	1870433	0	head_turned	0.00	0
531	354139	1871388	0	head_stop	0.00	0
532	354451	1871687	0	ShowTarget	0.00	1
533	356193	1873360	0	MoveTarget	0.00	1
534	356207	1873373	0	ShowTarget	0.00	1
535	356596	1873747	0	head_turned	0.00	0
536	357020	1874154	0	head_stop	0.00	0
537	357326	1874448	0	ShowTarget	0.00	1
538	359277	1876320	0	MoveTarget	0.00	1
539	359291	1876334	0	ShowTarget	0.00	1
540	359631	1876660	0	head_turned	0.00	0
541	360048	1877060	0	head_stop	0.00	0
542	360444	1877440	0	ShowTarget	0.00	1
543	362124	1879053	0	MoveTarget	0.00	1
544	362138	1879067	0	ShowTarget	0.00	1
545	362513	1879427	0	head_turned	0.00	0
546	363006	1879900	0	head_stop	0.00	0
547	363263	1880147	0	ShowTarget	0.00	1
548	365180	1881987	0	MoveTarget	0.00	1
549	365201	1882007	0	ShowTarget	0.00	1
550	365645	1882434	0	head_turned	0.00	0
551	366423	1883180	0	head_stop	0.00	0
552	366722	1883467	0	ShowTarget	0.00	1
553	368472	1885147	0	MoveTarget	0.00	1
554	368486	1885160	0	ShowTarget	0.00	1
555	368917	1885574	0	head_turned	0.00	0
556	369333	1885974	0	head_stop	0.00	0
557	369646	1886274	0	ShowTarget	0.00	1
558	372021	1888553	0	MoveTarget	0.00	1
559	372034	1888567	0	ShowTarget	0.00	1
560	372423	1888940	0	head_turned	0.00	0
561	372979	1889473	0	head_stop	0.00	0
562	373266	1889748	0	ShowTarget	0.00	1
563	375646	1892033	0	MoveTarget	0.00	1
564	375660	1892046	0	ShowTarget	0.00	1
565	375972	1892346	0	head_turned	0.00	0
566	376396	1892753	0	head_stop	0.00	0
567	376667	1893013	0	ShowTarget	0.00	1
568	378910	1895166	0	MoveTarget	0.00	1
569	378924	1895180	0	ShowTarget	0.00	1
570	379341	1895580	0	head_turned	0.00	0
571	379792	1896013	0	head_stop	0.00	0
572	380056	1896267	0	ShowTarget	0.00	1
573	382258	1898380	0	MoveTarget	0.00	1
574	382278	1898400	0	ShowTarget	0.00	1
575	382785	1898886	0	head_turned	0.00	0
576	383257	1899340	0	head_stop	0.00	0
577	383514	1899586	0	ShowTarget	0.00	1
578	385098	1901106	0	MoveTarget	0.00	1
579	385119	1901126	0	ShowTarget	0.00	1
580	385799	1901780	0	ErrorOccurred	0.00	1
581	387806	1903707	0	ErrorReturn	0.00	1
582	388966	1904819	0	MoveTarget	0.00	1
583	388980	1904833	0	ShowTarget	0.00	1
584	389383	1905220	0	head_turned	0.00	0
585	389862	1905680	0	head_stop	0.00	0
586	390133	1905940	0	ShowTarget	0.00	1
587	392563	1908273	0	MoveTarget	0.00	1
588	392577	1908286	0	ShowTarget	0.00	1
589	393071	1908760	0	head_turned	0.00	0
590	393522	1909193	0	head_stop	0.00	0
591	393731	1909394	0	ShowTarget	0.00	1
592	396245	1911806	0	MoveTarget	0.00	1
593	396258	1911820	0	ShowTarget	0.00	1
594	396647	1912193	0	head_turned	0.00	0
595	397411	1912926	0	head_stop	0.00	0
596	397745	1913247	0	ShowTarget	0.00	1
597	400134	1915540	0	MoveTarget	0.00	1
598	400154	1915560	0	ShowTarget	0.00	1
599	400697	1916080	0	head_turned	0.00	0
600	401155	1916520	0	head_stop	0.00	0
601	402384	1917700	0	ShowTarget	0.00	1
602	404398	1919633	0	MoveTarget	0.00	1
603	404418	1919653	0	ShowTarget	0.00	1
604	404891	1920106	0	head_turned	0.00	0
605	405425	1920619	0	head_stop	0.00	0
606	405703	1920886	0	ShowTarget	0.00	1
607	408273	1923353	0	MoveTarget	0.00	1
608	408294	1923373	0	ShowTarget	0.00	1
609	408641	1923706	0	head_turned	0.00	0
610	409107	1924154	0	head_stop	0.00	0
611	409378	1924414	0	ShowTarget	0.00	1
612	411731	1926673	0	MoveTarget	0.00	1
613	411746	1926686	0	ShowTarget	0.00	1
614	412113	1927039	0	head_turned	0.00	0
615	412766	1927666	0	head_stop	0.00	0
616	412981	1927873	0	ShowTarget	0.00	1
617	414572	1929400	0	MoveTarget	0.00	1
618	414586	1929412	0	ShowTarget	0.00	1
619	415100	1929906	0	head_turned	0.00	0
620	415516	1930306	0	head_stop	0.00	0
621	415808	1930586	0	ShowTarget	0.00	1
622	417676	1932379	0	MoveTarget	0.00	1
623	417697	1932399	0	ShowTarget	0.00	1
624	418239	1932919	0	ErrorOccurred	0.00	1
625	420246	1934846	0	ErrorReturn	0.00	1
626	422461	1936973	0	MoveTarget	0.00	1
627	422475	1936986	0	ShowTarget	0.00	1
628	422843	1937339	0	head_turned	0.00	0
629	423378	1937852	0	head_stop	0.00	0
630	423635	1938100	0	ShowTarget	0.00	1
631	425503	1939892	0	MoveTarget	0.00	1
632	425517	1939906	0	ShowTarget	0.00	1
633	425899	1940272	0	head_turned	0.00	0
634	426128	1940493	0	head_stop	0.00	0
635	426600	1940946	0	ShowTarget	0.00	1
636	429302	1943539	0	MoveTarget	0.00	1
637	429316	1943552	0	ShowTarget	0.00	1
638	429684	1943906	0	head_turned	0.00	0
639	430220	1944420	0	head_stop	0.00	0
640	430386	1944580	0	ShowTarget	0.00	1
641	432010	1946139	0	MoveTarget	0.00	1
642	432024	1946153	0	ShowTarget	0.00	1
643	432510	1946619	0	head_turned	0.00	0
644	433059	1947146	0	head_stop	0.00	0
645	433268	1947346	0	ShowTarget	0.00	1
646	434920	1948933	0	MoveTarget	0.00	1
647	434941	1948952	0	ShowTarget	0.00	1
648	435399	1949392	0	head_turned	0.00	0
649	435802	1949779	0	head_stop	0.00	0
650	436156	1950119	0	ShowTarget	0.00	1
651	438497	1952366	0	MoveTarget	0.00	1
652	438511	1952379	0	ShowTarget	0.00	1
653	438900	1952753	0	head_turned	0.00	0
654	439302	1953139	0	head_stop	0.00	0
655	439636	1953459	0	ShowTarget	0.00	1
656	441539	1955286	0	MoveTarget	0.00	1
657	441553	1955299	0	ShowTarget	0.00	1
658	441997	1955726	0	head_turned	0.00	0
659	442476	1956185	0	head_stop	0.00	0
660	442643	1956346	0	ShowTarget	0.00	1
661	444344	1957979	0	MoveTarget	0.00	1
662	444358	1957992	0	ShowTarget	0.00	1
663	444768	1958386	0	head_turned	0.00	0
664	445185	1958786	0	head_stop	0.00	0
665	445421	1959013	0	ShowTarget	0.00	1
666	447129	1960653	0	MoveTarget	0.00	1
667	447143	1960666	0	ShowTarget	0.00	1
668	447588	1961093	0	head_turned	0.00	0
669	447935	1961426	0	head_stop	0.00	0
670	448310	1961786	0	ShowTarget	0.00	1
671	450317	1963712	0	MoveTarget	0.00	1
672	450331	1963726	0	ShowTarget	0.00	1
673	450727	1964106	0	head_turned	0.00	0
674	451116	1964479	0	head_stop	0.00	0
675	451387	1964739	0	ShowTarget	0.00	1
676	453025	1966312	0	MoveTarget	0.00	1
677	453039	1966326	0	ShowTarget	0.00	1
678	453602	1966866	0	ErrorOccurred	0.00	1
679	455609	1968792	0	ErrorReturn	0.00	1
680	456998	1970126	0	MoveTarget	0.00	1
681	457012	1970139	0	ShowTarget	0.00	1
682	457456	1970566	0	head_turned	0.00	0
683	457866	1970959	0	head_stop	0.00	0
684	458137	1971219	0	ShowTarget	0.00	1
685	459811	1972826	0	MoveTarget	0.00	1
686	459831	1972846	0	ShowTarget	0.00	1
687	460220	1973219	0	head_turned	0.00	0
688	460463	1973452	0	head_stop	0.00	0
689	460873	1973846	0	ShowTarget	0.00	1
690	463387	1976259	0	MoveTarget	0.00	1
691	463401	1976272	0	ShowTarget	0.00	1
692	463922	1976771	0	ErrorOccurred	0.00	1
693	465929	1978699	0	ErrorReturn	0.00	1
694	467776	1980472	0	MoveTarget	0.00	1
695	467797	1980492	0	ShowTarget	0.00	1
696	468131	1980812	0	head_turned	0.00	0
697	468985	1981632	0	head_stop	0.00	0
698	469311	1981946	0	ShowTarget	0.00	1
699	471666	1984206	0	MoveTarget	0.00	1
700	471686	1984225	0	ShowTarget	0.00	1
701	472033	1984558	0	head_turned	0.00	0
702	472534	1985038	0	head_stop	0.00	0
703	472783	1985279	0	ShowTarget	0.00	1
704	474582	1987005	0	MoveTarget	0.00	1
705	474603	1987025	0	ShowTarget	0.00	1
706	475228	1987625	0	head_turned	0.00	0
707	475964	1988332	0	head_stop	0.00	0
708	476221	1988579	0	ShowTarget	0.00	1
709	478291	1990565	0	MoveTarget	0.00	1
710	478306	1990579	0	ShowTarget	0.00	1
711	478680	1990938	0	head_turned	0.00	0
712	479090	1991333	0	head_stop	0.00	0
713	479339	1991572	0	ShowTarget	0.00	1
714	481520	1993665	0	MoveTarget	0.00	1
715	481541	1993685	0	ShowTarget	0.00	1
716	481909	1994039	0	head_turned	0.00	0
717	482055	1994178	0	head_stop	0.00	0
718	482583	1994685	0	ShowTarget	0.00	1
719	484465	1996492	0	MoveTarget	0.00	1
720	484479	1996505	0	ShowTarget	0.00	1
721	484840	1996852	0	head_turned	0.00	0
722	485383	1997373	0	head_stop	0.00	0
723	485654	1997633	0	ShowTarget	0.00	1
724	487152	1999072	0	MoveTarget	0.00	1
725	487174	1999092	0	ShowTarget	0.00	1
726	487611	1999512	0	head_turned	0.00	0
727	487965	1999852	0	head_stop	0.00	0
728	488271	2000146	0	ShowTarget	0.00	1
729	490556	2002339	0	MoveTarget	0.00	1
730	490570	2002352	0	ShowTarget	0.00	1
731	490889	2002659	0	head_turned	0.00	0
732	491368	2003119	0	head_stop	0.00	0
733	491806	2003539	0	ShowTarget	0.00	1
734	493354	2005025	0	MoveTarget	0.00	1
735	493368	2005039	0	ShowTarget	0.00	1
736	493792	2005445	0	head_turned	0.00	0
737	494403	2006032	0	head_stop	0.00	0
738	494729	2006345	0	ShowTarget	0.00	1
739	496757	2008292	0	MoveTarget	0.00	1
740	496778	2008312	0	ShowTarget	0.00	1
741	497139	2008658	0	head_turned	0.00	0
742	497591	2009092	0	head_stop	0.00	0
743	497862	2009352	0	ShowTarget	0.00	1
744	499626	2011045	0	MoveTarget	0.00	1
745	499639	2011058	0	ShowTarget	0.00	1
746	500132	2011532	0	ErrorOccurred	0.00	1
747	502139	2013458	0	ErrorReturn	0.00	1
748	503348	2014619	0	MoveTarget	0.00	1
749	503362	2014632	0	ShowTarget	0.00	1
750	503751	2015005	0	head_turned	0.00	0
751	504223	2015458	0	head_stop	0.00	0
752	504814	2016026	0	ShowTarget	0.00	1
753	506285	2017438	0	MoveTarget	0.00	1
754	506306	2017458	0	ShowTarget	0.00	1
755	506702	2017838	0	head_turned	0.00	0
756	507091	2018212	0	head_stop	0.00	0
757	507383	2018492	0	ShowTarget	0.00	1
758	509126	2020165	0	MoveTarget	0.00	1
759	509147	2020185	0	ShowTarget	0.00	1
760	509515	2020538	0	head_turned	0.00	0
761	509744	2020758	0	head_stop	0.00	0
762	510189	2021185	0	ShowTarget	0.00	1
763	512591	2023492	0	MoveTarget	0.00	1
764	512612	2023511	0	ShowTarget	0.00	1
765	513008	2023891	0	head_turned	0.00	0
766	513321	2024191	0	head_stop	0.00	0
767	513606	2024465	0	ShowTarget	0.00	1
768	515460	2026245	0	MoveTarget	0.00	1
769	515473	2026258	0	ShowTarget	0.00	1
770	516084	2026844	0	head_turned	0.00	0
771	516508	2027251	0	head_stop	0.00	0
772	516800	2027532	0	ShowTarget	0.00	1
773	518328	2028998	0	MoveTarget	0.00	1
774	518342	2029012	0	ShowTarget	0.00	1
775	518891	2029538	0	head_turned	0.00	0
776	519502	2030125	0	head_stop	0.00	0
777	519793	2030405	0	ShowTarget	0.00	1
778	521772	2032305	0	MoveTarget	0.00	1
779	521793	2032324	0	ShowTarget	0.00	1
780	522356	2032865	0	head_turned	0.00	0
781	522585	2033085	0	head_stop	0.00	0
782	523064	2033544	0	ShowTarget	0.00	1
783	525509	2035891	0	MoveTarget	0.00	1
784	525523	2035905	0	ShowTarget	0.00	1
785	525863	2036231	0	head_turned	0.00	0
786	526433	2036778	0	head_stop	0.00	0
787	526690	2037025	0	ShowTarget	0.00	1
788	529169	2039405	0	MoveTarget	0.00	1
789	529190	2039425	0	ShowTarget	0.00	1
790	529558	2039778	0	head_turned	0.00	0
791	529780	2039991	0	head_stop	0.00	0
792	530204	2040398	0	ShowTarget	0.00	1
793	532294	2042405	0	MoveTarget	0.00	1
794	532315	2042424	0	ShowTarget	0.00	1
795	532857	2042944	0	ErrorOccurred	0.00	1
796	534871	2044878	0	ErrorReturn	0.00	1
797	536433	2046378	0	MoveTarget	0.00	1
798	536454	2046398	0	ShowTarget	0.00	1
799	536822	2046751	0	head_turned	0.00	0
800	537419	2047324	0	head_stop	0.00	0
801	537510	2047411	0	ShowTarget	0.00	1
802	539690	2049504	0	MoveTarget	0.00	1
803	539711	2049525	0	ShowTarget	0.00	1
804	540086	2049885	0	head_turned	0.00	0
805	540308	2050098	0	head_stop	0.00	0
806	540683	2050458	0	ShowTarget	0.00	1
807	542878	2052564	0	MoveTarget	0.00	1
808	542892	2052578	0	ShowTarget	0.00	1
809	543344	2053011	0	ErrorOccurred	0.00	1
810	545357	2054944	0	ErrorReturn	0.00	1
811	547080	2056598	0	MoveTarget	0.00	1
812	547101	2056617	0	ShowTarget	0.00	1
813	547469	2056971	0	head_turned	0.00	0
814	547975	2057458	0	head_stop	0.00	0
815	548129	2057605	0	ShowTarget	0.00	1
816	549753	2059164	0	MoveTarget	0.00	1
817	549774	2059184	0	ShowTarget	0.00	1
818	550163	2059558	0	head_turned	0.00	0
819	550559	2059938	0	head_stop	0.00	0
820	550795	2060164	0	ShowTarget	0.00	1
821	552948	2062231	0	MoveTarget	0.00	1
822	552962	2062244	0	ShowTarget	0.00	1
823	553302	2062571	0	head_turned	0.00	0
824	553899	2063144	0	head_stop	0.00	0
825	554157	2063392	0	ShowTarget	0.00	1
826	556663	2065797	0	MoveTarget	0.00	1
827	556677	2065811	0	ShowTarget	0.00	1
828	557032	2066151	0	head_turned	0.00	0
829	557282	2066391	0	head_stop	0.00	0
830	557698	2066791	0	ShowTarget	0.00	1
831	559601	2068618	0	MoveTarget	0.00	1
832	559622	2068637	0	ShowTarget	0.00	1
833	559997	2068997	0	head_turned	0.00	0
834	560497	2069477	0	head_stop	0.00	0
835	560664	2069638	0	ShowTarget	0.00	1
836	562588	2071484	0	MoveTarget	0.00	1
837	562601	2071497	0	ShowTarget	0.00	1
838	562948	2071831	0	head_turned	0.00	0
839	563380	2072245	0	head_stop	0.00	0
840	563671	2072524	0	ShowTarget	0.00	1
841	566109	2074864	0	MoveTarget	0.00	1
842	566122	2074877	0	ShowTarget	0.00	1
843	566560	2075297	0	head_turned	0.00	0
844	567032	2075751	0	head_stop	0.00	0
845	567345	2076050	0	ShowTarget	0.00	1
846	569421	2078044	0	MoveTarget	0.00	1
847	569442	2078064	0	ShowTarget	0.00	1
848	569838	2078444	0	head_turned	0.00	0
849	570310	2078898	0	head_stop	0.00	0
850	570539	2079117	0	ShowTarget	0.00	1
851	572463	2080964	0	MoveTarget	0.00	1
852	572484	2080984	0	ShowTarget	0.00	1
853	572942	2081424	0	head_turned	0.00	0
854	573109	2081584	0	head_stop	0.00	0
855	573762	2082211	0	ShowTarget	0.00	1
856	576269	2084618	0	MoveTarget	0.00	1
857	576290	2084637	0	ShowTarget	0.00	1
858	576713	2085044	0	head_turned	0.00	0
859	577262	2085571	0	head_stop	0.00	0
860	577457	2085758	0	ShowTarget	0.00	1
861	579248	2087477	0	MoveTarget	0.00	1
862	579262	2087490	0	ShowTarget	0.00	1
863	579727	2087937	0	head_turned	0.00	0
864	580248	2088437	0	head_stop	0.00	0
865	580387	2088571	0	ShowTarget	0.00	1
866	582408	2090511	0	MoveTarget	0.00	1
867	582429	2090531	0	ShowTarget	0.00	1
868	582936	2091017	0	ErrorOccurred	0.00	1
869	584943	2092944	0	ErrorReturn	0.00	1
870	586144	2094097	0	MoveTarget	0.00	1
871	586158	2094110	0	ShowTarget	0.00	1
872	586526	2094464	0	head_turned	0.00	0
873	586742	2094670	0	head_stop	0.00	0
874	587263	2095171	0	ShowTarget	0.00	1
875	589283	2097111	0	MoveTarget	0.00	1
876	589297	2097124	0	ShowTarget	0.00	1
877	590152	2097944	0	ErrorOccurred	0.00	1
878	592158	2099870	0	ErrorReturn	0.00	1
879	593527	2101183	0	MoveTarget	0.00	1
880	593540	2101197	0	ShowTarget	0.00	1
881	593916	2101558	0	head_turned	0.00	0
882	594304	2101930	0	head_stop	0.00	0
883	594721	2102330	0	ShowTarget	0.00	1
884	596756	2104284	0	MoveTarget	0.00	1
885	596770	2104297	0	ShowTarget	0.00	1
886	597131	2104644	0	head_turned	0.00	0
887	597513	2105010	0	head_stop	0.00	0
888	597875	2105358	0	ShowTarget	0.00	1
889	599749	2107157	0	MoveTarget	0.00	1
890	599763	2107170	0	ShowTarget	0.00	1
891	600235	2107624	0	head_turned	0.00	0
892	601298	2108644	0	head_stop	0.00	0
893	601486	2108824	0	ShowTarget	0.00	1
894	603104	2110377	0	MoveTarget	0.00	1
895	603117	2110390	0	ShowTarget	0.00	1
896	603507	2110764	0	head_turned	0.00	0
897	603937	2111177	0	head_stop	0.00	0
898	604312	2111537	0	ShowTarget	0.00	1
899	606444	2113584	0	MoveTarget	0.00	1
900	606458	2113597	0	ShowTarget	0.00	1
901	606951	2114070	0	ErrorOccurred	0.00	1
902	608958	2115997	0	ErrorReturn	0.00	1
903	610375	2117357	0	MoveTarget	0.00	1
904	610396	2117377	0	ShowTarget	0.00	1
905	611007	2117964	0	head_turned	0.00	0
906	611785	2118710	0	head_stop	0.00	0
907	612083	2118997	0	ShowTarget	0.00	1
908	613862	2120704	0	MoveTarget	0.00	1
909	613875	2120717	0	ShowTarget	0.00	1
910	614243	2121070	0	head_turned	0.00	0
911	614674	2121484	0	head_stop	0.00	0
912	614917	2121717	0	ShowTarget	0.00	1
913	616667	2123397	0	MoveTarget	0.00	1
914	616681	2123410	0	ShowTarget	0.00	1
915	617334	2124037	0	head_turned	0.00	0
916	618146	2124816	0	head_stop	0.00	0
917	618466	2125124	0	ShowTarget	0.00	1
918	620674	2127244	0	MoveTarget	0.00	1
919	620688	2127257	0	ShowTarget	0.00	1
920	621035	2127590	0	head_turned	0.00	0
921	621390	2127930	0	head_stop	0.00	0
922	621924	2128444	0	ShowTarget	0.00	1
923	624070	2130503	0	MoveTarget	0.00	1
924	624084	2130517	0	ShowTarget	0.00	1
925	624577	2130990	0	head_turned	0.00	0
926	625230	2131617	0	head_stop	0.00	0
927	625454	2131832	0	ShowTarget	0.00	1
928	627897	2134177	0	MoveTarget	0.00	1
929	627911	2134190	0	ShowTarget	0.00	1
930	628272	2134537	0	head_turned	0.00	0
931	628744	2134990	0	head_stop	0.00	0
932	629001	2135236	0	ShowTarget	0.00	1
933	630682	2136850	0	MoveTarget	0.00	1
934	630702	2136870	0	ShowTarget	0.00	1
935	631453	2137590	0	head_turned	0.00	0
936	631737	2137863	0	head_stop	0.00	0
937	632376	2138477	0	ShowTarget	0.00	1
938	634772	2140777	0	MoveTarget	0.00	1
939	634793	2140796	0	ShowTarget	0.00	1
940	635119	2141110	0	head_turned	0.00	0
941	635661	2141630	0	head_stop	0.00	0
942	635939	2141896	0	ShowTarget	0.00	1
943	638064	2143936	0	MoveTarget	0.00	1
944	638085	2143956	0	ShowTarget	0.00	1
945	638432	2144290	0	head_turned	0.00	0
946	639015	2144850	0	head_stop	0.00	0
947	639293	2145116	0	ShowTarget	0.00	1
948	641606	2147337	0	MoveTarget	0.00	1
949	641620	2147350	0	ShowTarget	0.00	1
950	641967	2147683	0	head_turned	0.00	0
951	642391	2148090	0	head_stop	0.00	0
952	642661	2148350	0	ShowTarget	0.00	1
953	644460	2150077	0	MoveTarget	0.00	1
954	644481	2150096	0	ShowTarget	0.00	1
955	644904	2150503	0	head_turned	0.00	0
956	645564	2151136	0	head_stop	0.00	0
957	645752	2151316	0	ShowTarget	0.00	1
958	648113	2153583	0	MoveTarget	0.00	1
959	648127	2153597	0	ShowTarget	0.00	1
960	648440	2153896	0	head_turned	0.00	0
961	648856	2154296	0	head_stop	0.00	0
962	649127	2154557	0	ShowTarget	0.00	1

