Using_curved_screen True Player_screen_cm 93 Screen_width_cm 121 Camera1_display 0 Camera2_display 1 CameraFOVFactor 2 GazeTime 1.5 RandomGazeTime 0.5 HideTime 0.2 SpeedThreshold 180 StopWinodow 0.03 TargetChangeTime 1 TargetChangeTimeRRange 0 UseAcuityIndicator True AcuityMode 1 AcuityFlashTime 0.08 AcuityChangeNumber 10 AcuityChangeUpPerc 0.8 AcuityChangeDownPerc 0.5 ACuityList 90 StopSpeed 10.00 PostDelayList 0 PostDelayNumber 5 PostDelayUpC 0.50 PostDelayLoC 0.60 PostDelayConvNum 1 PostDelayRepeatNum 2 PostDelayASOffset 0 DynaDelayRepeatNum 9 
Line_#	Time_Stamp	Simulink_Sample	Trail_#	Action	Degree	Direction
16	1365644	-1	GameMode StaticAcuity HideFlag True JumpFlag False ShowTargetFlag True HeadIndicatorChange False SkipCenterFlag True HideHeadIndicator True Gain 1 UsingAcuityAfter False UsingAcuityBefore False UsingAcuityWaitTime True AcuitySize 8 UsingAcuityChange True CurrAcuityChangeMode acuity_list UsingPostDelay False PostDelayMode random PostDelayInit 0.00 PostDelayIMax 0.00 ADUsingStaticData False UsingPresetSD False StaticDataSize 0 StaticDataMLH 0.000 UsingDynamicDelay False DynamicDelayMode fix_amount DynaDelayInit 0.000 DynaDelayMax 0.000 DynaDelayInter 0.000 	
3	1117	1366702	0	ReSet	0.00	0
4	1124	1366708	0	ShowTarget	0.00	0
5	2647	1368170	0	MoveTarget	0.00	1
6	2659	1368182	0	ShowTarget	0.00	1
7	2874	1368388	0	TargetHided	0.00	1
8	2876	1368390	0	ChangeTargetWaitTime	0.00	1
9	4542	1369990	0	ShowTarget	0.00	1
10	5958	1371348	0	MoveTarget	0.00	1
11	5972	1371362	0	ShowTarget	0.00	1
12	6194	1371575	0	TargetHided	0.00	1
13	6194	1371575	0	ChangeTargetWaitTime	0.00	1
14	7938	1373249	0	ShowTarget	0.00	1
15	9104	1374368	0	MoveTarget	0.00	1
16	9124	1374388	0	ShowTarget	0.00	1
17	9333	1374588	0	TargetHided	0.00	1
18	9333	1374588	0	ChangeTargetWaitTime	0.00	1
19	10792	1375988	0	ShowTarget	0.00	1
20	12388	1377521	0	MoveTarget	0.00	1
21	12402	1377535	0	ShowTarget	0.00	1
22	12625	1377748	0	TargetHided	0.00	1
23	12625	1377748	0	ChangeTargetWaitTime	0.00	1
24	14299	1379355	0	ShowTarget	0.00	1
25	15528	1380535	0	MoveTarget	0.00	1
26	15548	1380554	0	ShowTarget	0.00	1
27	15757	1380755	0	TargetHided	0.00	1
28	15757	1380755	0	ChangeTargetWaitTime	0.00	1
29	17153	1382095	0	ShowTarget	0.00	1
30	18451	1383341	0	MoveTarget	0.00	1
31	18473	1383361	0	ShowTarget	0.00	1
32	18681	1383562	0	TargetHided	0.00	1
33	18681	1383562	0	ChangeTargetWaitTime	0.00	1
34	21591	1386355	0	ShowTarget	0.00	1
35	23403	1388095	0	MoveTarget	0.00	1
36	23417	1388107	0	ShowTarget	0.00	1
37	23618	1388301	0	TargetHided	0.00	1
38	23618	1388301	0	ChangeTargetWaitTime	0.00	1
39	26820	1391375	0	ShowTarget	0.00	1
40	28008	1392514	0	MoveTarget	0.00	1
41	28022	1392529	0	ShowTarget	0.00	1
42	28244	1392740	0	TargetHided	0.00	1
43	28244	1392740	0	ChangeTargetWaitTime	0.00	1
44	35696	1399895	0	ShowTarget	0.00	1
45	37737	1401854	0	MoveTarget	0.00	1
46	37751	1401868	0	ShowTarget	0.00	1
47	37959	1402068	0	TargetHided	0.00	1
48	37959	1402068	0	ChangeTargetWaitTime	0.00	1
49	39578	1403621	0	ShowTarget	0.00	1
50	41585	1405547	0	MoveTarget	0.00	1
51	41605	1405568	0	ShowTarget	0.00	1
52	41821	1405774	0	TargetHided	0.00	1
53	41821	1405774	0	ChangeTargetWaitTime	0.00	1
54	43356	1407248	0	ShowTarget	0.00	1
55	44537	1408381	0	MoveTarget	0.00	1
56	44550	1408394	0	ShowTarget	0.00	1
57	44758	1408594	0	TargetHided	0.00	1
58	44758	1408594	0	ChangeTargetWaitTime	0.00	1
59	46280	1410055	0	ShowTarget	0.00	1
60	47925	1411634	0	MoveTarget	0.00	1
61	47939	1411647	0	ShowTarget	0.00	1
62	48162	1411861	0	TargetHided	0.00	1
63	48162	1411861	0	ChangeTargetWaitTime	0.00	1
64	49912	1413541	0	ShowTarget	0.00	1
65	51342	1414914	0	MoveTarget	0.00	1
66	51356	1414927	0	ShowTarget	0.00	1
67	51557	1415121	0	TargetHided	0.00	1
68	51557	1415121	0	ChangeTargetWaitTime	0.00	1
69	53149	1416648	0	ShowTarget	0.00	1
70	54683	1418121	0	MoveTarget	0.00	1
71	54697	1418134	0	ShowTarget	0.00	1
72	54905	1418334	0	TargetHided	0.00	1
73	54905	1418334	0	ChangeTargetWaitTime	0.00	1
74	56357	1419728	0	ShowTarget	0.00	1
75	58238	1421534	0	MoveTarget	0.00	1
76	58252	1421547	0	ShowTarget	0.00	1
77	58475	1421761	0	TargetHided	0.00	1
78	58475	1421761	0	ChangeTargetWaitTime	0.00	1
79	59982	1423208	0	ShowTarget	0.00	1
80	61524	1424688	0	MoveTarget	0.00	1
81	61537	1424700	0	ShowTarget	0.00	1
82	61739	1424894	0	TargetHided	0.00	1
83	61739	1424894	0	ChangeTargetWaitTime	0.00	1
84	63274	1426368	0	ShowTarget	0.00	1
85	65211	1428227	0	MoveTarget	0.00	1
86	65225	1428240	0	ShowTarget	0.00	1
87	65447	1428454	0	TargetHided	0.00	1
88	65447	1428454	0	ChangeTargetWaitTime	0.00	1
89	66808	1429761	0	ShowTarget	0.00	1
90	67899	1430807	0	MoveTarget	0.00	1
91	67920	1430827	0	ShowTarget	0.00	1
92	68128	1431027	0	TargetHided	0.00	1
93	68128	1431027	0	ChangeTargetWaitTime	0.00	1
94	69559	1432401	0	ShowTarget	0.00	1
95	71434	1434200	0	MoveTarget	0.00	1
96	71447	1434214	0	ShowTarget	0.00	1
97	71670	1434427	0	TargetHided	0.00	1
98	71670	1434427	0	ChangeTargetWaitTime	0.00	1
99	73088	1435788	0	ShowTarget	0.00	1
100	74198	1436854	0	MoveTarget	0.00	1
101	74219	1436874	0	ShowTarget	0.00	1
102	74427	1437074	0	TargetHided	0.00	1
103	74427	1437074	0	ChangeTargetWaitTime	0.00	1
104	76122	1438701	0	ShowTarget	0.00	1
105	77795	1440307	0	MoveTarget	0.00	1
106	77816	1440327	0	ShowTarget	0.00	1
107	78025	1440527	0	TargetHided	0.00	1
108	78025	1440527	0	ChangeTargetWaitTime	0.00	1
109	79616	1442055	0	ShowTarget	0.00	1
110	80997	1443381	0	MoveTarget	0.00	1
111	81011	1443394	0	ShowTarget	0.00	1
112	81233	1443607	0	TargetHided	0.00	1
113	81233	1443607	0	ChangeTargetWaitTime	0.00	1
114	82776	1445088	0	ShowTarget	0.00	1
115	84671	1446907	0	MoveTarget	0.00	1
116	84684	1446920	0	ShowTarget	0.00	1
117	84893	1447120	0	TargetHided	0.00	1
118	84893	1447120	0	ChangeTargetWaitTime	0.00	1
119	86282	1448454	0	ShowTarget	0.00	1
120	87623	1449741	0	MoveTarget	0.00	1
121	87636	1449754	0	ShowTarget	0.00	1
122	87844	1449953	0	TargetHided	0.00	1
123	87844	1449953	0	ChangeTargetWaitTime	0.00	1
124	89268	1451320	0	ShowTarget	0.00	1
125	90352	1452361	0	MoveTarget	0.00	1
126	90365	1452373	0	ShowTarget	0.00	1
127	90588	1452587	0	TargetHided	0.00	1
128	90588	1452587	0	ChangeTargetWaitTime	0.00	1
129	95374	1457181	0	ShowTarget	0.00	1
130	96956	1458700	0	MoveTarget	0.00	1
131	96977	1458721	0	ShowTarget	0.00	1
132	97186	1458921	0	TargetHided	0.00	1
133	97186	1458921	0	ChangeTargetWaitTime	0.00	1
134	98568	1460248	0	ShowTarget	0.00	1
135	100046	1461667	0	MoveTarget	0.00	1
136	100067	1461687	0	ShowTarget	0.00	1
137	100276	1461887	0	TargetHided	0.00	1
138	100276	1461887	0	ChangeTargetWaitTime	0.00	1
139	101665	1463221	0	ShowTarget	0.00	1
140	102977	1464480	0	MoveTarget	0.00	1
141	102998	1464500	0	ShowTarget	0.00	1
142	103207	1464700	0	TargetHided	0.00	1
143	103207	1464700	0	ChangeTargetWaitTime	0.00	1
144	104533	1465974	0	ShowTarget	0.00	1
145	106443	1467807	0	MoveTarget	0.00	1
146	106463	1467827	0	ShowTarget	0.00	1
147	106672	1468027	0	TargetHided	0.00	1
148	106672	1468027	0	ChangeTargetWaitTime	0.00	1
149	108082	1469380	0	ShowTarget	0.00	1
150	109541	1470781	0	MoveTarget	0.00	1
151	109554	1470793	0	ShowTarget	0.00	1
152	109762	1470993	0	TargetHided	0.00	1
153	109762	1470993	0	ChangeTargetWaitTime	0.00	1
154	111131	1472307	0	ShowTarget	0.00	1
155	112568	1473687	0	MoveTarget	0.00	1
156	112589	1473707	0	ShowTarget	0.00	1
157	112804	1473913	0	TargetHided	0.00	1
158	112804	1473913	0	ChangeTargetWaitTime	0.00	1
159	114159	1475214	0	ShowTarget	0.00	1
160	115360	1476366	0	MoveTarget	0.00	1
161	115374	1476380	0	ShowTarget	0.00	1
162	115596	1476593	0	TargetHided	0.00	1
163	115596	1476594	0	ChangeTargetWaitTime	0.00	1
164	116951	1477894	0	ShowTarget	0.00	1
165	118277	1479167	0	MoveTarget	0.00	1
166	118291	1479180	0	ShowTarget	0.00	1
167	118492	1479373	0	TargetHided	0.00	1
168	118492	1479374	0	ChangeTargetWaitTime	0.00	1
169	119985	1480807	0	ShowTarget	0.00	1
170	121485	1482247	0	MoveTarget	0.00	1
171	121499	1482260	0	ShowTarget	0.00	1
172	121708	1482459	0	TargetHided	0.00	1
173	121708	1482459	0	ChangeTargetWaitTime	0.00	1
174	123035	1483734	0	ShowTarget	0.00	1
175	124492	1485133	0	MoveTarget	0.00	1
176	124506	1485146	0	ShowTarget	0.00	1
177	124715	1485347	0	TargetHided	0.00	1
178	124715	1485347	0	ChangeTargetWaitTime	0.00	1
179	126041	1486620	0	ShowTarget	0.00	1
180	127111	1487646	0	MoveTarget	0.00	1
181	127131	1487667	0	ShowTarget	0.00	1
182	127340	1487865	0	TargetHided	0.00	1
183	127340	1487865	0	ChangeTargetWaitTime	0.00	1
184	128687	1489160	0	ShowTarget	0.00	1
185	129778	1490207	0	MoveTarget	0.00	1
186	129799	1490227	0	ShowTarget	0.00	1
187	130014	1490433	0	TargetHided	0.00	1
188	130014	1490433	0	ChangeTargetWaitTime	0.00	1
189	131465	1491826	0	ShowTarget	0.00	1
190	133222	1493513	0	MoveTarget	0.00	1
191	133236	1493526	0	ShowTarget	0.00	1
192	133444	1493726	0	TargetHided	0.00	1
193	133444	1493726	0	ChangeTargetWaitTime	0.00	1
194	134806	1495034	0	ShowTarget	0.00	1
195	136479	1496640	0	MoveTarget	0.00	1
196	136493	1496653	0	ShowTarget	0.00	1
197	136701	1496853	0	TargetHided	0.00	1
198	136701	1496853	0	ChangeTargetWaitTime	0.00	1
199	138146	1498240	0	ShowTarget	0.00	1
200	139875	1499900	0	MoveTarget	0.00	1
201	139889	1499913	0	ShowTarget	0.00	1
202	140111	1500126	0	TargetHided	0.00	1
203	140111	1500127	0	ChangeTargetWaitTime	0.00	1
204	141445	1501407	0	ShowTarget	0.00	1
205	143125	1503019	0	MoveTarget	0.00	1
206	143139	1503033	0	ShowTarget	0.00	1
207	143341	1503227	0	TargetHided	0.00	1
208	143341	1503227	0	ChangeTargetWaitTime	0.00	1
209	144799	1504626	0	ShowTarget	0.00	1
210	146015	1505793	0	MoveTarget	0.00	1
211	146029	1505806	0	ShowTarget	0.00	1
212	146251	1506019	0	TargetHided	0.00	1
213	146251	1506019	0	ChangeTargetWaitTime	0.00	1
214	147667	1507380	0	ShowTarget	0.00	1
215	149258	1508906	0	MoveTarget	0.00	1
216	149272	1508920	0	ShowTarget	0.00	1
217	149473	1509113	0	TargetHided	0.00	1
218	149473	1509113	0	ChangeTargetWaitTime	0.00	1
219	150862	1510447	0	ShowTarget	0.00	1
220	152543	1512060	0	MoveTarget	0.00	1
221	152564	1512079	0	ShowTarget	0.00	1
222	152772	1512280	0	TargetHided	0.00	1
223	152772	1512280	0	ChangeTargetWaitTime	0.00	1
224	154119	1513573	0	ShowTarget	0.00	1
225	155481	1514879	0	MoveTarget	0.00	1
226	155494	1514892	0	ShowTarget	0.00	1
227	155702	1515093	0	TargetHided	0.00	1
228	155702	1515093	0	ChangeTargetWaitTime	0.00	1
229	157078	1516413	0	ShowTarget	0.00	1
230	158161	1517452	0	MoveTarget	0.00	1
231	158175	1517466	0	ShowTarget	0.00	1
232	158397	1517680	0	TargetHided	0.00	1
233	158397	1517680	0	ChangeTargetWaitTime	0.00	1
234	159745	1518973	0	ShowTarget	0.00	1
235	161335	1520500	0	MoveTarget	0.00	1
236	161349	1520513	0	ShowTarget	0.00	1
237	161557	1520713	0	TargetHided	0.00	1
238	161557	1520713	0	ChangeTargetWaitTime	0.00	1
239	162981	1522079	0	ShowTarget	0.00	1
240	164412	1523453	0	MoveTarget	0.00	1
241	164425	1523466	0	ShowTarget	0.00	1
242	164634	1523666	0	TargetHided	0.00	1
243	164634	1523666	0	ChangeTargetWaitTime	0.00	1
244	166024	1525000	0	ShowTarget	0.00	1
245	167266	1526193	0	MoveTarget	0.00	1
246	167280	1526206	0	ShowTarget	0.00	1
247	167502	1526419	0	TargetHided	0.00	1
248	167502	1526419	0	ChangeTargetWaitTime	0.00	1
249	169822	1528646	0	ShowTarget	0.00	1
250	171398	1530159	0	MoveTarget	0.00	1
251	171413	1530174	0	ShowTarget	0.00	1
252	171620	1530373	0	TargetHided	0.00	1
253	171620	1530373	0	ChangeTargetWaitTime	0.00	1
254	173280	1531966	0	ShowTarget	0.00	1
255	175100	1533712	0	MoveTarget	0.00	1
256	175114	1533726	0	ShowTarget	0.00	1
257	175322	1533926	0	TargetHided	0.00	1
258	175322	1533926	0	ChangeTargetWaitTime	0.00	1
259	176649	1535199	0	ShowTarget	0.00	1
260	178169	1536659	0	MoveTarget	0.00	1
261	178190	1536679	0	ShowTarget	0.00	1
262	178405	1536886	0	TargetHided	0.00	1
263	178405	1536886	0	ChangeTargetWaitTime	0.00	1
264	179726	1538153	0	ShowTarget	0.00	1
265	180781	1539166	0	MoveTarget	0.00	1
266	180794	1539179	0	ShowTarget	0.00	1
267	181003	1539379	0	TargetHided	0.00	1
268	181003	1539379	0	ChangeTargetWaitTime	0.00	1
269	182316	1540639	0	ShowTarget	0.00	1
270	184177	1542426	0	MoveTarget	0.00	1
271	184190	1542439	0	ShowTarget	0.00	1
272	184413	1542653	0	TargetHided	0.00	1
273	184413	1542653	0	ChangeTargetWaitTime	0.00	1
274	185753	1543940	0	ShowTarget	0.00	1
275	187607	1545719	0	MoveTarget	0.00	1
276	187628	1545739	0	ShowTarget	0.00	1
277	187836	1545939	0	TargetHided	0.00	1
278	187837	1545939	0	ChangeTargetWaitTime	0.00	1
279	189289	1547333	0	ShowTarget	0.00	1
280	191142	1549112	0	MoveTarget	0.00	1
281	191156	1549125	0	ShowTarget	0.00	1
282	191357	1549319	0	TargetHided	0.00	1
283	191357	1549319	0	ChangeTargetWaitTime	0.00	1
284	203664	1561133	0	ShowTarget	0.00	1
285	205108	1562519	0	MoveTarget	0.00	1
286	205129	1562539	0	ShowTarget	0.00	1
287	205344	1562745	0	TargetHided	0.00	1
288	205344	1562745	0	ChangeTargetWaitTime	0.00	1
289	206692	1564039	0	ShowTarget	0.00	1
290	208095	1565385	0	MoveTarget	0.00	1
291	208109	1565399	0	ShowTarget	0.00	1
292	208317	1565599	0	TargetHided	0.00	1
293	208317	1565599	0	ChangeTargetWaitTime	0.00	1
294	209595	1566826	0	ShowTarget	0.00	1
295	210726	1567912	0	MoveTarget	0.00	1
296	210740	1567925	0	ShowTarget	0.00	1
297	210949	1568125	0	TargetHided	0.00	1
298	210949	1568125	0	ChangeTargetWaitTime	0.00	1
299	212228	1569354	0	ShowTarget	0.00	1
300	214060	1571112	0	MoveTarget	0.00	1
301	214074	1571125	0	ShowTarget	0.00	1
302	214282	1571326	0	TargetHided	0.00	1
303	214283	1571326	0	ChangeTargetWaitTime	0.00	1
304	215637	1572625	0	ShowTarget	0.00	1
305	217248	1574172	0	MoveTarget	0.00	1
306	217262	1574186	0	ShowTarget	0.00	1
307	217484	1574399	0	TargetHided	0.00	1
308	217484	1574399	0	ChangeTargetWaitTime	0.00	1
309	218811	1575672	0	ShowTarget	0.00	1
310	220081	1576892	0	MoveTarget	0.00	1
311	220096	1576906	0	ShowTarget	0.00	1
312	220297	1577099	0	TargetHided	0.00	1
313	220297	1577099	0	ChangeTargetWaitTime	0.00	1
314	221575	1578326	0	ShowTarget	0.00	1
315	223130	1579818	0	MoveTarget	0.00	1
316	223144	1579832	0	ShowTarget	0.00	1
317	223353	1580032	0	TargetHided	0.00	1
318	223353	1580032	0	ChangeTargetWaitTime	0.00	1
319	224638	1581266	0	ShowTarget	0.00	1
320	225887	1582465	0	MoveTarget	0.00	1
321	225901	1582478	0	ShowTarget	0.00	1
322	226109	1582678	0	TargetHided	0.00	1
323	226109	1582679	0	ChangeTargetWaitTime	0.00	1
324	227513	1584026	0	ShowTarget	0.00	1
325	228763	1585226	0	MoveTarget	0.00	1
326	228776	1585238	0	ShowTarget	0.00	1
327	228985	1585438	0	TargetHided	0.00	1
328	228985	1585438	0	ChangeTargetWaitTime	0.00	1
329	230263	1586666	0	ShowTarget	0.00	1
330	231450	1587805	0	MoveTarget	0.00	1
331	231471	1587825	0	ShowTarget	0.00	1
332	231686	1588031	0	TargetHided	0.00	1
333	231686	1588031	0	ChangeTargetWaitTime	0.00	1
334	233117	1589405	0	ShowTarget	0.00	1
335	234492	1590725	0	MoveTarget	0.00	1
336	234506	1590738	0	ShowTarget	0.00	1
337	234714	1590938	0	TargetHided	0.00	1
338	234714	1590938	0	ChangeTargetWaitTime	0.00	1
339	235985	1592159	0	ShowTarget	0.00	1
340	237992	1594085	0	MoveTarget	0.00	1
341	238006	1594098	0	ShowTarget	0.00	1
342	238214	1594298	0	TargetHided	0.00	1
343	238214	1594298	0	ChangeTargetWaitTime	0.00	1
344	239792	1595812	0	ShowTarget	0.00	1
345	241305	1597265	0	MoveTarget	0.00	1
346	241326	1597285	0	ShowTarget	0.00	1
347	241541	1597491	0	TargetHided	0.00	1
348	241541	1597492	0	ChangeTargetWaitTime	0.00	1
349	248937	1604592	0	ShowTarget	0.00	1
350	250243	1605845	0	MoveTarget	0.00	1
351	250264	1605865	0	ShowTarget	0.00	1
352	250479	1606071	0	TargetHided	0.00	1
353	250479	1606071	0	ChangeTargetWaitTime	0.00	1
354	251896	1607432	0	ShowTarget	0.00	1
355	253403	1608879	0	MoveTarget	0.00	1
356	253417	1608892	0	ShowTarget	0.00	1
357	253625	1609091	0	TargetHided	0.00	1
358	253625	1609091	0	ChangeTargetWaitTime	0.00	1
359	255612	1610999	0	ShowTarget	0.00	1
360	257347	1612665	0	MoveTarget	0.00	1
361	257368	1612685	0	ShowTarget	0.00	1
362	257577	1612885	0	TargetHided	0.00	1
363	257577	1612885	0	ChangeTargetWaitTime	0.00	1
364	258883	1614139	0	ShowTarget	0.00	1
365	260264	1615465	0	MoveTarget	0.00	1
366	260285	1615485	0	ShowTarget	0.00	1
367	260500	1615691	0	TargetHided	0.00	1
368	260500	1615691	0	ChangeTargetWaitTime	0.00	1
369	261807	1616945	0	ShowTarget	0.00	1
370	263549	1618618	0	MoveTarget	0.00	1
371	263563	1618631	0	ShowTarget	0.00	1
372	263771	1618831	0	TargetHided	0.00	1
373	263772	1618831	0	ChangeTargetWaitTime	0.00	1
374	265140	1620145	0	ShowTarget	0.00	1
375	266383	1621338	0	MoveTarget	0.00	1
376	266397	1621351	0	ShowTarget	0.00	1
377	266605	1621551	0	TargetHided	0.00	1
378	266605	1621551	0	ChangeTargetWaitTime	0.00	1
379	268078	1622965	0	ShowTarget	0.00	1
380	269612	1624438	0	MoveTarget	0.00	1
381	269626	1624451	0	ShowTarget	0.00	1
382	269848	1624665	0	TargetHided	0.00	1
383	269848	1624665	0	ChangeTargetWaitTime	0.00	1
384	271237	1625998	0	ShowTarget	0.00	1
385	272633	1627338	0	MoveTarget	0.00	1
386	272654	1627358	0	ShowTarget	0.00	1
387	272862	1627558	0	TargetHided	0.00	1
388	272862	1627558	0	ChangeTargetWaitTime	0.00	1
389	274439	1629072	0	ShowTarget	0.00	1
390	276342	1630898	0	MoveTarget	0.00	1
391	276363	1630918	0	ShowTarget	0.00	1
392	276578	1631125	0	TargetHided	0.00	1
393	276578	1631125	0	ChangeTargetWaitTime	0.00	1
394	277925	1632418	0	ShowTarget	0.00	1
395	279009	1633458	0	MoveTarget	0.00	1
396	279022	1633471	0	ShowTarget	0.00	1
397	279245	1633685	0	TargetHided	0.00	1
398	279245	1633685	0	ChangeTargetWaitTime	0.00	1
399	280669	1635052	0	ShowTarget	0.00	1
400	281891	1636225	0	MoveTarget	0.00	1
401	281905	1636238	0	ShowTarget	0.00	1
402	282113	1636438	0	TargetHided	0.00	1
403	282113	1636438	0	ChangeTargetWaitTime	0.00	1
404	283516	1637785	0	ShowTarget	0.00	1
405	284738	1638958	0	MoveTarget	0.00	1
406	284759	1638978	0	ShowTarget	0.00	1
407	284974	1639185	0	TargetHided	0.00	1
408	284974	1639185	0	ChangeTargetWaitTime	0.00	1
409	286433	1640585	0	ShowTarget	0.00	1
410	288280	1642357	0	MoveTarget	0.00	1
411	288294	1642371	0	ShowTarget	0.00	1
412	288516	1642584	0	TargetHided	0.00	1
413	288516	1642584	0	ChangeTargetWaitTime	0.00	1
414	289857	1643871	0	ShowTarget	0.00	1
415	291676	1645618	0	MoveTarget	0.00	1
416	291697	1645637	0	ShowTarget	0.00	1
417	291905	1645838	0	TargetHided	0.00	1
418	291905	1645838	0	ChangeTargetWaitTime	0.00	1
419	293197	1647078	0	ShowTarget	0.00	1
420	294891	1648704	0	MoveTarget	0.00	1
421	294912	1648725	0	ShowTarget	0.00	1
422	295121	1648924	0	TargetHided	0.00	1
423	295121	1648924	0	ChangeTargetWaitTime	0.00	1
424	296385	1650138	0	ShowTarget	0.00	1
425	297579	1651284	0	MoveTarget	0.00	1
426	297593	1651297	0	ShowTarget	0.00	1
427	297801	1651498	0	TargetHided	0.00	1
428	297801	1651498	0	ChangeTargetWaitTime	0.00	1
429	299337	1652972	0	ShowTarget	0.00	1
430	301225	1654784	0	MoveTarget	0.00	1
431	301239	1654798	0	ShowTarget	0.00	1
432	301461	1655011	0	TargetHided	0.00	1
433	301461	1655011	0	ChangeTargetWaitTime	0.00	1
434	302753	1656251	0	ShowTarget	0.00	1
435	304031	1657478	0	MoveTarget	0.00	1
436	304052	1657497	0	ShowTarget	0.00	1
437	304261	1657698	0	TargetHided	0.00	1
438	304261	1657698	0	ChangeTargetWaitTime	0.00	1
439	305594	1658978	0	ShowTarget	0.00	1
440	306913	1660244	0	MoveTarget	0.00	1
441	306934	1660264	0	ShowTarget	0.00	1
442	307142	1660464	0	TargetHided	0.00	1
443	307142	1660464	0	ChangeTargetWaitTime	0.00	1
444	311733	1664872	0	ShowTarget	0.00	1
445	313170	1666251	0	MoveTarget	0.00	1
446	313191	1666271	0	ShowTarget	0.00	1
447	313406	1666477	0	TargetHided	0.00	1
448	313406	1666477	0	ChangeTargetWaitTime	0.00	1
449	315449	1668438	0	ShowTarget	0.00	1
450	317323	1670238	0	MoveTarget	0.00	1
451	317337	1670250	0	ShowTarget	0.00	1
452	317545	1670450	0	TargetHided	0.00	1
453	317545	1670450	0	ChangeTargetWaitTime	0.00	1
454	320067	1672871	0	ShowTarget	0.00	1
322010	1674736	-1	GameMode DynamicAcuity HideFlag False JumpFlag False ShowTargetFlag True HeadIndicatorChange True SkipCenterFlag True HideHeadIndicator False Gain 1 UsingAcuityAfter False UsingAcuityBefore True UsingAcuityWaitTime False AcuitySize 8 UsingAcuityChange True CurrAcuityChangeMode acuity_list UsingPostDelay False PostDelayMode random PostDelayInit 0.00 PostDelayIMax 0.00 ADUsingStaticData False UsingPresetSD False StaticDataSize 0 StaticDataMLH 0.000 UsingDynamicDelay False DynamicDelayMode fix_amount DynaDelayInit 0.000 DynaDelayMax 0.000 DynaDelayInter 0.000 	
455	334213	1686451	0	ReSet	0.00	0
456	334220	1686457	0	ShowTarget	0.00	1
457	335498	1687684	0	MoveTarget	0.00	1
458	335512	1687697	0	ShowTarget	0.00	1
459	337596	1689698	0	ErrorOccurred	0.00	1
460	339603	1691624	0	ErrorReturn	0.00	1
461	343464	1695331	0	MoveTarget	0.00	1
462	343477	1695344	0	ShowTarget	0.00	1
463	346596	1698337	0	head_turned	0.00	0
464	347144	1698863	0	head_stop	0.00	0
465	350707	1702284	0	ShowTarget	0.00	1
466	354298	1705730	0	MoveTarget	0.00	1
467	354312	1705744	0	ShowTarget	0.00	1
468	354422	1705850	0	head_turned	0.00	0
469	355096	1706497	0	head_stop	0.00	0
470	355617	1706997	0	ShowTarget	0.00	1
471	356812	1708144	0	MoveTarget	0.00	1
472	356833	1708164	0	ShowTarget	0.00	1
473	358166	1709444	0	head_turned	0.00	0
474	358770	1710024	0	head_stop	0.00	0
475	359333	1710564	0	ShowTarget	0.00	1
476	360465	1711650	0	MoveTarget	0.00	1
477	360479	1711664	0	ShowTarget	0.00	1
478	361472	1712617	0	head_turned	0.00	0
479	362006	1713130	0	head_stop	0.00	0
480	362604	1713704	0	ShowTarget	0.00	1
481	367535	1718437	0	MoveTarget	0.00	1
482	367549	1718450	0	ShowTarget	0.00	1
483	369292	1720124	0	head_turned	0.00	0
484	370000	1720803	0	head_stop	0.00	0
485	370320	1721110	0	ShowTarget	0.00	1
486	374188	1724823	0	MoveTarget	0.00	1
487	374208	1724843	0	ShowTarget	0.00	1
488	374743	1725357	0	head_turned	0.00	0
489	375466	1726050	0	head_stop	0.00	0
490	376327	1726877	0	ShowTarget	0.00	1
491	378105	1728584	0	MoveTarget	0.00	1
492	378126	1728604	0	ShowTarget	0.00	1
493	379459	1729884	0	head_turned	0.00	0
494	380021	1730423	0	head_stop	0.00	0
495	380640	1731017	0	ShowTarget	0.00	1
496	382029	1732350	0	MoveTarget	0.00	1
497	382049	1732370	0	ShowTarget	0.00	1
498	382778	1733070	0	head_turned	0.00	0
499	383362	1733630	0	head_stop	0.00	0
500	384390	1734616	0	ShowTarget	0.00	1
501	385751	1735923	0	MoveTarget	0.00	1
502	385772	1735943	0	ShowTarget	0.00	1
503	385827	1735997	0	head_turned	0.00	0
504	386557	1736697	0	head_stop	0.00	0
505	387869	1737957	0	ShowTarget	0.00	1
506	389023	1739064	0	MoveTarget	0.00	1
507	389036	1739076	0	ShowTarget	0.00	1
508	389925	1739930	0	head_turned	0.00	0
509	390459	1740443	0	head_stop	0.00	0
510	390876	1740843	0	ShowTarget	0.00	1
511	392425	1742330	0	MoveTarget	0.00	1
512	392446	1742350	0	ShowTarget	0.00	1
513	392612	1742510	0	head_turned	0.00	0
514	393272	1743143	0	head_stop	0.00	0
515	393911	1743757	0	ShowTarget	0.00	1
516	395884	1745650	0	MoveTarget	0.00	1
517	395897	1745663	0	ShowTarget	0.00	1
518	396425	1746170	0	head_turned	0.00	0
519	397182	1746896	0	head_stop	0.00	0
520	402892	1752377	0	ShowTarget	0.00	1
521	407078	1756396	0	MoveTarget	0.00	1
522	407092	1756409	0	ShowTarget	0.00	1
523	407523	1756823	0	head_turned	0.00	0
524	408065	1757343	0	head_stop	0.00	0
525	408648	1757903	0	ShowTarget	0.00	1
526	412711	1761803	0	MoveTarget	0.00	1
527	412725	1761816	0	ShowTarget	0.00	1
528	413294	1762363	0	head_turned	0.00	0
529	413975	1763016	0	head_stop	0.00	0
530	414301	1763330	0	ShowTarget	0.00	1
531	415884	1764849	0	MoveTarget	0.00	1
532	415898	1764863	0	ShowTarget	0.00	1
533	416572	1765510	0	ErrorOccurred	0.00	1
534	418586	1767443	0	ErrorReturn	0.00	1
535	421975	1770696	0	MoveTarget	0.00	1
536	421989	1770709	0	ShowTarget	0.00	1
537	422440	1771143	0	head_turned	0.00	0
538	423184	1771856	0	head_stop	0.00	0
539	423517	1772176	0	ShowTarget	0.00	1
540	425184	1773776	0	MoveTarget	0.00	1
541	425198	1773790	0	ShowTarget	0.00	1
542	425989	1774549	0	ErrorOccurred	0.00	1
543	427996	1776476	0	ErrorReturn	0.00	1
544	429656	1778069	0	MoveTarget	0.00	1
545	429670	1778082	0	ShowTarget	0.00	1
546	430087	1778482	0	head_turned	0.00	0
547	430719	1779089	0	head_stop	0.00	0
548	431011	1779370	0	ShowTarget	0.00	1
549	432254	1780563	0	MoveTarget	0.00	1
550	432268	1780576	0	ShowTarget	0.00	1
551	432955	1781236	0	head_turned	0.00	0
552	433587	1781843	0	head_stop	0.00	0
553	433838	1782083	0	ShowTarget	0.00	1
554	436192	1784343	0	MoveTarget	0.00	1
555	436212	1784363	0	ShowTarget	0.00	1
556	436629	1784762	0	head_turned	0.00	0
557	437296	1785402	0	head_stop	0.00	0
558	437601	1785695	0	ShowTarget	0.00	1
559	439657	1787669	0	MoveTarget	0.00	1
560	439678	1787689	0	ShowTarget	0.00	1
561	440351	1788336	0	head_turned	0.00	0
562	440942	1788902	0	head_stop	0.00	0
563	441226	1789176	0	ShowTarget	0.00	1
564	443768	1791616	0	MoveTarget	0.00	1
565	443782	1791629	0	ShowTarget	0.00	1
566	444205	1792036	0	head_turned	0.00	0
567	444831	1792636	0	head_stop	0.00	0
568	445296	1793083	0	ShowTarget	0.00	1
569	447081	1794796	0	MoveTarget	0.00	1
570	447095	1794809	0	ShowTarget	0.00	1
571	447713	1795403	0	head_turned	0.00	0
572	448421	1796082	0	head_stop	0.00	0
573	448720	1796369	0	ShowTarget	0.00	1
574	449880	1797482	0	MoveTarget	0.00	1
575	449894	1797496	0	ShowTarget	0.00	1
576	450894	1798456	0	head_turned	0.00	0
577	451595	1799128	0	head_stop	0.00	0
578	451950	1799470	0	ShowTarget	0.00	1
579	453303	1800769	0	MoveTarget	0.00	1
580	453317	1800782	0	ShowTarget	0.00	1
581	453956	1801396	0	head_turned	0.00	0
582	454560	1801976	0	head_stop	0.00	0
583	454832	1802236	0	ShowTarget	0.00	1
584	455887	1803249	0	MoveTarget	0.00	1
585	455901	1803262	0	ShowTarget	0.00	1
586	456602	1803935	0	ErrorOccurred	0.00	1
587	458609	1805862	0	ErrorReturn	0.00	1
588	460561	1807736	0	MoveTarget	0.00	1
589	460575	1807749	0	ShowTarget	0.00	1
590	461075	1808229	0	ErrorOccurred	0.00	1
591	463089	1810162	0	ErrorReturn	0.00	1
592	465020	1812016	0	MoveTarget	0.00	1
593	465033	1812029	0	ShowTarget	0.00	1
594	465415	1812396	0	head_turned	0.00	0
595	466117	1813069	0	head_stop	0.00	0
596	466443	1813382	0	ShowTarget	0.00	1
597	468325	1815189	0	MoveTarget	0.00	1
598	468339	1815202	0	ShowTarget	0.00	1
599	468860	1815702	0	head_turned	0.00	0
600	469492	1816309	0	head_stop	0.00	0
601	470339	1817122	0	ShowTarget	0.00	1
602	472332	1819035	0	MoveTarget	0.00	1
603	472346	1819049	0	ShowTarget	0.00	1
604	472721	1819409	0	head_turned	0.00	0
605	473381	1820042	0	head_stop	0.00	0
606	473625	1820276	0	ShowTarget	0.00	1
607	474791	1821396	0	MoveTarget	0.00	1
608	474805	1821409	0	ShowTarget	0.00	1
609	475464	1822042	0	head_turned	0.00	0
610	476153	1822703	0	head_stop	0.00	0
611	476284	1822829	0	ShowTarget	0.00	1
612	477346	1823849	0	MoveTarget	0.00	1
613	477360	1823862	0	ShowTarget	0.00	1
614	478055	1824529	0	head_turned	0.00	0
615	478569	1825022	0	head_stop	0.00	0
616	478847	1825289	0	ShowTarget	0.00	1
617	479895	1826295	0	MoveTarget	0.00	1
618	479909	1826309	0	ShowTarget	0.00	1
619	480361	1826742	0	head_turned	0.00	0
620	481034	1827389	0	head_stop	0.00	0
621	481180	1827529	0	ShowTarget	0.00	1
622	484201	1830429	0	MoveTarget	0.00	1
623	484216	1830443	0	ShowTarget	0.00	1
624	484784	1830988	0	ErrorOccurred	0.00	1
625	486798	1832922	0	ErrorReturn	0.00	1
626	487861	1833942	0	MoveTarget	0.00	1
627	487875	1833955	0	ShowTarget	0.00	1
628	488674	1834722	0	ErrorOccurred	0.00	1
629	490681	1836648	0	ErrorReturn	0.00	1
630	492014	1837929	0	MoveTarget	0.00	1
631	492035	1837949	0	ShowTarget	0.00	1
632	492591	1838482	0	ErrorOccurred	0.00	1
633	494605	1840415	0	ErrorReturn	0.00	1
634	495896	1841655	0	MoveTarget	0.00	1
635	495910	1841668	0	ShowTarget	0.00	1
636	496320	1842062	0	head_turned	0.00	0
637	497112	1842822	0	head_stop	0.00	0
638	497445	1843142	0	ShowTarget	0.00	1
639	498695	1844342	0	MoveTarget	0.00	1
640	498716	1844362	0	ShowTarget	0.00	1
641	499459	1845075	0	head_turned	0.00	0
642	500223	1845808	0	head_stop	0.00	0
643	500543	1846116	0	ShowTarget	0.00	1
644	501820	1847342	0	MoveTarget	0.00	1
645	501834	1847355	0	ShowTarget	0.00	1
646	502952	1848428	0	head_turned	0.00	0
647	503570	1849022	0	head_stop	0.00	0
648	503911	1849349	0	ShowTarget	0.00	1
649	505946	1851302	0	MoveTarget	0.00	1
650	505959	1851315	0	ShowTarget	0.00	1
651	508446	1853702	0	head_turned	0.00	0
652	509161	1854388	0	head_stop	0.00	0
653	509453	1854669	0	ShowTarget	0.00	1
654	511314	1856455	0	MoveTarget	0.00	1
655	511335	1856475	0	ShowTarget	0.00	1
656	511897	1857015	0	head_turned	0.00	0
657	512605	1857695	0	head_stop	0.00	0
658	512960	1858035	0	ShowTarget	0.00	1
659	514814	1859815	0	MoveTarget	0.00	1
660	514835	1859835	0	ShowTarget	0.00	1
661	515571	1860542	0	ErrorOccurred	0.00	1
662	517578	1862468	0	ErrorReturn	0.00	1
663	520210	1864995	0	MoveTarget	0.00	1
664	520231	1865015	0	ShowTarget	0.00	1
665	520974	1865728	0	head_turned	0.00	0
666	521641	1866368	0	head_stop	0.00	0
667	521961	1866675	0	ShowTarget	0.00	1
668	523829	1868468	0	MoveTarget	0.00	1
669	523842	1868481	0	ShowTarget	0.00	1
670	524377	1868995	0	ErrorOccurred	0.00	1
671	526385	1870922	0	ErrorReturn	0.00	1
672	528676	1873121	0	MoveTarget	0.00	1
673	528691	1873135	0	ShowTarget	0.00	1
674	529093	1873521	0	head_turned	0.00	0
675	529753	1874155	0	head_stop	0.00	0
676	530100	1874488	0	ShowTarget	0.00	1
677	532475	1876768	0	MoveTarget	0.00	1
678	532489	1876781	0	ShowTarget	0.00	1
679	533253	1877515	0	head_turned	0.00	0
680	533920	1878155	0	head_stop	0.00	0
681	534254	1878476	0	ShowTarget	0.00	1
682	535822	1879981	0	MoveTarget	0.00	1
683	535843	1880001	0	ShowTarget	0.00	1
684	536482	1880614	0	ErrorOccurred	0.00	1
685	538489	1882541	0	ErrorReturn	0.00	1
686	539739	1883741	0	MoveTarget	0.00	1
687	539753	1883755	0	ShowTarget	0.00	1
688	540232	1884215	0	ErrorOccurred	0.00	1
689	542239	1886141	0	ErrorReturn	0.00	1
690	544149	1887974	0	MoveTarget	0.00	1
691	544163	1887988	0	ShowTarget	0.00	1
692	544497	1888308	0	head_turned	0.00	0
693	545079	1888868	0	head_stop	0.00	0
694	545448	1889221	0	ShowTarget	0.00	1
695	547003	1890714	0	MoveTarget	0.00	1
696	547017	1890728	0	ShowTarget	0.00	1
697	547552	1891241	0	head_turned	0.00	0
698	548261	1891921	0	head_stop	0.00	0
699	548545	1892195	0	ShowTarget	0.00	1
700	550504	1894075	0	MoveTarget	0.00	1
701	550517	1894088	0	ShowTarget	0.00	1
702	550920	1894474	0	head_turned	0.00	0
703	551497	1895028	0	head_stop	0.00	0
704	551844	1895362	0	ShowTarget	0.00	1
705	553476	1896928	0	MoveTarget	0.00	1
706	553490	1896941	0	ShowTarget	0.00	1
707	553886	1897321	0	head_turned	0.00	0
708	554469	1897881	0	head_stop	0.00	0
709	554754	1898155	0	ShowTarget	0.00	1
710	556560	1899888	0	MoveTarget	0.00	1
711	556574	1899901	0	ShowTarget	0.00	1
712	556983	1900294	0	head_turned	0.00	0
713	557574	1900862	0	head_stop	0.00	0
714	558935	1902168	0	ShowTarget	0.00	1
715	560949	1904101	0	MoveTarget	0.00	1
716	560962	1904114	0	ShowTarget	0.00	1
717	561400	1904534	0	head_turned	0.00	0
718	562116	1905221	0	head_stop	0.00	0
719	562373	1905468	0	ShowTarget	0.00	1
720	563831	1906868	0	MoveTarget	0.00	1
721	563845	1906881	0	ShowTarget	0.00	1
722	564491	1907500	0	ErrorOccurred	0.00	1
723	566497	1909427	0	ErrorReturn	0.00	1
724	567602	1910487	0	MoveTarget	0.00	1
725	567623	1910508	0	ShowTarget	0.00	1
726	568012	1910881	0	head_turned	0.00	0
727	568727	1911567	0	head_stop	0.00	0
728	569026	1911855	0	ShowTarget	0.00	1
729	570262	1913041	0	MoveTarget	0.00	1
730	570276	1913054	0	ShowTarget	0.00	1
731	570928	1913680	0	head_turned	0.00	0
732	571589	1914315	0	head_stop	0.00	0
733	571845	1914561	0	ShowTarget	0.00	1
734	573803	1916441	0	MoveTarget	0.00	1
735	573817	1916454	0	ShowTarget	0.00	1
736	575144	1917727	0	head_turned	0.00	0
737	575970	1918521	0	head_stop	0.00	0
738	576374	1918909	0	ShowTarget	0.00	1
739	578463	1920914	0	MoveTarget	0.00	1
740	578484	1920934	0	ShowTarget	0.00	1
741	579130	1921554	0	head_turned	0.00	0
742	579727	1922127	0	head_stop	0.00	0
743	580075	1922461	0	ShowTarget	0.00	1
744	581658	1923981	0	MoveTarget	0.00	1
745	581672	1923994	0	ShowTarget	0.00	1
746	582026	1924334	0	head_turned	0.00	0
747	582575	1924861	0	head_stop	0.00	0
748	582985	1925254	0	ShowTarget	0.00	1
749	584124	1926347	0	MoveTarget	0.00	1
750	584137	1926360	0	ShowTarget	0.00	1
751	584721	1926920	0	head_turned	0.00	0
752	585381	1927554	0	head_stop	0.00	0
753	587118	1929222	0	ShowTarget	0.00	1
754	588624	1930667	0	MoveTarget	0.00	1
755	588638	1930681	0	ShowTarget	0.00	1
756	589041	1931067	0	head_turned	0.00	0
757	589687	1931687	0	head_stop	0.00	0
758	589979	1931968	0	ShowTarget	0.00	1
759	591964	1933874	0	MoveTarget	0.00	1
760	591978	1933887	0	ShowTarget	0.00	1
761	592645	1934527	0	head_turned	0.00	0
762	593694	1935533	0	head_stop	0.00	0
763	594159	1935981	0	ShowTarget	0.00	1
764	595541	1937307	0	MoveTarget	0.00	1
765	595562	1937327	0	ShowTarget	0.00	1
766	596729	1938448	0	head_turned	0.00	0
767	597513	1939201	0	head_stop	0.00	0
768	597826	1939501	0	ShowTarget	0.00	1
769	599715	1941314	0	MoveTarget	0.00	1
770	599736	1941334	0	ShowTarget	0.00	1
771	600174	1941754	0	head_turned	0.00	0
772	600917	1942467	0	head_stop	0.00	0
773	601410	1942941	0	ShowTarget	0.00	1
774	602833	1944307	0	MoveTarget	0.00	1
775	602847	1944320	0	ShowTarget	0.00	1
776	603409	1944860	0	head_turned	0.00	0
777	604173	1945594	0	head_stop	0.00	0
778	604577	1945981	0	ShowTarget	0.00	1
779	605952	1947300	0	MoveTarget	0.00	1
780	605965	1947314	0	ShowTarget	0.00	1
781	606535	1947860	0	head_turned	0.00	0
782	607264	1948560	0	head_stop	0.00	0
783	607702	1948981	0	ShowTarget	0.00	1
784	609431	1950640	0	MoveTarget	0.00	1
785	609444	1950654	0	ShowTarget	0.00	1
786	609861	1951054	0	head_turned	0.00	0
787	610521	1951687	0	head_stop	0.00	0
788	610889	1952041	0	ShowTarget	0.00	1
789	612216	1953314	0	MoveTarget	0.00	1
790	612230	1953327	0	ShowTarget	0.00	1
791	612820	1953894	0	ErrorOccurred	0.00	1
792	614834	1955827	0	ErrorReturn	0.00	1
793	617334	1958227	0	MoveTarget	0.00	1
794	617355	1958247	0	ShowTarget	0.00	1
795	617667	1958547	0	head_turned	0.00	0
796	618278	1959133	0	head_stop	0.00	0
797	618564	1959407	0	ShowTarget	0.00	1
798	620445	1961213	0	MoveTarget	0.00	1
799	620459	1961227	0	ShowTarget	0.00	1
800	621078	1961821	0	head_turned	0.00	0
801	621744	1962460	0	head_stop	0.00	0
802	622161	1962860	0	ShowTarget	0.00	1
803	624842	1965434	0	MoveTarget	0.00	1
804	624855	1965447	0	ShowTarget	0.00	1
805	630592	1970954	0	head_turned	0.00	0
806	631272	1971607	0	head_stop	0.00	0
807	632266	1972561	0	ShowTarget	0.00	1
808	633647	1973887	0	MoveTarget	0.00	1
809	633661	1973900	0	ShowTarget	0.00	1
810	648766	1988400	0	head_turned	0.00	0
811	649440	1989046	0	head_stop	0.00	0
812	649774	1989367	0	ShowTarget	0.00	1
813	650982	1990526	0	MoveTarget	0.00	1
814	650996	1990540	0	ShowTarget	0.00	1
815	651947	1991453	0	head_turned	0.00	0
816	652641	1992120	0	head_stop	0.00	0
817	652899	1992366	0	ShowTarget	0.00	1
818	654434	1993840	0	MoveTarget	0.00	1
819	654447	1993853	0	ShowTarget	0.00	1
820	654913	1994300	0	head_turned	0.00	0
821	655565	1994926	0	head_stop	0.00	0
822	655850	1995200	0	ShowTarget	0.00	1
823	657260	1996553	0	MoveTarget	0.00	1
824	657281	1996573	0	ShowTarget	0.00	1
825	657579	1996860	0	head_turned	0.00	0
826	658149	1997406	0	head_stop	0.00	0
827	658455	1997700	0	ShowTarget	0.00	1
828	660406	1999573	0	MoveTarget	0.00	1
829	660420	1999586	0	ShowTarget	0.00	1
830	660997	2000140	0	head_turned	0.00	0
831	661573	2000693	0	head_stop	0.00	0
832	661830	2000940	0	ShowTarget	0.00	1
833	663851	2002880	0	MoveTarget	0.00	1
834	663871	2002900	0	ShowTarget	0.00	1
835	664663	2003660	0	head_turned	0.00	0
836	664913	2003899	0	head_stop	0.00	0
837	665789	2004740	0	ShowTarget	0.00	1
838	667809	2006680	0	MoveTarget	0.00	1
839	667823	2006693	0	ShowTarget	0.00	1
840	668212	2007066	0	head_turned	0.00	0
841	668768	2007599	0	head_stop	0.00	0
842	669226	2008040	0	ShowTarget	0.00	1
843	670733	2009486	0	MoveTarget	0.00	1
844	670747	2009499	0	ShowTarget	0.00	1
845	671490	2010213	0	ErrorOccurred	0.00	1
846	673497	2012140	0	ErrorReturn	0.00	1
847	675441	2014006	0	MoveTarget	0.00	1
848	675455	2014019	0	ShowTarget	0.00	1
849	675900	2014446	0	head_turned	0.00	0
850	676497	2015019	0	head_stop	0.00	0
851	676755	2015267	0	ShowTarget	0.00	1
852	678595	2017033	0	MoveTarget	0.00	1
853	678616	2017054	0	ShowTarget	0.00	1
854	679122	2017539	0	head_turned	0.00	0
855	679713	2018106	0	head_stop	0.00	0
856	680026	2018407	0	ShowTarget	0.00	1
857	681296	2019626	0	MoveTarget	0.00	1
858	681310	2019639	0	ShowTarget	0.00	1
859	681963	2020266	0	head_turned	0.00	0
860	682637	2020913	0	head_stop	0.00	0
861	682921	2021186	0	ShowTarget	0.00	1
862	684296	2022506	0	MoveTarget	0.00	1
863	684310	2022519	0	ShowTarget	0.00	1
864	684928	2023113	0	head_turned	0.00	0
865	685748	2023899	0	head_stop	0.00	0
866	686040	2024180	0	ShowTarget	0.00	1
867	687269	2025359	0	MoveTarget	0.00	1
868	687282	2025373	0	ShowTarget	0.00	1
869	687887	2025952	0	head_turned	0.00	0
870	688477	2026519	0	head_stop	0.00	0
871	689144	2027159	0	ShowTarget	0.00	1
872	690915	2028859	0	MoveTarget	0.00	1
873	690936	2028879	0	ShowTarget	0.00	1
874	691595	2029513	0	head_turned	0.00	0
875	692283	2030173	0	head_stop	0.00	0
876	692568	2030446	0	ShowTarget	0.00	1
877	694359	2032166	0	MoveTarget	0.00	1
878	694373	2032179	0	ShowTarget	0.00	1
879	694880	2032665	0	head_turned	0.00	0
880	695520	2033280	0	head_stop	0.00	0
881	695832	2033579	0	ShowTarget	0.00	1
882	697359	2035046	0	MoveTarget	0.00	1
883	697374	2035060	0	ShowTarget	0.00	1
884	697908	2035572	0	head_turned	0.00	0
885	698568	2036206	0	head_stop	0.00	0
886	698832	2036460	0	ShowTarget	0.00	1
887	700978	2038519	0	MoveTarget	0.00	1
888	700999	2038539	0	ShowTarget	0.00	1
889	701478	2038999	0	ErrorOccurred	0.00	1
890	703492	2040932	0	ErrorReturn	0.00	1
891	705631	2042986	0	MoveTarget	0.00	1
892	705644	2042999	0	ShowTarget	0.00	1
893	706221	2043553	0	head_turned	0.00	0
894	707270	2044559	0	head_stop	0.00	0
895	707757	2045026	0	ShowTarget	0.00	1
896	709770	2046959	0	MoveTarget	0.00	1
897	709784	2046972	0	ShowTarget	0.00	1
898	714353	2051359	0	ErrorOccurred	0.00	1
899	716360	2053285	0	ErrorReturn	0.00	1
900	719674	2056466	0	MoveTarget	0.00	1
901	719694	2056486	0	ShowTarget	0.00	1
902	720257	2057026	0	head_turned	0.00	0
903	721097	2057832	0	head_stop	0.00	0
904	721535	2058253	0	ShowTarget	0.00	1
905	722757	2059426	0	MoveTarget	0.00	1
906	722771	2059439	0	ShowTarget	0.00	1
907	726000	2062539	0	head_turned	0.00	0
908	726819	2063325	0	head_stop	0.00	0
909	727424	2063906	0	ShowTarget	0.00	1
910	728973	2065392	0	MoveTarget	0.00	1
911	728986	2065405	0	ShowTarget	0.00	1
912	730723	2067072	0	head_turned	0.00	0
913	731514	2067832	0	head_stop	0.00	0
914	732042	2068339	0	ShowTarget	0.00	1
915	733355	2069599	0	MoveTarget	0.00	1
916	733368	2069612	0	ShowTarget	0.00	1
917	733903	2070125	0	head_turned	0.00	0
918	734535	2070732	0	head_stop	0.00	0
919	734834	2071019	0	ShowTarget	0.00	1
920	736404	2072526	0	MoveTarget	0.00	1
921	736417	2072538	0	ShowTarget	0.00	1
922	736994	2073092	0	head_turned	0.00	0
923	737779	2073845	0	head_stop	0.00	0
924	738043	2074099	0	ShowTarget	0.00	1
925	739536	2075532	0	MoveTarget	0.00	1
926	739549	2075545	0	ShowTarget	0.00	1
927	740431	2076392	0	ErrorOccurred	0.00	1
928	742438	2078318	0	ErrorReturn	0.00	1
929	744390	2080192	0	MoveTarget	0.00	1
930	744404	2080205	0	ShowTarget	0.00	1
931	745022	2080798	0	head_turned	0.00	0
932	745752	2081499	0	head_stop	0.00	0
933	746140	2081872	0	ShowTarget	0.00	1
934	747939	2083599	0	MoveTarget	0.00	1
935	747953	2083612	0	ShowTarget	0.00	1
936	748564	2084198	0	head_turned	0.00	0
937	749258	2084865	0	head_stop	0.00	0
938	749620	2085212	0	ShowTarget	0.00	1
939	751002	2086539	0	MoveTarget	0.00	1
940	751022	2086559	0	ShowTarget	0.00	1
941	752085	2087579	0	head_turned	0.00	0
942	752946	2088405	0	head_stop	0.00	0
943	753315	2088759	0	ShowTarget	0.00	1
944	754821	2090205	0	MoveTarget	0.00	1
945	754835	2090219	0	ShowTarget	0.00	1
946	755564	2090918	0	head_turned	0.00	0
947	756349	2091672	0	head_stop	0.00	0
948	756620	2091932	0	ShowTarget	0.00	1
949	757919	2093178	0	MoveTarget	0.00	1
950	757933	2093191	0	ShowTarget	0.00	1
951	759044	2094258	0	ErrorOccurred	0.00	1
952	761051	2096185	0	ErrorReturn	0.00	1
953	762301	2097385	0	MoveTarget	0.00	1
954	762315	2097398	0	ShowTarget	0.00	1
955	762947	2098005	0	head_turned	0.00	0
956	763607	2098639	0	head_stop	0.00	0
957	766163	2101092	0	ShowTarget	0.00	1
958	767273	2102158	0	MoveTarget	0.00	1
959	767287	2102171	0	ShowTarget	0.00	1
960	768246	2103092	0	head_turned	0.00	0
961	769052	2103865	0	head_stop	0.00	0
962	769426	2104225	0	ShowTarget	0.00	1
963	771287	2106012	0	MoveTarget	0.00	1
964	771308	2106031	0	ShowTarget	0.00	1
965	772232	2106918	0	ErrorOccurred	0.00	1
966	774239	2108845	0	ErrorReturn	0.00	1
967	775837	2110378	0	MoveTarget	0.00	1
968	775857	2110398	0	ShowTarget	0.00	1
969	776420	2110938	0	head_turned	0.00	0
970	777073	2111565	0	head_stop	0.00	0
971	777351	2111832	0	ShowTarget	0.00	1
972	779031	2113445	0	MoveTarget	0.00	1
973	779045	2113458	0	ShowTarget	0.00	1
974	779705	2114091	0	head_turned	0.00	0
975	780455	2114812	0	head_stop	0.00	0
976	780594	2114945	0	ShowTarget	0.00	1
977	781691	2115998	0	MoveTarget	0.00	1
978	781712	2116018	0	ShowTarget	0.00	1
979	782427	2116705	0	head_turned	0.00	0
980	783191	2117438	0	head_stop	0.00	0
981	783490	2117725	0	ShowTarget	0.00	1
982	785365	2119525	0	MoveTarget	0.00	1
983	785385	2119545	0	ShowTarget	0.00	1
984	786017	2120151	0	head_turned	0.00	0
985	786573	2120685	0	head_stop	0.00	0
986	787323	2121405	0	ShowTarget	0.00	1

