Using_curved_screen True Player_screen_cm 180 Screen_width_cm 121 Camera1_display 0 Camera2_display 1 CameraFOVFactor 2 GazeTime 1.5 RandomGazeTime 0.5 HideTime 0.2 SpeedThreshold 180 StopWinodow 0.03 TargetChangeTime 1 TargetChangeTimeRRange 0 UseAcuityIndicator True AcuityMode 1 AcuityFlashTime 0.08 AcuityChangeNumber 10 AcuityChangeUpPerc 0.8 AcuityChangeDownPerc 0.5 ACuityList 90 StopSpeed 10.00 PostDelayList 0 PostDelayNumber 5 PostDelayUpC 0.50 PostDelayLoC 0.60 PostDelayConvNum 1 PostDelayRepeatNum 2 PostDelayASOffset 0 DynaDelayRepeatNum 9 
Line_#	Time_Stamp	Simulink_Sample	Trail_#	Action	Degree	Direction
15	88260	-1	GameMode DynamicAcuity HideFlag False JumpFlag False ShowTargetFlag True HeadIndicatorChange True SkipCenterFlag True HideHeadIndicator False Gain 1 UsingAcuityAfter False UsingAcuityBefore True UsingAcuityWaitTime False AcuitySize 4 UsingAcuityChange False CurrAcuityChangeMode acuity_list UsingPostDelay False PostDelayMode random PostDelayInit 0.00 PostDelayIMax 0.00 ADUsingStaticData False UsingPresetSD False StaticDataSize 0 StaticDataMLH 0.000 DynamicDelayMode fix_amount DynaDelayInit 0.000 DynaDelayMax 0.800 DynaDelayInter 0.080 	
3	157	88396	0	ReSet	0.00	0
4	165	88404	0	ShowTarget	0.00	0
5	1519	89704	0	MoveTarget	0.00	1
6	1533	89716	0	ShowTarget	0.00	1
7	2110	90271	0	ErrorOccurred	0.00	1
8	4124	92204	0	ErrorReturn	0.00	1
9	5213	93250	0	MoveTarget	0.00	1
10	5235	93270	0	ShowTarget	0.00	1
11	5672	93690	0	head_turned	0.00	0
12	5915	93923	0	head_stop	0.00	0
13	6611	94591	0	ShowTarget	0.00	1
14	9325	97197	0	MoveTarget	0.00	1
15	9339	97209	0	ShowTarget	0.00	1
16	9658	97516	0	head_turned	0.00	0
17	9915	97763	0	head_stop	0.00	0
18	10562	98384	0	ShowTarget	0.00	1
19	14354	102024	0	MoveTarget	0.00	1
20	14374	102043	0	ShowTarget	0.00	1
21	14950	102596	0	head_turned	0.00	0
22	15152	102790	0	head_stop	0.00	0
23	16839	104408	0	ShowTarget	0.00	1
24	18930	106417	0	MoveTarget	0.00	1
25	18944	106430	0	ShowTarget	0.00	1
26	19978	107423	0	head_turned	0.00	0
27	20450	107876	0	head_stop	0.00	0
28	20902	108310	0	ShowTarget	0.00	1
29	23819	111110	0	MoveTarget	0.00	1
30	23832	111123	0	ShowTarget	0.00	1
31	24492	111756	0	ErrorOccurred	0.00	1
32	26506	113690	0	ErrorReturn	0.00	1
33	29306	116377	0	MoveTarget	0.00	1
34	29326	116396	0	ShowTarget	0.00	1
35	29659	116716	0	head_turned	0.00	0
36	29840	116889	0	head_stop	0.00	0
37	30993	117996	0	ShowTarget	0.00	1
38	34994	121837	0	MoveTarget	0.00	1
39	35014	121856	0	ShowTarget	0.00	1
40	35389	122216	0	head_turned	0.00	0
41	35571	122391	0	head_stop	0.00	0
42	36932	123697	0	ShowTarget	0.00	1
43	38792	125483	0	MoveTarget	0.00	1
44	38813	125503	0	ShowTarget	0.00	1
45	40264	126896	0	head_turned	0.00	0
46	40522	127143	0	head_stop	0.00	0
47	41299	127889	0	ShowTarget	0.00	1
48	43883	130369	0	MoveTarget	0.00	1
49	43903	130390	0	ShowTarget	0.00	1
50	44653	131109	0	head_turned	0.00	0
51	45799	132209	0	head_stop	0.00	0
52	46467	132850	0	ShowTarget	0.00	1
53	48049	134369	0	MoveTarget	0.00	1
54	48063	134383	0	ShowTarget	0.00	1
55	49258	135530	0	head_turned	0.00	0
56	49536	135796	0	head_stop	0.00	0
57	53217	139329	0	ShowTarget	0.00	1
58	56307	142296	0	MoveTarget	0.00	1
59	56321	142309	0	ShowTarget	0.00	1
60	56814	142783	0	head_turned	0.00	0
61	57300	143249	0	head_stop	0.00	0
62	57939	143862	0	ShowTarget	0.00	1
63	59655	145510	0	MoveTarget	0.00	1
64	59668	145522	0	ShowTarget	0.00	1
65	60404	146229	0	head_turned	0.00	0
66	60607	146423	0	head_stop	0.00	0
67	61467	147249	0	ShowTarget	0.00	1
68	63329	149036	0	MoveTarget	0.00	1
69	63342	149049	0	ShowTarget	0.00	1
70	64300	149969	0	head_turned	0.00	0
71	64662	150316	0	head_stop	0.00	0
72	65405	151029	0	ShowTarget	0.00	1
73	68717	154209	0	MoveTarget	0.00	1
74	68731	154222	0	ShowTarget	0.00	1
75	69066	154543	0	head_turned	0.00	0
76	69350	154816	0	head_stop	0.00	0
77	70106	155543	0	ShowTarget	0.00	1
78	73197	158509	0	MoveTarget	0.00	1
79	73217	158529	0	ShowTarget	0.00	1
80	74482	159742	0	head_turned	0.00	0
81	74864	160109	0	head_stop	0.00	0
82	75364	160589	0	ShowTarget	0.00	1
83	77739	162869	0	MoveTarget	0.00	1
84	77752	162882	0	ShowTarget	0.00	1
85	78648	163742	0	head_turned	0.00	0
86	78892	163976	0	head_stop	0.00	0
87	79684	164736	0	ShowTarget	0.00	1
88	82204	167156	0	MoveTarget	0.00	1
89	82218	167169	0	ShowTarget	0.00	1
90	82565	167502	0	head_turned	0.00	0
91	83003	167922	0	head_stop	0.00	0
92	83551	168449	0	ShowTarget	0.00	1
93	85656	170469	0	MoveTarget	0.00	1
94	85670	170482	0	ShowTarget	0.00	1
95	86239	171029	0	head_turned	0.00	0
96	86448	171229	0	head_stop	0.00	0
97	87205	171956	0	ShowTarget	0.00	1
98	89885	174529	0	MoveTarget	0.00	1
99	89899	174542	0	ShowTarget	0.00	1
100	90212	174842	0	head_turned	0.00	0
101	90475	175095	0	head_stop	0.00	0
102	91184	175776	0	ShowTarget	0.00	1
103	98525	182822	0	MoveTarget	0.00	1
104	98539	182835	0	ShowTarget	0.00	1
105	98976	183255	0	head_turned	0.00	0
106	99268	183535	0	head_stop	0.00	0
107	100532	184748	0	ShowTarget	0.00	1
108	103462	187562	0	MoveTarget	0.00	1
109	103484	187582	0	ShowTarget	0.00	1
110	104032	188109	0	head_turned	0.00	0
111	104414	188475	0	head_stop	0.00	0
112	105324	189349	0	ShowTarget	0.00	1
113	107303	191249	0	MoveTarget	0.00	1
114	107317	191262	0	ShowTarget	0.00	1
115	107692	191622	0	ErrorOccurred	0.00	1
116	109706	193555	0	ErrorReturn	0.00	1
117	110817	194622	0	MoveTarget	0.00	1
118	110838	194642	0	ShowTarget	0.00	1
119	111477	195255	0	ErrorOccurred	0.00	1
120	113484	197182	0	ErrorReturn	0.00	1
121	114498	198155	0	MoveTarget	0.00	1
122	114519	198175	0	ShowTarget	0.00	1
123	115345	198969	0	head_turned	0.00	0
124	115657	199268	0	head_stop	0.00	0
125	117548	201083	0	ShowTarget	0.00	1
126	120741	204148	0	MoveTarget	0.00	1
127	120755	204162	0	ShowTarget	0.00	1
128	121368	204750	0	head_turned	0.00	0
129	122034	205389	0	head_stop	0.00	0
130	123234	206542	0	ShowTarget	0.00	1
131	126165	209355	0	MoveTarget	0.00	1
132	126179	209369	0	ShowTarget	0.00	1
133	126533	209708	0	ErrorOccurred	0.00	1
134	128547	211642	0	ErrorReturn	0.00	1
135	129930	212969	0	MoveTarget	0.00	1
136	129943	212982	0	ShowTarget	0.00	1
137	130353	213375	0	ErrorOccurred	0.00	1
138	132360	215302	0	ErrorReturn	0.00	1
139	133978	216855	0	MoveTarget	0.00	1
140	133992	216868	0	ShowTarget	0.00	1
141	134325	217188	0	head_turned	0.00	0
142	134610	217461	0	head_stop	0.00	0
143	135402	218222	0	ShowTarget	0.00	1
144	137368	220109	0	MoveTarget	0.00	1
145	137381	220122	0	ShowTarget	0.00	1
146	138131	220841	0	head_turned	0.00	0
147	138409	221108	0	head_stop	0.00	0
148	139652	222302	0	ShowTarget	0.00	1
149	145458	227875	0	MoveTarget	0.00	1
150	145472	227888	0	ShowTarget	0.00	1
151	146479	228855	0	head_turned	0.00	0
152	146764	229128	0	head_stop	0.00	0
153	147931	230249	0	ShowTarget	0.00	1
154	149868	232108	0	MoveTarget	0.00	1
155	149890	232129	0	ShowTarget	0.00	1
156	150306	232528	0	head_turned	0.00	0
157	150591	232802	0	head_stop	0.00	0
158	152403	234542	0	ShowTarget	0.00	1
159	154813	236855	0	MoveTarget	0.00	1
160	154827	236868	0	ShowTarget	0.00	1
161	155368	237388	0	head_turned	0.00	0
162	155653	237661	0	head_stop	0.00	0
163	156772	238735	0	ShowTarget	0.00	1
164	158577	240468	0	MoveTarget	0.00	1
165	158591	240481	0	ShowTarget	0.00	1
166	159118	240988	0	head_turned	0.00	0
167	159480	241335	0	head_stop	0.00	0
168	161029	242822	0	ShowTarget	0.00	1
169	166176	247762	0	MoveTarget	0.00	1
170	166188	247774	0	ShowTarget	0.00	1
171	166501	248075	0	head_turned	0.00	0
172	166876	248434	0	head_stop	0.00	0
173	167688	249214	0	ShowTarget	0.00	1
174	169696	251141	0	MoveTarget	0.00	1
175	169716	251161	0	ShowTarget	0.00	1
176	170183	251609	0	head_turned	0.00	0
177	170634	252042	0	head_stop	0.00	0
178	172064	253414	0	ShowTarget	0.00	1
179	174119	255388	0	MoveTarget	0.00	1
180	174140	255408	0	ShowTarget	0.00	1
181	174627	255875	0	head_turned	0.00	0
182	175029	256261	0	head_stop	0.00	0
183	175856	257054	0	ShowTarget	0.00	1
184	179585	260634	0	MoveTarget	0.00	1
185	179599	260648	0	ShowTarget	0.00	1
186	179918	260954	0	head_turned	0.00	0
187	180335	261354	0	head_stop	0.00	0
188	181448	262423	0	ShowTarget	0.00	1
189	184044	264914	0	MoveTarget	0.00	1
190	184058	264928	0	ShowTarget	0.00	1
191	184328	265188	0	head_turned	0.00	0
192	184704	265548	0	head_stop	0.00	0
193	185663	266468	0	ShowTarget	0.00	1
194	191183	271768	0	MoveTarget	0.00	1
195	191197	271781	0	ShowTarget	0.00	1
196	191565	272134	0	head_turned	0.00	0
197	191927	272482	0	head_stop	0.00	0
198	192636	273162	0	ShowTarget	0.00	1
199	195225	275648	0	MoveTarget	0.00	1
200	195239	275661	0	ShowTarget	0.00	1
201	195912	276307	0	head_turned	0.00	0
202	196378	276754	0	head_stop	0.00	0
203	197579	277908	0	ShowTarget	0.00	1
204	203413	283508	0	MoveTarget	0.00	1
205	203427	283521	0	ShowTarget	0.00	1
206	203746	283828	0	head_turned	0.00	0
207	204336	284394	0	head_stop	0.00	0
208	204872	284908	0	ShowTarget	0.00	1
209	207386	287321	0	MoveTarget	0.00	1
210	207399	287334	0	ShowTarget	0.00	1
211	209386	289241	0	head_turned	0.00	0
212	209865	289701	0	head_stop	0.00	0
213	210830	290627	0	ShowTarget	0.00	1
214	213330	293027	0	MoveTarget	0.00	1
215	213352	293048	0	ShowTarget	0.00	1
216	213754	293434	0	head_turned	0.00	0
217	214199	293861	0	head_stop	0.00	0
218	215442	295054	0	ShowTarget	0.00	1
219	218254	297754	0	MoveTarget	0.00	1
220	218275	297773	0	ShowTarget	0.00	1
221	218657	298140	0	head_turned	0.00	0
222	219108	298574	0	head_stop	0.00	0
223	220039	299467	0	ShowTarget	0.00	1
224	223296	302594	0	MoveTarget	0.00	1
225	223310	302607	0	ShowTarget	0.00	1
226	223664	302947	0	head_turned	0.00	0
227	224124	303388	0	head_stop	0.00	0
228	225179	304401	0	ShowTarget	0.00	1
229	228393	307487	0	MoveTarget	0.00	1
230	228407	307501	0	ShowTarget	0.00	1
231	229248	308307	0	head_turned	0.00	0
232	229692	308734	0	head_stop	0.00	0
233	230470	309481	0	ShowTarget	0.00	1
234	232706	311627	0	MoveTarget	0.00	1
235	232728	311647	0	ShowTarget	0.00	1
236	233567	312454	0	head_turned	0.00	0
237	234019	312887	0	head_stop	0.00	0
238	234748	313587	0	ShowTarget	0.00	1
239	238095	316800	0	MoveTarget	0.00	1
240	238116	316820	0	ShowTarget	0.00	1
241	238429	317120	0	head_turned	0.00	0
242	238873	317547	0	head_stop	0.00	0
243	239873	318507	0	ShowTarget	0.00	1
244	244999	323427	0	MoveTarget	0.00	1
245	245012	323440	0	ShowTarget	0.00	1
246	245304	323720	0	head_turned	0.00	0
247	245756	324153	0	head_stop	0.00	0
248	246492	324860	0	ShowTarget	0.00	1
249	249243	327501	0	MoveTarget	0.00	1
250	249263	327520	0	ShowTarget	0.00	1
251	249763	328001	0	head_turned	0.00	0
252	250242	328460	0	head_stop	0.00	0
253	253008	331115	0	ShowTarget	0.00	1
254	255409	333420	0	MoveTarget	0.00	1
255	255423	333434	0	ShowTarget	0.00	1
256	255736	333734	0	head_turned	0.00	0
257	256256	334233	0	head_stop	0.00	0
258	257028	334974	0	ShowTarget	0.00	1
259	258888	336760	0	MoveTarget	0.00	1
260	258909	336780	0	ShowTarget	0.00	1
261	259597	337440	0	head_turned	0.00	0
262	260118	337940	0	head_stop	0.00	0
263	260951	338740	0	ShowTarget	0.00	1
264	262979	340686	0	MoveTarget	0.00	1
265	263000	340707	0	ShowTarget	0.00	1
266	263431	341120	0	head_turned	0.00	0
267	263958	341626	0	head_stop	0.00	0
268	265389	343000	0	ShowTarget	0.00	1
269	267396	344927	0	MoveTarget	0.00	1
270	267410	344941	0	ShowTarget	0.00	1
271	267799	345314	0	head_turned	0.00	0
272	268319	345813	0	head_stop	0.00	0
273	269021	346487	0	ShowTarget	0.00	1
274	271403	348774	0	MoveTarget	0.00	1
275	271417	348786	0	ShowTarget	0.00	1
276	271806	349160	0	head_turned	0.00	0
277	272327	349660	0	head_stop	0.00	0
278	273731	351008	0	ShowTarget	0.00	1
279	276931	354080	0	MoveTarget	0.00	1
280	276952	354100	0	ShowTarget	0.00	1
281	277279	354414	0	head_turned	0.00	0
282	277799	354913	0	head_stop	0.00	0
283	278417	355506	0	ShowTarget	0.00	1
284	282223	359160	0	MoveTarget	0.00	1
285	282237	359173	0	ShowTarget	0.00	1
286	282543	359467	0	head_turned	0.00	0
287	283147	360046	0	head_stop	0.00	0
288	283696	360573	0	ShowTarget	0.00	1
289	286730	363486	0	MoveTarget	0.00	1
290	286744	363500	0	ShowTarget	0.00	1
291	287064	363806	0	head_turned	0.00	0
292	287592	364313	0	head_stop	0.00	0
293	288564	365246	0	ShowTarget	0.00	1
294	291703	368260	0	MoveTarget	0.00	1
295	291717	368273	0	ShowTarget	0.00	1
296	292453	368980	0	head_turned	0.00	0
297	292981	369486	0	head_stop	0.00	0
298	294759	371193	0	ShowTarget	0.00	1
299	296849	373200	0	MoveTarget	0.00	1
300	296870	373220	0	ShowTarget	0.00	1
301	297224	373560	0	head_turned	0.00	0
302	297828	374140	0	head_stop	0.00	0
303	298620	374900	0	ShowTarget	0.00	1
304	302003	378147	0	MoveTarget	0.00	1
305	302016	378159	0	ShowTarget	0.00	1
306	302398	378527	0	ErrorOccurred	0.00	1
307	304405	380453	0	ErrorReturn	0.00	1
308	306412	382379	0	MoveTarget	0.00	1
309	306433	382399	0	ShowTarget	0.00	1
310	306719	382673	0	head_turned	0.00	0
311	307322	383253	0	head_stop	0.00	0
312	307940	383846	0	ShowTarget	0.00	1
313	309483	385327	0	MoveTarget	0.00	1
314	309495	385339	0	ShowTarget	0.00	1
315	310447	386253	0	head_turned	0.00	0
316	311058	386839	0	head_stop	0.00	0
317	312379	388107	0	ShowTarget	0.00	1
318	317288	392819	0	MoveTarget	0.00	1
319	317302	392833	0	ShowTarget	0.00	1
320	318392	393879	0	head_turned	0.00	0
321	318996	394459	0	head_stop	0.00	0
322	319857	395286	0	ShowTarget	0.00	1
323	323052	398353	0	MoveTarget	0.00	1
324	323066	398366	0	ShowTarget	0.00	1
325	323441	398726	0	head_turned	0.00	0
326	324045	399306	0	head_stop	0.00	0
327	325219	400432	0	ShowTarget	0.00	1
328	330782	405772	0	MoveTarget	0.00	1
329	330795	405786	0	ShowTarget	0.00	1
330	331143	406119	0	head_turned	0.00	0
331	331747	406699	0	head_stop	0.00	0
332	332831	407740	0	ShowTarget	0.00	1
333	335880	410666	0	MoveTarget	0.00	1
334	335893	410679	0	ShowTarget	0.00	1
335	336393	411159	0	ErrorOccurred	0.00	1
336	338414	413099	0	ErrorReturn	0.00	1
337	339803	414432	0	MoveTarget	0.00	1
338	339817	414446	0	ShowTarget	0.00	1
339	340178	414793	0	head_turned	0.00	0
340	340789	415379	0	head_stop	0.00	0
341	341782	416332	0	ShowTarget	0.00	1
342	344400	418845	0	MoveTarget	0.00	1
343	344421	418865	0	ShowTarget	0.00	1
344	344893	419318	0	head_turned	0.00	0
345	345511	419912	0	head_stop	0.00	0
346	346893	421238	0	ShowTarget	0.00	1
347	349838	424065	0	MoveTarget	0.00	1
348	349859	424085	0	ShowTarget	0.00	1
349	350192	424405	0	head_turned	0.00	0
350	350811	424999	0	head_stop	0.00	0
351	351575	425733	0	ShowTarget	0.00	1
352	353741	427812	0	MoveTarget	0.00	1
353	353755	427825	0	ShowTarget	0.00	1
354	354415	428458	0	head_turned	0.00	0
355	355096	429112	0	head_stop	0.00	0
356	355679	429672	0	ShowTarget	0.00	1
357	357832	431739	0	MoveTarget	0.00	1
358	357845	431752	0	ShowTarget	0.00	1
359	358234	432125	0	head_turned	0.00	0
360	358915	432778	0	head_stop	0.00	0
361	359672	433505	0	ShowTarget	0.00	1
362	361519	435278	0	MoveTarget	0.00	1
363	361533	435291	0	ShowTarget	0.00	1
364	362477	436198	0	head_turned	0.00	0
365	363193	436885	0	head_stop	0.00	0
366	364005	437665	0	ShowTarget	0.00	1
367	366770	440319	0	MoveTarget	0.00	1
368	366783	440331	0	ShowTarget	0.00	1
369	367096	440632	0	head_turned	0.00	0
370	367777	441285	0	head_stop	0.00	0
371	368985	442445	0	ShowTarget	0.00	1
372	371631	444985	0	MoveTarget	0.00	1
373	371652	445005	0	ShowTarget	0.00	1
374	372047	445385	0	head_turned	0.00	0
375	372735	446045	0	head_stop	0.00	0
376	373492	446771	0	ShowTarget	0.00	1
377	376972	450112	0	MoveTarget	0.00	1
378	376985	450125	0	ShowTarget	0.00	1
379	377299	450426	0	head_turned	0.00	0
380	377979	451078	0	head_stop	0.00	0
381	380903	453885	0	ShowTarget	0.00	1
382	383091	455986	0	MoveTarget	0.00	1
383	383104	455998	0	ShowTarget	0.00	1
384	386271	459038	0	head_turned	0.00	0
385	386951	459691	0	head_stop	0.00	0
386	388361	461045	0	ShowTarget	0.00	1
387	392285	464812	0	MoveTarget	0.00	1
388	392299	464825	0	ShowTarget	0.00	1
389	392660	465172	0	head_turned	0.00	0
390	393341	465825	0	head_stop	0.00	0
391	398404	470686	0	ShowTarget	0.00	1
392	400716	472905	0	MoveTarget	0.00	1
393	400730	472918	0	ShowTarget	0.00	1
394	401203	473372	0	head_turned	0.00	0
395	401883	474025	0	head_stop	0.00	0
396	402661	474772	0	ShowTarget	0.00	1
397	405362	477365	0	MoveTarget	0.00	1
398	405376	477378	0	ShowTarget	0.00	1
399	405689	477678	0	head_turned	0.00	0
400	406453	478411	0	head_stop	0.00	0
401	407155	479086	0	ShowTarget	0.00	1
402	410377	482178	0	MoveTarget	0.00	1
403	410390	482191	0	ShowTarget	0.00	1
404	410821	482605	0	head_turned	0.00	0
405	411585	483338	0	head_stop	0.00	0
406	412321	484045	0	ShowTarget	0.00	1
407	414828	486452	0	MoveTarget	0.00	1
408	414842	486465	0	ShowTarget	0.00	1
409	415349	486951	0	head_turned	0.00	0
410	416120	487691	0	head_stop	0.00	0
411	416829	488372	0	ShowTarget	0.00	1
412	418947	490405	0	MoveTarget	0.00	1
413	418968	490424	0	ShowTarget	0.00	1
414	419259	490705	0	head_turned	0.00	0
415	420023	491438	0	head_stop	0.00	0
416	421031	492406	0	ShowTarget	0.00	1
417	423614	494885	0	MoveTarget	0.00	1
418	423628	494898	0	ShowTarget	0.00	1
419	423975	495231	0	head_turned	0.00	0
420	424738	495964	0	head_stop	0.00	0
421	425378	496579	0	ShowTarget	0.00	1
422	428954	500011	0	MoveTarget	0.00	1
423	428968	500024	0	ShowTarget	0.00	1
424	429260	500305	0	head_turned	0.00	0
425	430024	501038	0	head_stop	0.00	0
426	431121	502091	0	ShowTarget	0.00	1
427	433164	504053	0	MoveTarget	0.00	1
428	433176	504064	0	ShowTarget	0.00	1
429	433725	504591	0	head_turned	0.00	0
430	434496	505331	0	head_stop	0.00	0
431	435593	506384	0	ShowTarget	0.00	1
432	438517	509191	0	MoveTarget	0.00	1
433	438531	509205	0	ShowTarget	0.00	1
434	438844	509504	0	head_turned	0.00	0
435	439628	510258	0	head_stop	0.00	0
436	440934	511511	0	ShowTarget	0.00	1
437	442892	513391	0	MoveTarget	0.00	1
438	442907	513405	0	ShowTarget	0.00	1
439	443955	514411	0	head_turned	0.00	0
440	444726	515151	0	head_stop	0.00	0
441	445741	516125	0	ShowTarget	0.00	1
442	449248	519492	0	MoveTarget	0.00	1
443	449261	519504	0	ShowTarget	0.00	1
444	449567	519798	0	head_turned	0.00	0
445	450407	520604	0	head_stop	0.00	0
446	451436	521592	0	ShowTarget	0.00	1
447	454428	524464	0	MoveTarget	0.00	1
448	454442	524478	0	ShowTarget	0.00	1
449	454921	524938	0	head_turned	0.00	0
450	455762	525744	0	head_stop	0.00	0
451	456504	526458	0	ShowTarget	0.00	1
452	458615	528484	0	MoveTarget	0.00	1
453	458637	528504	0	ShowTarget	0.00	1
454	458879	528737	0	head_turned	0.00	0
455	459720	529544	0	head_stop	0.00	0
456	460602	530391	0	ShowTarget	0.00	1
457	464991	534605	0	MoveTarget	0.00	1
458	465005	534618	0	ShowTarget	0.00	1
459	465395	534992	0	head_turned	0.00	0
460	466234	535797	0	head_stop	0.00	0
461	467152	536679	0	ShowTarget	0.00	1
462	468797	538257	0	MoveTarget	0.00	1
463	468817	538277	0	ShowTarget	0.00	1
464	469373	538811	0	head_turned	0.00	0
465	470756	540138	0	head_stop	0.00	0
466	472658	541964	0	ShowTarget	0.00	1
467	474853	544071	0	MoveTarget	0.00	1
468	474873	544091	0	ShowTarget	0.00	1
469	475207	544411	0	head_turned	0.00	0
470	476047	545217	0	head_stop	0.00	0
471	477276	546397	0	ShowTarget	0.00	1
472	482360	551277	0	MoveTarget	0.00	1
473	482374	551290	0	ShowTarget	0.00	1
474	482700	551604	0	head_turned	0.00	0
475	483541	552410	0	head_stop	0.00	0
476	484451	553285	0	ShowTarget	0.00	1
477	486541	555291	0	MoveTarget	0.00	1
478	486555	555304	0	ShowTarget	0.00	1
479	487013	555744	0	head_turned	0.00	0
480	487860	556557	0	head_stop	0.00	0
481	489111	557757	0	ShowTarget	0.00	1
482	491756	560297	0	MoveTarget	0.00	1
483	491771	560311	0	ShowTarget	0.00	1
484	492083	560611	0	head_turned	0.00	0
485	492924	561418	0	head_stop	0.00	0
486	494612	563038	0	ShowTarget	0.00	1
487	496965	565297	0	MoveTarget	0.00	1
488	496979	565310	0	ShowTarget	0.00	1
489	497299	565618	0	head_turned	0.00	0
490	498223	566504	0	head_stop	0.00	0
491	499257	567497	0	ShowTarget	0.00	1
492	501404	569558	0	MoveTarget	0.00	1
493	501417	569570	0	ShowTarget	0.00	1
494	501827	569964	0	head_turned	0.00	0
495	502764	570864	0	head_stop	0.00	0
496	503354	571430	0	ShowTarget	0.00	1
497	506250	574210	0	MoveTarget	0.00	1
498	506264	574224	0	ShowTarget	0.00	1
499	506577	574524	0	head_turned	0.00	0
500	507500	575410	0	head_stop	0.00	0
501	508375	576250	0	ShowTarget	0.00	1
502	511549	579297	0	MoveTarget	0.00	1
503	511564	579311	0	ShowTarget	0.00	1
504	511883	579617	0	head_turned	0.00	0
505	512806	580504	0	head_stop	0.00	0
506	513612	581277	0	ShowTarget	0.00	1
507	516577	584123	0	MoveTarget	0.00	1
508	516599	584144	0	ShowTarget	0.00	1
509	516925	584457	0	head_turned	0.00	0
510	517848	585343	0	head_stop	0.00	0
511	518661	586124	0	ShowTarget	0.00	1
512	521023	588390	0	MoveTarget	0.00	1
513	521036	588403	0	ShowTarget	0.00	1
514	521599	588944	0	head_turned	0.00	0
515	522522	589830	0	head_stop	0.00	0
516	523232	590511	0	ShowTarget	0.00	1
517	526127	593290	0	MoveTarget	0.00	1
518	526141	593303	0	ShowTarget	0.00	1
519	526432	593583	0	head_turned	0.00	0
520	527363	594477	0	head_stop	0.00	0
521	528113	595197	0	ShowTarget	0.00	1
522	530057	597063	0	MoveTarget	0.00	1
523	530079	597084	0	ShowTarget	0.00	1
524	530536	597523	0	head_turned	0.00	0
525	531460	598410	0	head_stop	0.00	0
526	533128	600011	0	ShowTarget	0.00	1
527	536349	603103	0	MoveTarget	0.00	1
528	536364	603117	0	ShowTarget	0.00	1
529	536663	603404	0	head_turned	0.00	0
530	537593	604297	0	head_stop	0.00	0
531	538620	605283	0	ShowTarget	0.00	1

