Using_curved_screen True Player_screen_cm 180 Screen_width_cm 121 Camera1_display 0 Camera2_display 1 CameraFOVFactor 2 GazeTime 1.5 RandomGazeTime 0.5 HideTime 0.2 SpeedThreshold 180 StopWinodow 0.03 TargetChangeTime 1 TargetChangeTimeRRange 0 UseAcuityIndicator True AcuityMode 1 AcuityFlashTime 0.08 AcuityChangeNumber 10 AcuityChangeUpPerc 0.8 AcuityChangeDownPerc 0.5 ACuityList 90 StopSpeed 10.00 PostDelayList 0 PostDelayNumber 5 PostDelayUpC 0.50 PostDelayLoC 0.60 PostDelayConvNum 1 PostDelayRepeatNum 2 PostDelayASOffset 0 DynaDelayRepeatNum 9 
Line_#	Time_Stamp	Simulink_Sample	Trail_#	Action	Degree	Direction
9	164984	-1	GameMode StaticAcuity HideFlag True JumpFlag False ShowTargetFlag True HeadIndicatorChange False SkipCenterFlag True HideHeadIndicator True Gain 1 UsingAcuityAfter False UsingAcuityBefore False UsingAcuityWaitTime True AcuitySize 8 UsingAcuityChange True CurrAcuityChangeMode acuity_list UsingPostDelay False PostDelayMode random PostDelayInit 0.00 PostDelayIMax 0.00 ADUsingStaticData False UsingPresetSD False StaticDataSize 0 StaticDataMLH 0.000 UsingDynamicDelay False DynamicDelayMode fix_amount DynaDelayInit 0.000 DynaDelayMax 0.000 DynaDelayInter 0.000 	
3	409	165368	0	ReSet	0.00	0
4	416	165375	0	ShowTarget	0.00	0
5	1931	166829	0	MoveTarget	0.00	1
6	1951	166848	0	ShowTarget	0.00	1
7	2166	167055	0	TargetHided	0.00	1
8	2168	167056	0	ChangeTargetWaitTime	0.00	1
9	3710	168537	0	ShowTarget	0.00	1
10	4791	169575	0	MoveTarget	0.00	1
11	4805	169588	0	ShowTarget	0.00	1
12	5014	169788	0	TargetHided	0.00	1
13	5014	169788	0	ChangeTargetWaitTime	0.00	1
14	6708	171415	0	ShowTarget	0.00	1
15	8444	173081	0	MoveTarget	0.00	1
16	8465	173101	0	ShowTarget	0.00	1
17	8673	173301	0	TargetHided	0.00	1
18	8673	173301	0	ChangeTargetWaitTime	0.00	1
19	10222	174788	0	ShowTarget	0.00	1
20	11979	176475	0	MoveTarget	0.00	1
21	11993	176488	0	ShowTarget	0.00	1
22	12215	176701	0	TargetHided	0.00	1
23	12215	176701	0	ChangeTargetWaitTime	0.00	1
24	13681	178108	0	ShowTarget	0.00	1
25	15153	179521	0	MoveTarget	0.00	1
26	15167	179535	0	ShowTarget	0.00	1
27	15375	179735	0	TargetHided	0.00	1
28	15375	179735	0	ChangeTargetWaitTime	0.00	1
29	16799	181101	0	ShowTarget	0.00	1
30	18493	182728	0	MoveTarget	0.00	1
31	18508	182741	0	ShowTarget	0.00	1
32	18730	182954	0	TargetHided	0.00	1
33	18730	182954	0	ChangeTargetWaitTime	0.00	1
34	20279	184442	0	ShowTarget	0.00	1
35	21751	185855	0	MoveTarget	0.00	1
36	21764	185868	0	ShowTarget	0.00	1
37	21973	186068	0	TargetHided	0.00	1
38	21973	186068	0	ChangeTargetWaitTime	0.00	1
39	23640	187668	0	ShowTarget	0.00	1
40	24973	188948	0	MoveTarget	0.00	1
41	24994	188968	0	ShowTarget	0.00	1
42	25209	189175	0	TargetHided	0.00	1
43	25209	189175	0	ChangeTargetWaitTime	0.00	1
44	26584	190494	0	ShowTarget	0.00	1
45	28265	192108	0	MoveTarget	0.00	1
46	28279	192121	0	ShowTarget	0.00	1
47	28501	192334	0	TargetHided	0.00	1
48	28501	192334	0	ChangeTargetWaitTime	0.00	1
49	30119	193888	0	ShowTarget	0.00	1
50	31571	195281	0	MoveTarget	0.00	1
51	31591	195301	0	ShowTarget	0.00	1
52	31800	195501	0	TargetHided	0.00	1
53	31800	195501	0	ChangeTargetWaitTime	0.00	1
54	33287	196928	0	ShowTarget	0.00	1
55	35016	198588	0	MoveTarget	0.00	1
56	35029	198601	0	ShowTarget	0.00	1
57	35231	198794	0	TargetHided	0.00	1
58	35231	198794	0	ChangeTargetWaitTime	0.00	1
59	36752	200255	0	ShowTarget	0.00	1
60	38286	201728	0	MoveTarget	0.00	1
61	38300	201741	0	ShowTarget	0.00	1
62	38522	201954	0	TargetHided	0.00	1
63	38522	201954	0	ChangeTargetWaitTime	0.00	1
64	40016	203388	0	ShowTarget	0.00	1
65	41259	204581	0	MoveTarget	0.00	1
66	41279	204601	0	ShowTarget	0.00	1
67	41488	204801	0	TargetHided	0.00	1
68	41488	204801	0	ChangeTargetWaitTime	0.00	1
69	43078	206328	0	ShowTarget	0.00	1
70	44426	207621	0	MoveTarget	0.00	1
71	44439	207634	0	ShowTarget	0.00	1
72	44648	207834	0	TargetHided	0.00	1
73	44648	207834	0	ChangeTargetWaitTime	0.00	1
74	46016	209148	0	ShowTarget	0.00	1
75	47322	210401	0	MoveTarget	0.00	1
76	47342	210421	0	ShowTarget	0.00	1
77	47551	210621	0	TargetHided	0.00	1
78	47551	210621	0	ChangeTargetWaitTime	0.00	1
79	49031	212041	0	ShowTarget	0.00	1
80	51058	213988	0	MoveTarget	0.00	1
81	51072	214001	0	ShowTarget	0.00	1
82	51280	214201	0	TargetHided	0.00	1
83	51280	214201	0	ChangeTargetWaitTime	0.00	1
84	52725	215587	0	ShowTarget	0.00	1
85	54530	217321	0	MoveTarget	0.00	1
86	54544	217334	0	ShowTarget	0.00	1
87	54767	217548	0	TargetHided	0.00	1
88	54767	217548	0	ChangeTargetWaitTime	0.00	1
89	56171	218895	0	ShowTarget	0.00	1
90	57829	220488	0	MoveTarget	0.00	1
91	57843	220501	0	ShowTarget	0.00	1
92	58051	220701	0	TargetHided	0.00	1
93	58051	220701	0	ChangeTargetWaitTime	0.00	1
94	59447	222041	0	ShowTarget	0.00	1
95	60822	223361	0	MoveTarget	0.00	1
96	60836	223374	0	ShowTarget	0.00	1
97	61044	223574	0	TargetHided	0.00	1
98	61044	223574	0	ChangeTargetWaitTime	0.00	1
99	62406	224881	0	ShowTarget	0.00	1
100	64163	226567	0	MoveTarget	0.00	1
101	64177	226581	0	ShowTarget	0.00	1
102	64385	226780	0	TargetHided	0.00	1
103	64385	226781	0	ChangeTargetWaitTime	0.00	1
104	65774	228114	0	ShowTarget	0.00	1
105	67072	229360	0	MoveTarget	0.00	1
106	67093	229381	0	ShowTarget	0.00	1
107	67302	229581	0	TargetHided	0.00	1
108	67302	229581	0	ChangeTargetWaitTime	0.00	1
109	68920	231134	0	ShowTarget	0.00	1
110	70232	232394	0	MoveTarget	0.00	1
111	70246	232407	0	ShowTarget	0.00	1
112	70469	232621	0	TargetHided	0.00	1
113	70469	232621	0	ChangeTargetWaitTime	0.00	1
114	71976	234067	0	ShowTarget	0.00	1
115	73156	235201	0	MoveTarget	0.00	1
116	73170	235214	0	ShowTarget	0.00	1
117	73379	235414	0	TargetHided	0.00	1
118	73379	235414	0	ChangeTargetWaitTime	0.00	1
119	74899	236874	0	ShowTarget	0.00	1
120	76497	238407	0	MoveTarget	0.00	1
121	76511	238421	0	ShowTarget	0.00	1
122	76733	238634	0	TargetHided	0.00	1
123	76733	238634	0	ChangeTargetWaitTime	0.00	1
124	78296	240134	0	ShowTarget	0.00	1
125	79962	241733	0	MoveTarget	0.00	1
126	79976	241747	0	ShowTarget	0.00	1
127	80185	241947	0	TargetHided	0.00	1
128	80185	241947	0	ChangeTargetWaitTime	0.00	1
129	81581	243287	0	ShowTarget	0.00	1
130	82970	244621	0	MoveTarget	0.00	1
131	82983	244634	0	ShowTarget	0.00	1
132	83206	244847	0	TargetHided	0.00	1
133	83206	244847	0	ChangeTargetWaitTime	0.00	1
134	84581	246167	0	ShowTarget	0.00	1
135	86025	247554	0	MoveTarget	0.00	1
136	86046	247574	0	ShowTarget	0.00	1
137	86254	247774	0	TargetHided	0.00	1
138	86254	247774	0	ChangeTargetWaitTime	0.00	1
139	87686	249148	0	ShowTarget	0.00	1
140	89491	250881	0	MoveTarget	0.00	1
141	89512	250901	0	ShowTarget	0.00	1
142	89720	251101	0	TargetHided	0.00	1
143	89720	251101	0	ChangeTargetWaitTime	0.00	1
144	91241	252560	0	ShowTarget	0.00	1
145	92921	254174	0	MoveTarget	0.00	1
146	92942	254194	0	ShowTarget	0.00	1
147	93151	254394	0	TargetHided	0.00	1
148	93151	254394	0	ChangeTargetWaitTime	0.00	1
149	94574	255760	0	ShowTarget	0.00	1
150	96116	257240	0	MoveTarget	0.00	1
151	96130	257254	0	ShowTarget	0.00	1
152	96338	257453	0	TargetHided	0.00	1
153	96338	257453	0	ChangeTargetWaitTime	0.00	1
154	97755	258814	0	ShowTarget	0.00	1
155	99797	260774	0	MoveTarget	0.00	1
156	99811	260787	0	ShowTarget	0.00	1
157	100033	261000	0	TargetHided	0.00	1
158	100033	261000	0	ChangeTargetWaitTime	0.00	1
159	101422	262333	0	ShowTarget	0.00	1
160	102596	263460	0	MoveTarget	0.00	1
161	102610	263474	0	ShowTarget	0.00	1
162	102818	263674	0	TargetHided	0.00	1
163	102818	263674	0	ChangeTargetWaitTime	0.00	1
164	104208	265008	0	ShowTarget	0.00	1
165	105436	266187	0	MoveTarget	0.00	1
166	105450	266201	0	ShowTarget	0.00	1
167	105672	266414	0	TargetHided	0.00	1
168	105672	266414	0	ChangeTargetWaitTime	0.00	1
169	107118	267801	0	ShowTarget	0.00	1
170	108707	269327	0	MoveTarget	0.00	1
171	108728	269347	0	ShowTarget	0.00	1
172	108936	269547	0	TargetHided	0.00	1
173	108936	269547	0	ChangeTargetWaitTime	0.00	1
174	110915	271447	0	ShowTarget	0.00	1
175	112298	272773	0	MoveTarget	0.00	1
176	112318	272793	0	ShowTarget	0.00	1
177	112527	272993	0	TargetHided	0.00	1
178	112527	272993	0	ChangeTargetWaitTime	0.00	1
179	113958	274368	0	ShowTarget	0.00	1
180	115471	275820	0	MoveTarget	0.00	1
181	115492	275840	0	ShowTarget	0.00	1
182	115701	276040	0	TargetHided	0.00	1
183	115701	276040	0	ChangeTargetWaitTime	0.00	1
184	117152	277434	0	ShowTarget	0.00	1
185	118833	279047	0	MoveTarget	0.00	1
186	118847	279060	0	ShowTarget	0.00	1
187	119055	279260	0	TargetHided	0.00	1
188	119055	279260	0	ChangeTargetWaitTime	0.00	1
189	120687	280827	0	ShowTarget	0.00	1
190	122472	282540	0	MoveTarget	0.00	1
191	122487	282554	0	ShowTarget	0.00	1
192	122708	282767	0	TargetHided	0.00	1
193	122708	282767	0	ChangeTargetWaitTime	0.00	1
194	124188	284187	0	ShowTarget	0.00	1
195	126201	286120	0	MoveTarget	0.00	1
196	126222	286140	0	ShowTarget	0.00	1
197	126430	286340	0	TargetHided	0.00	1
198	126430	286340	0	ChangeTargetWaitTime	0.00	1
199	127910	287760	0	ShowTarget	0.00	1
200	129896	289666	0	MoveTarget	0.00	1
201	129910	289680	0	ShowTarget	0.00	1
202	130118	289880	0	TargetHided	0.00	1
203	130118	289880	0	ChangeTargetWaitTime	0.00	1
204	131473	291181	0	ShowTarget	0.00	1
205	132660	292320	0	MoveTarget	0.00	1
206	132674	292333	0	ShowTarget	0.00	1
207	132896	292547	0	TargetHided	0.00	1
208	132896	292547	0	ChangeTargetWaitTime	0.00	1
209	134334	293927	0	ShowTarget	0.00	1
210	136327	295840	0	MoveTarget	0.00	1
211	136341	295854	0	ShowTarget	0.00	1
212	136542	296046	0	TargetHided	0.00	1
213	136542	296046	0	ChangeTargetWaitTime	0.00	1
214	138619	298040	0	ShowTarget	0.00	1
215	140327	299680	0	MoveTarget	0.00	1
216	140341	299693	0	ShowTarget	0.00	1
217	140549	299893	0	TargetHided	0.00	1
218	140549	299893	0	ChangeTargetWaitTime	0.00	1
219	142029	301314	0	ShowTarget	0.00	1
220	143418	302646	0	MoveTarget	0.00	1
221	143431	302660	0	ShowTarget	0.00	1
222	143640	302860	0	TargetHided	0.00	1
223	143640	302860	0	ChangeTargetWaitTime	0.00	1
224	145084	304247	0	ShowTarget	0.00	1
225	146175	305293	0	MoveTarget	0.00	1
226	146189	305306	0	ShowTarget	0.00	1
227	146397	305506	0	TargetHided	0.00	1
228	146397	305506	0	ChangeTargetWaitTime	0.00	1
229	147800	306853	0	ShowTarget	0.00	1
230	149432	308420	0	MoveTarget	0.00	1
231	149445	308433	0	ShowTarget	0.00	1
232	149654	308633	0	TargetHided	0.00	1
233	149654	308633	0	ChangeTargetWaitTime	0.00	1
234	151099	310020	0	ShowTarget	0.00	1
235	152161	311040	0	MoveTarget	0.00	1
236	152175	311053	0	ShowTarget	0.00	1
237	152397	311266	0	TargetHided	0.00	1
238	152397	311267	0	ChangeTargetWaitTime	0.00	1
239	153746	312561	0	ShowTarget	0.00	1
240	154953	313719	0	MoveTarget	0.00	1
241	154967	313733	0	ShowTarget	0.00	1
242	155168	313926	0	TargetHided	0.00	1
243	155168	313926	0	ChangeTargetWaitTime	0.00	1
244	156558	315260	0	ShowTarget	0.00	1
245	158342	316973	0	MoveTarget	0.00	1
246	158356	316986	0	ShowTarget	0.00	1
247	158578	317200	0	TargetHided	0.00	1
248	158578	317200	0	ChangeTargetWaitTime	0.00	1
249	160301	318853	0	ShowTarget	0.00	1
250	161384	319893	0	MoveTarget	0.00	1
251	161398	319906	0	ShowTarget	0.00	1
252	161599	320099	0	TargetHided	0.00	1
253	161599	320099	0	ChangeTargetWaitTime	0.00	1
254	162940	321387	0	ShowTarget	0.00	1
255	164766	323140	0	MoveTarget	0.00	1
256	164780	323153	0	ShowTarget	0.00	1
257	164988	323353	0	TargetHided	0.00	1
258	164988	323353	0	ChangeTargetWaitTime	0.00	1
259	166433	324739	0	ShowTarget	0.00	1
260	168197	326433	0	MoveTarget	0.00	1
261	168211	326446	0	ShowTarget	0.00	1
262	168433	326660	0	TargetHided	0.00	1
263	168433	326660	0	ChangeTargetWaitTime	0.00	1
264	169857	328026	0	ShowTarget	0.00	1
265	171315	329426	0	MoveTarget	0.00	1
266	171329	329440	0	ShowTarget	0.00	1
267	171530	329633	0	TargetHided	0.00	1
268	171530	329633	0	ChangeTargetWaitTime	0.00	1
269	172919	330966	0	ShowTarget	0.00	1
270	174023	332026	0	MoveTarget	0.00	1
271	174037	332039	0	ShowTarget	0.00	1
272	174246	332240	0	TargetHided	0.00	1
273	174246	332240	0	ChangeTargetWaitTime	0.00	1
274	175628	333566	0	ShowTarget	0.00	1
275	177586	335446	0	MoveTarget	0.00	1
276	177600	335459	0	ShowTarget	0.00	1
277	177822	335673	0	TargetHided	0.00	1
278	177822	335673	0	ChangeTargetWaitTime	0.00	1
279	179128	336926	0	ShowTarget	0.00	1
280	180385	338133	0	MoveTarget	0.00	1
281	180399	338146	0	ShowTarget	0.00	1
282	180607	338346	0	TargetHided	0.00	1
283	180607	338346	0	ChangeTargetWaitTime	0.00	1
284	181940	339626	0	ShowTarget	0.00	1
285	183594	341213	0	MoveTarget	0.00	1
286	183607	341226	0	ShowTarget	0.00	1
287	183816	341426	0	TargetHided	0.00	1
288	183817	341427	0	ChangeTargetWaitTime	0.00	1
289	185156	342713	0	ShowTarget	0.00	1
290	186934	344419	0	MoveTarget	0.00	1
291	186948	344432	0	ShowTarget	0.00	1
292	187156	344633	0	TargetHided	0.00	1
293	187156	344633	0	ChangeTargetWaitTime	0.00	1
294	188580	345999	0	ShowTarget	0.00	1
295	190031	347393	0	MoveTarget	0.00	1
296	190045	347406	0	ShowTarget	0.00	1
297	190268	347620	0	TargetHided	0.00	1
298	190268	347620	0	ChangeTargetWaitTime	0.00	1
299	191698	348992	0	ShowTarget	0.00	1
300	193150	350386	0	MoveTarget	0.00	1
301	193164	350399	0	ShowTarget	0.00	1
302	193365	350592	0	TargetHided	0.00	1
303	193365	350592	0	ChangeTargetWaitTime	0.00	1
304	194879	352046	0	ShowTarget	0.00	1
305	196448	353553	0	MoveTarget	0.00	1
306	196462	353566	0	ShowTarget	0.00	1
307	196671	353766	0	TargetHided	0.00	1
308	196671	353766	0	ChangeTargetWaitTime	0.00	1
309	198184	355219	0	ShowTarget	0.00	1
310	199303	356292	0	MoveTarget	0.00	1
311	199317	356306	0	ShowTarget	0.00	1
312	199539	356519	0	TargetHided	0.00	1
313	199539	356519	0	ChangeTargetWaitTime	0.00	1
314	200893	357819	0	ShowTarget	0.00	1
315	202379	359246	0	MoveTarget	0.00	1
316	202393	359259	0	ShowTarget	0.00	1
317	202594	359452	0	TargetHided	0.00	1
318	202595	359452	0	ChangeTargetWaitTime	0.00	1
319	204346	361134	0	ShowTarget	0.00	1
320	205685	362419	0	MoveTarget	0.00	1
321	205699	362432	0	ShowTarget	0.00	1
322	205907	362633	0	TargetHided	0.00	1
323	205908	362633	0	ChangeTargetWaitTime	0.00	1
324	207290	363959	0	ShowTarget	0.00	1
325	209074	365673	0	MoveTarget	0.00	1
326	209088	365686	0	ShowTarget	0.00	1
327	209310	365899	0	TargetHided	0.00	1
328	209310	365899	0	ChangeTargetWaitTime	0.00	1
329	210693	367227	0	ShowTarget	0.00	1
330	212116	368592	0	MoveTarget	0.00	1
331	212130	368606	0	ShowTarget	0.00	1
332	212331	368799	0	TargetHided	0.00	1
333	212331	368799	0	ChangeTargetWaitTime	0.00	1
334	213700	370113	0	ShowTarget	0.00	1
335	215713	372045	0	MoveTarget	0.00	1
336	215727	372059	0	ShowTarget	0.00	1
337	215949	372272	0	TargetHided	0.00	1
338	215950	372272	0	ChangeTargetWaitTime	0.00	1
339	217338	373606	0	ShowTarget	0.00	1
340	219012	375212	0	MoveTarget	0.00	1
341	219026	375226	0	ShowTarget	0.00	1
342	219234	375426	0	TargetHided	0.00	1
343	219235	375426	0	ChangeTargetWaitTime	0.00	1
344	220707	376839	0	ShowTarget	0.00	1
345	222589	378646	0	MoveTarget	0.00	1
346	222603	378659	0	ShowTarget	0.00	1
347	222811	378859	0	TargetHided	0.00	1
348	222811	378859	0	ChangeTargetWaitTime	0.00	1
349	224395	380380	0	ShowTarget	0.00	1
350	225658	381592	0	MoveTarget	0.00	1
351	225679	381612	0	ShowTarget	0.00	1
352	225894	381819	0	TargetHided	0.00	1
353	225894	381819	0	ChangeTargetWaitTime	0.00	1
354	227242	383112	0	ShowTarget	0.00	1
355	228297	384125	0	MoveTarget	0.00	1
356	228318	384145	0	ShowTarget	0.00	1
357	228527	384345	0	TargetHided	0.00	1
358	228527	384345	0	ChangeTargetWaitTime	0.00	1
359	230493	386233	0	ShowTarget	0.00	1
360	231707	387399	0	MoveTarget	0.00	1
361	231721	387412	0	ShowTarget	0.00	1
362	231943	387625	0	TargetHided	0.00	1
363	231943	387625	0	ChangeTargetWaitTime	0.00	1
364	233527	389145	0	ShowTarget	0.00	1
365	234964	390525	0	MoveTarget	0.00	1
366	234978	390538	0	ShowTarget	0.00	1
367	235187	390739	0	TargetHided	0.00	1
368	235187	390739	0	ChangeTargetWaitTime	0.00	1
369	236597	392093	0	ShowTarget	0.00	1
370	237965	393405	0	MoveTarget	0.00	1
371	237979	393419	0	ShowTarget	0.00	1
372	238187	393619	0	TargetHided	0.00	1
373	238187	393619	0	ChangeTargetWaitTime	0.00	1
374	239583	394959	0	ShowTarget	0.00	1
375	241146	396459	0	MoveTarget	0.00	1
376	241159	396472	0	ShowTarget	0.00	1
377	241381	396685	0	TargetHided	0.00	1
378	241381	396685	0	ChangeTargetWaitTime	0.00	1
379	242736	397985	0	ShowTarget	0.00	1
380	244458	399639	0	MoveTarget	0.00	1
381	244479	399659	0	ShowTarget	0.00	1
382	244687	399859	0	TargetHided	0.00	1
383	244687	399859	0	ChangeTargetWaitTime	0.00	1
384	246070	401186	0	ShowTarget	0.00	1
385	247868	402912	0	MoveTarget	0.00	1
386	247882	402925	0	ShowTarget	0.00	1
387	248104	403139	0	TargetHided	0.00	1
388	248104	403139	0	ChangeTargetWaitTime	0.00	1
389	249536	404513	0	ShowTarget	0.00	1
390	251285	406192	0	MoveTarget	0.00	1
391	251299	406205	0	ShowTarget	0.00	1
392	251500	406398	0	TargetHided	0.00	1
393	251500	406398	0	ChangeTargetWaitTime	0.00	1
394	252875	407718	0	ShowTarget	0.00	1
395	254646	409419	0	MoveTarget	0.00	1
396	254667	409438	0	ShowTarget	0.00	1
397	254875	409638	0	TargetHided	0.00	1
398	254875	409638	0	ChangeTargetWaitTime	0.00	1
399	256300	411006	0	ShowTarget	0.00	1
400	257514	412172	0	MoveTarget	0.00	1
401	257528	412185	0	ShowTarget	0.00	1
402	257751	412399	0	TargetHided	0.00	1
403	257751	412399	0	ChangeTargetWaitTime	0.00	1
404	259098	413692	0	ShowTarget	0.00	1
405	260307	414852	0	MoveTarget	0.00	1
406	260320	414865	0	ShowTarget	0.00	1
407	260528	415065	0	TargetHided	0.00	1
408	260529	415065	0	ChangeTargetWaitTime	0.00	1
409	262120	416592	0	ShowTarget	0.00	1
410	263598	418011	0	MoveTarget	0.00	1
411	263612	418025	0	ShowTarget	0.00	1
412	263820	418225	0	TargetHided	0.00	1
413	263820	418225	0	ChangeTargetWaitTime	0.00	1
414	265245	419593	0	ShowTarget	0.00	1
415	266723	421012	0	MoveTarget	0.00	1
416	266737	421025	0	ShowTarget	0.00	1
417	266946	421225	0	TargetHided	0.00	1
418	266946	421225	0	ChangeTargetWaitTime	0.00	1
419	268369	422592	0	ShowTarget	0.00	1
420	269578	423752	0	MoveTarget	0.00	1
421	269592	423765	0	ShowTarget	0.00	1
422	269814	423978	0	TargetHided	0.00	1
423	269814	423978	0	ChangeTargetWaitTime	0.00	1
424	271911	425992	0	ShowTarget	0.00	1
425	273155	427185	0	MoveTarget	0.00	1
426	273168	427198	0	ShowTarget	0.00	1
427	273370	427392	0	TargetHided	0.00	1
428	273370	427392	0	ChangeTargetWaitTime	0.00	1
429	275092	429045	0	ShowTarget	0.00	1
430	276419	430318	0	MoveTarget	0.00	1
431	276432	430331	0	ShowTarget	0.00	1
432	276642	430532	0	TargetHided	0.00	1
433	276642	430532	0	ChangeTargetWaitTime	0.00	1
434	278016	431852	0	ShowTarget	0.00	1
435	279064	432858	0	MoveTarget	0.00	1
436	279086	432879	0	ShowTarget	0.00	1
437	279300	433085	0	TargetHided	0.00	1
438	279301	433085	0	ChangeTargetWaitTime	0.00	1
439	280662	434391	0	ShowTarget	0.00	1
440	282509	436165	0	MoveTarget	0.00	1
441	282523	436178	0	ShowTarget	0.00	1
442	282732	436379	0	TargetHided	0.00	1
443	282732	436379	0	ChangeTargetWaitTime	0.00	1
444	284099	437691	0	ShowTarget	0.00	1
445	285808	439331	0	MoveTarget	0.00	1
446	285822	439345	0	ShowTarget	0.00	1
447	286030	439545	0	TargetHided	0.00	1
448	286030	439545	0	ChangeTargetWaitTime	0.00	1
449	287572	441025	0	ShowTarget	0.00	1
450	288829	442231	0	MoveTarget	0.00	1
451	288843	442245	0	ShowTarget	0.00	1
452	289065	442458	0	TargetHided	0.00	1
453	289065	442458	0	ChangeTargetWaitTime	0.00	1
454	290433	443771	0	ShowTarget	0.00	1
291960	445236	-1	GameMode DynamicAcuity HideFlag False JumpFlag False ShowTargetFlag True HeadIndicatorChange True SkipCenterFlag True HideHeadIndicator False Gain 1 UsingAcuityAfter False UsingAcuityBefore True UsingAcuityWaitTime False AcuitySize 8 UsingAcuityChange True CurrAcuityChangeMode acuity_list UsingPostDelay False PostDelayMode random PostDelayInit 0.00 PostDelayIMax 0.00 ADUsingStaticData False UsingPresetSD False StaticDataSize 0 StaticDataMLH 0.000 UsingDynamicDelay False DynamicDelayMode fix_amount DynaDelayInit 0.000 DynaDelayMax 0.000 DynaDelayInter 0.000 	
455	350048	500997	0	ReSet	0.00	0
456	350055	501004	0	ShowTarget	0.00	1
457	364285	514664	0	MoveTarget	0.00	1
458	364299	514677	0	ShowTarget	0.00	1
459	373959	523951	0	head_turned	0.00	0
460	374168	524151	0	head_stop	0.00	0
461	376140	526044	0	ShowTarget	0.00	1
462	382244	531904	0	MoveTarget	0.00	1
463	382265	531923	0	ShowTarget	0.00	1
464	388654	538057	0	head_turned	0.00	0
465	388758	538157	0	head_stop	0.00	0
466	389828	539184	0	ShowTarget	0.00	1
467	392051	541317	0	MoveTarget	0.00	1
468	392064	541330	0	ShowTarget	0.00	1
469	408586	557190	0	head_turned	0.00	0
470	408780	557377	0	head_stop	0.00	0
471	409871	558423	0	ShowTarget	0.00	1
472	412232	560690	0	MoveTarget	0.00	1
473	412253	560710	0	ShowTarget	0.00	1
474	412732	561170	0	head_turned	0.00	0
475	412961	561390	0	head_stop	0.00	0
476	413753	562150	0	ShowTarget	0.00	1
477	415809	564123	0	MoveTarget	0.00	1
478	415822	564136	0	ShowTarget	0.00	1
479	416288	564584	0	ErrorOccurred	0.00	1
480	418302	566517	0	ErrorReturn	0.00	1
481	419649	567810	0	MoveTarget	0.00	1
482	419663	567823	0	ShowTarget	0.00	1
483	419996	568143	0	head_turned	0.00	0
484	420246	568383	0	head_stop	0.00	0
485	421101	569204	0	ShowTarget	0.00	1
486	423281	571296	0	MoveTarget	0.00	1
487	423295	571310	0	ShowTarget	0.00	1
488	423691	571690	0	head_turned	0.00	0
489	423795	571790	0	head_stop	0.00	0
490	424990	572937	0	ShowTarget	0.00	1
491	429011	576796	0	MoveTarget	0.00	1
492	429025	576810	0	ShowTarget	0.00	1
493	429420	577189	0	head_turned	0.00	0
494	429622	577383	0	head_stop	0.00	0
495	430518	578243	0	ShowTarget	0.00	1
496	433157	580776	0	MoveTarget	0.00	1
497	433178	580796	0	ShowTarget	0.00	1
498	433594	581196	0	ErrorOccurred	0.00	1
499	435601	583123	0	ErrorReturn	0.00	1
500	437727	585163	0	MoveTarget	0.00	1
501	437740	585176	0	ShowTarget	0.00	1
502	438206	585623	0	head_turned	0.00	0
503	438428	585837	0	head_stop	0.00	0
504	439602	586963	0	ShowTarget	0.00	1
505	441831	589103	0	MoveTarget	0.00	1
506	441845	589116	0	ShowTarget	0.00	1
507	442261	589516	0	head_turned	0.00	0
508	442609	589849	0	head_stop	0.00	0
509	443617	590817	0	ShowTarget	0.00	1
510	446588	593670	0	MoveTarget	0.00	1
511	446602	593683	0	ShowTarget	0.00	1
512	446998	594063	0	head_turned	0.00	0
513	447199	594256	0	head_stop	0.00	0
514	448124	595144	0	ShowTarget	0.00	1
515	451318	598209	0	MoveTarget	0.00	1
516	451338	598229	0	ShowTarget	0.00	1
517	451651	598530	0	head_turned	0.00	0
518	451881	598750	0	head_stop	0.00	0
519	452651	599490	0	ShowTarget	0.00	1
520	454589	601350	0	MoveTarget	0.00	1
521	454603	601362	0	ShowTarget	0.00	1
522	454999	601743	0	head_turned	0.00	0
523	455137	601876	0	head_stop	0.00	0
524	456791	603463	0	ShowTarget	0.00	1
525	458992	605576	0	MoveTarget	0.00	1
526	459006	605589	0	ShowTarget	0.00	1
527	459395	605963	0	head_turned	0.00	0
528	459527	606089	0	head_stop	0.00	0
529	460603	607123	0	ShowTarget	0.00	1
530	462339	608789	0	MoveTarget	0.00	1
531	462360	608809	0	ShowTarget	0.00	1
532	462714	609149	0	head_turned	0.00	0
533	462922	609349	0	head_stop	0.00	0
534	463763	610156	0	ShowTarget	0.00	1
535	466464	612749	0	MoveTarget	0.00	1
536	466478	612763	0	ShowTarget	0.00	1
537	466826	613096	0	head_turned	0.00	0
538	467041	613303	0	head_stop	0.00	0
539	467910	614137	0	ShowTarget	0.00	1
540	470805	616916	0	MoveTarget	0.00	1
541	470819	616929	0	ShowTarget	0.00	1
542	471166	617263	0	head_turned	0.00	0
543	471388	617476	0	head_stop	0.00	0
544	472298	618349	0	ShowTarget	0.00	1
545	474979	620922	0	MoveTarget	0.00	1
546	474992	620936	0	ShowTarget	0.00	1
547	475333	621262	0	head_turned	0.00	0
548	475527	621449	0	head_stop	0.00	0
549	476402	622289	0	ShowTarget	0.00	1
550	479035	624816	0	MoveTarget	0.00	1
551	479049	624829	0	ShowTarget	0.00	1
552	479382	625149	0	head_turned	0.00	0
553	479618	625376	0	head_stop	0.00	0
554	480896	626602	0	ShowTarget	0.00	1
555	483542	629142	0	MoveTarget	0.00	1
556	483555	629155	0	ShowTarget	0.00	1
557	483931	629516	0	head_turned	0.00	0
558	484299	629869	0	head_stop	0.00	0
559	484972	630516	0	ShowTarget	0.00	1
560	487306	632756	0	MoveTarget	0.00	1
561	487327	632776	0	ShowTarget	0.00	1
562	487660	633095	0	head_turned	0.00	0
563	487917	633342	0	head_stop	0.00	0
564	489105	634482	0	ShowTarget	0.00	1
565	492035	637295	0	MoveTarget	0.00	1
566	492057	637316	0	ShowTarget	0.00	1
567	492382	637629	0	head_turned	0.00	0
568	492591	637829	0	head_stop	0.00	0
569	493466	638669	0	ShowTarget	0.00	1
570	496071	641169	0	MoveTarget	0.00	1
571	496084	641182	0	ShowTarget	0.00	1
572	496432	641516	0	head_turned	0.00	0
573	496653	641729	0	head_stop	0.00	0
574	497807	642836	0	ShowTarget	0.00	1
575	499953	644896	0	MoveTarget	0.00	1
576	499967	644909	0	ShowTarget	0.00	1
577	500293	645222	0	head_turned	0.00	0
578	500501	645422	0	head_stop	0.00	0
579	501932	646796	0	ShowTarget	0.00	1
580	503973	648755	0	MoveTarget	0.00	1
581	503994	648775	0	ShowTarget	0.00	1
582	504293	649062	0	head_turned	0.00	0
583	504425	649189	0	head_stop	0.00	0
584	505675	650388	0	ShowTarget	0.00	1
585	507849	652476	0	MoveTarget	0.00	1
586	507863	652489	0	ShowTarget	0.00	1
587	508210	652822	0	head_turned	0.00	0
588	508592	653188	0	head_stop	0.00	0
589	509599	654155	0	ShowTarget	0.00	1
590	511822	656290	0	MoveTarget	0.00	1
591	511842	656309	0	ShowTarget	0.00	1
592	512175	656629	0	head_turned	0.00	0
593	512404	656849	0	head_stop	0.00	0
594	513773	658162	0	ShowTarget	0.00	1
595	516419	660702	0	MoveTarget	0.00	1
596	516439	660722	0	ShowTarget	0.00	1
597	516752	661022	0	head_turned	0.00	0
598	516981	661242	0	head_stop	0.00	0
599	518399	662603	0	ShowTarget	0.00	1
600	520863	664969	0	MoveTarget	0.00	1
601	520877	664982	0	ShowTarget	0.00	1
602	521155	665249	0	head_turned	0.00	0
603	521363	665449	0	head_stop	0.00	0
604	522739	666769	0	ShowTarget	0.00	1
605	524850	668795	0	MoveTarget	0.00	1
606	524871	668815	0	ShowTarget	0.00	1
607	525482	669402	0	head_turned	0.00	0
608	525683	669595	0	head_stop	0.00	0
609	527385	671229	0	ShowTarget	0.00	1
610	529253	673022	0	MoveTarget	0.00	1
611	529267	673035	0	ShowTarget	0.00	1
612	530614	674328	0	head_turned	0.00	0
613	530982	674682	0	head_stop	0.00	0
614	531907	675569	0	ShowTarget	0.00	1
615	534538	678095	0	MoveTarget	0.00	1
616	534559	678115	0	ShowTarget	0.00	1
617	535038	678575	0	head_turned	0.00	0
618	535204	678735	0	head_stop	0.00	0
619	536100	679595	0	ShowTarget	0.00	1
620	538545	681942	0	MoveTarget	0.00	1
621	538566	681962	0	ShowTarget	0.00	1
622	538872	682255	0	head_turned	0.00	0
623	539003	682382	0	head_stop	0.00	0
624	540171	683503	0	ShowTarget	0.00	1
625	542726	685955	0	MoveTarget	0.00	1
626	542747	685975	0	ShowTarget	0.00	1
627	543087	686302	0	head_turned	0.00	0
628	543240	686448	0	head_stop	0.00	0
629	544420	687581	0	ShowTarget	0.00	1
630	546136	689228	0	MoveTarget	0.00	1
631	546150	689242	0	ShowTarget	0.00	1
632	546476	689555	0	head_turned	0.00	0
633	546795	689861	0	head_stop	0.00	0
634	547879	690902	0	ShowTarget	0.00	1
635	550400	693321	0	MoveTarget	0.00	1
636	550421	693341	0	ShowTarget	0.00	1
637	550748	693655	0	head_turned	0.00	0
638	550949	693848	0	head_stop	0.00	0
639	551984	694842	0	ShowTarget	0.00	1
640	554060	696835	0	MoveTarget	0.00	1
641	554074	696848	0	ShowTarget	0.00	1
642	554373	697135	0	head_turned	0.00	0
643	554706	697455	0	head_stop	0.00	0
644	555547	698262	0	ShowTarget	0.00	1
645	557088	699741	0	MoveTarget	0.00	1
646	557109	699762	0	ShowTarget	0.00	1
647	557484	700122	0	head_turned	0.00	0
648	557609	700242	0	head_stop	0.00	0
649	558664	701255	0	ShowTarget	0.00	1
650	560699	703208	0	MoveTarget	0.00	1
651	560713	703221	0	ShowTarget	0.00	1
652	561012	703508	0	head_turned	0.00	0
653	561137	703628	0	head_stop	0.00	0
654	562963	705381	0	ShowTarget	0.00	1
655	565776	708081	0	MoveTarget	0.00	1
656	565797	708101	0	ShowTarget	0.00	1
657	566123	708414	0	head_turned	0.00	0
658	566303	708588	0	head_stop	0.00	0
659	567797	710021	0	ShowTarget	0.00	1
660	570228	712355	0	MoveTarget	0.00	1
661	570241	712368	0	ShowTarget	0.00	1
662	570651	712761	0	ErrorOccurred	0.00	1
663	572658	714688	0	ErrorReturn	0.00	1
664	576756	718621	0	MoveTarget	0.00	1
665	576777	718641	0	ShowTarget	0.00	1
666	577152	719002	0	head_turned	0.00	0
667	577499	719334	0	head_stop	0.00	0
668	578499	720295	0	ShowTarget	0.00	1
669	581179	722868	0	MoveTarget	0.00	1
670	581200	722888	0	ShowTarget	0.00	1
671	581534	723208	0	head_turned	0.00	0
672	581763	723428	0	head_stop	0.00	0
673	582805	724428	0	ShowTarget	0.00	1
674	584486	726042	0	MoveTarget	0.00	1
675	584506	726061	0	ShowTarget	0.00	1
676	584943	726481	0	head_turned	0.00	0
677	585173	726701	0	head_stop	0.00	0
678	586249	727734	0	ShowTarget	0.00	1
679	588478	729874	0	MoveTarget	0.00	1
680	588492	729888	0	ShowTarget	0.00	1
681	588805	730187	0	head_turned	0.00	0
682	589027	730401	0	head_stop	0.00	0
683	590007	731341	0	ShowTarget	0.00	1
684	591750	733014	0	MoveTarget	0.00	1
685	591770	733034	0	ShowTarget	0.00	1
686	592111	733361	0	head_turned	0.00	0
687	592284	733527	0	head_stop	0.00	0
688	593139	734348	0	ShowTarget	0.00	1
689	594798	735941	0	MoveTarget	0.00	1
690	594819	735961	0	ShowTarget	0.00	1
691	595201	736328	0	head_turned	0.00	0
692	595437	736554	0	head_stop	0.00	0
693	596215	737300	0	ShowTarget	0.00	1
694	598167	739174	0	MoveTarget	0.00	1
695	598180	739187	0	ShowTarget	0.00	1
696	598486	739481	0	head_turned	0.00	0
697	598715	739701	0	head_stop	0.00	0
698	599625	740574	0	ShowTarget	0.00	1
699	602104	742954	0	MoveTarget	0.00	1
700	602125	742974	0	ShowTarget	0.00	1
701	602459	743294	0	head_turned	0.00	0
702	602632	743461	0	head_stop	0.00	0
703	603549	744341	0	ShowTarget	0.00	1
704	605104	745834	0	MoveTarget	0.00	1
705	605126	745854	0	ShowTarget	0.00	1
706	605500	746214	0	head_turned	0.00	0
707	605840	746541	0	head_stop	0.00	0
708	606563	747234	0	ShowTarget	0.00	1
709	609063	749634	0	MoveTarget	0.00	1
710	609077	749647	0	ShowTarget	0.00	1
711	609411	749968	0	head_turned	0.00	0
712	609598	750147	0	head_stop	0.00	0
713	612480	752914	0	ShowTarget	0.00	1
714	614911	755247	0	MoveTarget	0.00	1
715	614924	755261	0	ShowTarget	0.00	1
716	615272	755594	0	head_turned	0.00	0
717	615459	755774	0	head_stop	0.00	0
718	616730	756994	0	ShowTarget	0.00	1
719	618536	758728	0	MoveTarget	0.00	1
720	618550	758741	0	ShowTarget	0.00	1
721	618925	759100	0	head_turned	0.00	0
722	619126	759294	0	head_stop	0.00	0
723	620453	760568	0	ShowTarget	0.00	1
724	622217	762260	0	MoveTarget	0.00	1
725	622231	762274	0	ShowTarget	0.00	1
726	622585	762614	0	head_turned	0.00	0
727	622912	762928	0	head_stop	0.00	0
728	624043	764014	0	ShowTarget	0.00	1
729	626057	765947	0	MoveTarget	0.00	1
730	626071	765961	0	ShowTarget	0.00	1
731	626481	766354	0	ErrorOccurred	0.00	1
732	628488	768280	0	ErrorReturn	0.00	1
733	630433	770147	0	MoveTarget	0.00	1
734	630446	770160	0	ShowTarget	0.00	1
735	630780	770480	0	head_turned	0.00	0
736	631016	770707	0	head_stop	0.00	0
737	632170	771815	0	ShowTarget	0.00	1
738	634912	774447	0	MoveTarget	0.00	1
739	634926	774460	0	ShowTarget	0.00	1
740	635287	774807	0	head_turned	0.00	0
741	635481	774994	0	head_stop	0.00	0
742	636850	776307	0	ShowTarget	0.00	1
743	639169	778534	0	MoveTarget	0.00	1
744	639183	778547	0	ShowTarget	0.00	1
745	639544	778894	0	head_turned	0.00	0
746	639677	779021	0	head_stop	0.00	0
747	640961	780254	0	ShowTarget	0.00	1
748	643183	782387	0	MoveTarget	0.00	1
749	643197	782400	0	ShowTarget	0.00	1
750	643544	782733	0	head_turned	0.00	0
751	643850	783027	0	head_stop	0.00	0
752	644725	783867	0	ShowTarget	0.00	1
753	646885	785940	0	MoveTarget	0.00	1
754	646899	785954	0	ShowTarget	0.00	1
755	647204	786247	0	head_turned	0.00	0
756	647392	786427	0	head_stop	0.00	0
757	648288	787287	0	ShowTarget	0.00	1
758	650822	789720	0	MoveTarget	0.00	1
759	650836	789734	0	ShowTarget	0.00	1
760	651121	790007	0	head_turned	0.00	0
761	651309	790187	0	head_stop	0.00	0
762	652392	791227	0	ShowTarget	0.00	1
763	654941	793674	0	MoveTarget	0.00	1
764	654955	793687	0	ShowTarget	0.00	1
765	655399	794113	0	ErrorOccurred	0.00	1
766	657413	796047	0	ErrorReturn	0.00	1
767	659518	798067	0	MoveTarget	0.00	1
768	659539	798087	0	ShowTarget	0.00	1
769	659878	798413	0	head_turned	0.00	0
770	660129	798653	0	head_stop	0.00	0
771	660914	799407	0	ShowTarget	0.00	1
772	662566	800994	0	MoveTarget	0.00	1
773	662587	801013	0	ShowTarget	0.00	1
774	662941	801353	0	head_turned	0.00	0
775	663129	801534	0	head_stop	0.00	0
776	664025	802393	0	ShowTarget	0.00	1
777	666303	804580	0	MoveTarget	0.00	1
778	666316	804593	0	ShowTarget	0.00	1
779	666684	804946	0	head_turned	0.00	0
780	666900	805153	0	head_stop	0.00	0
781	667852	806068	0	ShowTarget	0.00	1
782	669935	808067	0	MoveTarget	0.00	1
783	669949	808080	0	ShowTarget	0.00	1
784	670268	808387	0	head_turned	0.00	0
785	670601	808707	0	head_stop	0.00	0
786	671289	809367	0	ShowTarget	0.00	1
787	673428	811420	0	MoveTarget	0.00	1
788	673449	811440	0	ShowTarget	0.00	1
789	673741	811720	0	head_turned	0.00	0
790	673921	811893	0	head_stop	0.00	0
791	674824	812760	0	ShowTarget	0.00	1
792	676393	814266	0	MoveTarget	0.00	1
793	676414	814286	0	ShowTarget	0.00	1
794	676866	814720	0	head_turned	0.00	0
795	677074	814920	0	head_stop	0.00	0
796	678324	816120	0	ShowTarget	0.00	1
797	680026	817753	0	MoveTarget	0.00	1
798	680047	817773	0	ShowTarget	0.00	1
799	680415	818127	0	head_turned	0.00	0
800	680595	818300	0	head_stop	0.00	0
801	681970	819620	0	ShowTarget	0.00	1
802	684436	821986	0	MoveTarget	0.00	1
803	684450	822000	0	ShowTarget	0.00	1
804	684797	822333	0	head_turned	0.00	0
805	685109	822633	0	head_stop	0.00	0
806	686109	823593	0	ShowTarget	0.00	1
807	688151	825553	0	MoveTarget	0.00	1
808	688165	825566	0	ShowTarget	0.00	1
809	688574	825959	0	ErrorOccurred	0.00	1
810	690582	827886	0	ErrorReturn	0.00	1
811	691728	828986	0	MoveTarget	0.00	1
812	691742	829000	0	ShowTarget	0.00	1
813	692103	829346	0	head_turned	0.00	0
814	692311	829546	0	head_stop	0.00	0
815	693332	830526	0	ShowTarget	0.00	1
816	695700	832799	0	MoveTarget	0.00	1
817	695714	832813	0	ShowTarget	0.00	1
818	696103	833186	0	head_turned	0.00	0
819	696263	833339	0	head_stop	0.00	0
820	697374	834406	0	ShowTarget	0.00	1
821	699471	836420	0	MoveTarget	0.00	1
822	699485	836433	0	ShowTarget	0.00	1
823	699812	836746	0	head_turned	0.00	0
824	700124	837046	0	head_stop	0.00	0
825	701458	838327	0	ShowTarget	0.00	1
826	703402	840193	0	MoveTarget	0.00	1
827	703423	840213	0	ShowTarget	0.00	1
828	703743	840520	0	head_turned	0.00	0
829	704090	840853	0	head_stop	0.00	0
830	704715	841454	0	ShowTarget	0.00	1
831	706402	843073	0	MoveTarget	0.00	1
832	706416	843086	0	ShowTarget	0.00	1
833	706805	843460	0	head_turned	0.00	0
834	707020	843666	0	head_stop	0.00	0
835	707910	844520	0	ShowTarget	0.00	1
836	710319	846833	0	MoveTarget	0.00	1
837	710333	846846	0	ShowTarget	0.00	1
838	710708	847206	0	head_turned	0.00	0
839	711083	847566	0	head_stop	0.00	0
840	711812	848266	0	ShowTarget	0.00	1
841	716583	852846	0	MoveTarget	0.00	1
842	716597	852859	0	ShowTarget	0.00	1
843	716965	853213	0	head_turned	0.00	0
844	717285	853519	0	head_stop	0.00	0
845	718042	854247	0	ShowTarget	0.00	1
846	719681	855819	0	MoveTarget	0.00	1
847	719694	855832	0	ShowTarget	0.00	1
848	720091	856213	0	ErrorOccurred	0.00	1
849	722097	858139	0	ErrorReturn	0.00	1
850	723257	859253	0	MoveTarget	0.00	1
851	723271	859266	0	ShowTarget	0.00	1
852	723695	859672	0	head_turned	0.00	0
853	724070	860033	0	head_stop	0.00	0
854	724911	860840	0	ShowTarget	0.00	1
855	727015	862860	0	MoveTarget	0.00	1
856	727028	862873	0	ShowTarget	0.00	1
857	727403	863233	0	ErrorOccurred	0.00	1
858	729411	865159	0	ErrorReturn	0.00	1
859	730918	866606	0	MoveTarget	0.00	1
860	730939	866626	0	ShowTarget	0.00	1
861	731237	866912	0	head_turned	0.00	0
862	731563	867226	0	head_stop	0.00	0
863	732766	868380	0	ShowTarget	0.00	1
864	735320	870832	0	MoveTarget	0.00	1
865	735334	870846	0	ShowTarget	0.00	1
866	735702	871199	0	head_turned	0.00	0
867	735890	871379	0	head_stop	0.00	0
868	737015	872459	0	ShowTarget	0.00	1
869	739404	874752	0	MoveTarget	0.00	1
870	739425	874772	0	ShowTarget	0.00	1
871	739751	875086	0	head_turned	0.00	0
872	740182	875499	0	head_stop	0.00	0
873	741168	876446	0	ShowTarget	0.00	1
874	743356	878546	0	MoveTarget	0.00	1
875	743370	878559	0	ShowTarget	0.00	1
876	743724	878899	0	ErrorOccurred	0.00	1
877	745738	880832	0	ErrorReturn	0.00	1
878	747224	882259	0	MoveTarget	0.00	1
879	747238	882272	0	ShowTarget	0.00	1
880	747543	882566	0	head_turned	0.00	0
881	747766	882779	0	head_stop	0.00	0
882	749170	884126	0	ShowTarget	0.00	1
883	751669	886526	0	MoveTarget	0.00	1
884	751690	886546	0	ShowTarget	0.00	1
885	752016	886859	0	head_turned	0.00	0
886	752294	887125	0	head_stop	0.00	0
887	753405	888192	0	ShowTarget	0.00	1
888	755627	890326	0	MoveTarget	0.00	1
889	755641	890339	0	ShowTarget	0.00	1
890	755926	890612	0	head_turned	0.00	0
891	756169	890846	0	head_stop	0.00	0
892	757121	891759	0	ShowTarget	0.00	1
893	759141	893699	0	MoveTarget	0.00	1
894	759155	893712	0	ShowTarget	0.00	1
895	759482	894025	0	head_turned	0.00	0
896	759711	894246	0	head_stop	0.00	0
897	760635	895133	0	ShowTarget	0.00	1
898	763107	897506	0	MoveTarget	0.00	1
899	763121	897519	0	ShowTarget	0.00	1
900	763447	897832	0	head_turned	0.00	0
901	763676	898052	0	head_stop	0.00	0
902	764510	898852	0	ShowTarget	0.00	1
903	766204	900479	0	MoveTarget	0.00	1
904	766225	900499	0	ShowTarget	0.00	1
905	766586	900845	0	head_turned	0.00	0
906	766788	901039	0	head_stop	0.00	0
907	768281	902472	0	ShowTarget	0.00	1
908	770197	904312	0	MoveTarget	0.00	1
909	770212	904325	0	ShowTarget	0.00	1
910	770566	904665	0	head_turned	0.00	0
911	770872	904959	0	head_stop	0.00	0
912	772094	906132	0	ShowTarget	0.00	1
913	774087	908046	0	MoveTarget	0.00	1
914	774100	908058	0	ShowTarget	0.00	1
915	774406	908352	0	head_turned	0.00	0
916	774663	908598	0	head_stop	0.00	0
917	775899	909785	0	ShowTarget	0.00	1
918	777837	911645	0	MoveTarget	0.00	1
919	777851	911659	0	ShowTarget	0.00	1
920	778150	911945	0	head_turned	0.00	0
921	778379	912165	0	head_stop	0.00	0
922	779282	913032	0	ShowTarget	0.00	1
923	781997	915638	0	MoveTarget	0.00	1
924	782018	915659	0	ShowTarget	0.00	1
925	782386	916012	0	head_turned	0.00	0
926	782615	916232	0	head_stop	0.00	0
927	784636	918172	0	ShowTarget	0.00	1
928	787338	920765	0	MoveTarget	0.00	1
929	787358	920785	0	ShowTarget	0.00	1
930	787699	921112	0	head_turned	0.00	0
931	787893	921298	0	head_stop	0.00	0
932	788734	922105	0	ShowTarget	0.00	1
933	791026	924305	0	MoveTarget	0.00	1
934	791039	924318	0	ShowTarget	0.00	1
935	791400	924665	0	head_turned	0.00	0
936	791699	924952	0	head_stop	0.00	0
937	792574	925792	0	ShowTarget	0.00	1
938	794518	927658	0	MoveTarget	0.00	1
939	794539	927678	0	ShowTarget	0.00	1
940	794845	927971	0	head_turned	0.00	0
941	795081	928198	0	head_stop	0.00	0
942	795921	929005	0	ShowTarget	0.00	1

