Using_curved_screen True Player_screen_cm 180 Screen_width_cm 121 Camera1_display 0 Camera2_display 1 CameraFOVFactor 2 GazeTime 1.5 RandomGazeTime 0.5 HideTime 0.2 SpeedThreshold 20 StopWinodow 0.03 TargetChangeTime 1 TargetChangeTimeRRange 0 UseAcuityIndicator True AcuityMode 1 AcuityFlashTime 0.08 AcuityChangeNumber 10 AcuityChangeUpPerc 0.8 AcuityChangeDownPerc 0.5 ACuityList 90 StopSpeed 10.00 PostDelayList 0 PostDelayNumber 5 PostDelayUpC 0.50 PostDelayLoC 0.60 PostDelayConvNum 1 PostDelayRepeatNum 2 PostDelayASOffset 0 DynaDelayRepeatNum 9 
Line_#	Time_Stamp	Simulink_Sample	Trail_#	Action	Degree	Direction
16	1042899	-1	GameMode DynamicAcuity HideFlag False JumpFlag False ShowTargetFlag True HeadIndicatorChange True SkipCenterFlag True HideHeadIndicator False Gain 1 UsingAcuityAfter False UsingAcuityBefore True UsingAcuityWaitTime False AcuitySize 1 UsingAcuityChange False CurrAcuityChangeMode acuity_list UsingPostDelay False PostDelayMode random PostDelayInit 0.00 PostDelayIMax 0.00 ADUsingStaticData False UsingPresetSD False StaticDataSize 0 StaticDataMLH 0.000 UsingDynamicDelay True DynamicDelayMode fix_amount DynaDelayInit 0.000 DynaDelayMax 0.560 DynaDelayInter 0.080 	
3	291	1043163	0	ReSet	0.00	0
4	305	1043177	0	ShowTarget	0.00	0
5	1521	1044343	0	MoveTarget	0.00	1
6	1534	1044356	0	ShowTarget	0.00	1
7	1895	1044703	0	head_turned	0.00	0
8	2166	1044963	0	head_stop	0.00	0
9	2772	1045545	0	ShowTarget	0.00	1
10	5430	1048096	0	MoveTarget	0.00	1
11	5451	1048116	0	ShowTarget	0.00	1
12	5722	1048376	0	head_turned	0.00	0
13	6277	1048909	0	head_stop	0.00	0
14	6708	1049323	0	ShowTarget	0.00	1
15	8812	1051342	0	MoveTarget	0.00	1
16	8833	1051362	0	ShowTarget	0.00	1
17	9118	1051636	0	head_turned	0.00	0
18	9555	1052056	0	head_stop	0.00	0
19	9930	1052416	0	ShowTarget	0.00	1
20	12056	1054456	0	MoveTarget	0.00	1
21	12069	1054469	0	ShowTarget	0.00	1
22	12306	1054696	0	head_turned	0.00	0
23	12813	1055183	0	head_stop	0.00	0
24	13098	1055457	0	ShowTarget	0.00	1
25	15048	1057329	0	MoveTarget	0.00	1
26	15062	1057343	0	ShowTarget	0.00	1
27	15305	1057576	0	head_turned	0.00	0
28	15819	1058069	0	head_stop	0.00	0
29	16195	1058430	0	ShowTarget	0.00	1
30	18445	1060589	0	MoveTarget	0.00	1
31	18458	1060602	0	ShowTarget	0.00	1
32	18750	1060882	0	head_turned	0.00	0
33	19285	1061396	0	head_stop	0.00	0
34	19806	1061896	0	ShowTarget	0.00	1
35	22375	1064362	0	MoveTarget	0.00	1
36	22396	1064382	0	ShowTarget	0.00	1
37	22660	1064636	0	head_turned	0.00	0
38	23070	1065029	0	head_stop	0.00	0
39	23507	1065449	0	ShowTarget	0.00	1
40	26209	1068042	0	MoveTarget	0.00	1
41	26223	1068056	0	ShowTarget	0.00	1
42	26466	1068289	0	head_turned	0.00	0
43	26786	1068597	0	head_stop	0.00	0
44	27313	1069102	0	ShowTarget	0.00	1
45	29390	1071096	0	MoveTarget	0.00	1
46	29411	1071116	0	ShowTarget	0.00	1
47	29716	1071409	0	head_turned	0.00	0
48	30244	1071916	0	head_stop	0.00	0
49	30626	1072283	0	ShowTarget	0.00	1
50	33362	1074909	0	MoveTarget	0.00	1
51	33383	1074929	0	ShowTarget	0.00	1
52	33633	1075169	0	head_turned	0.00	0
53	34195	1075709	0	head_stop	0.00	0
54	34557	1076056	0	ShowTarget	0.00	1
55	36855	1078262	0	MoveTarget	0.00	1
56	36869	1078275	0	ShowTarget	0.00	1
57	37105	1078502	0	head_turned	0.00	0
58	37404	1078789	0	head_stop	0.00	0
59	38022	1079382	0	ShowTarget	0.00	1
60	40453	1081716	0	MoveTarget	0.00	1
61	40467	1081729	0	ShowTarget	0.00	1
62	40633	1081889	0	head_turned	0.00	0
63	40911	1082155	0	head_stop	0.00	0
64	41564	1082782	0	ShowTarget	0.00	1
65	44043	1085162	0	MoveTarget	0.00	1
66	44057	1085175	0	ShowTarget	0.00	1
67	44279	1085389	0	head_turned	0.00	0
68	44863	1085949	0	head_stop	0.00	0
69	45217	1086289	0	ShowTarget	0.00	1
70	47259	1088249	0	MoveTarget	0.00	1
71	47272	1088262	0	ShowTarget	0.00	1
72	47523	1088502	0	head_turned	0.00	0
73	48127	1089082	0	head_stop	0.00	0
74	48536	1089475	0	ShowTarget	0.00	1
75	53683	1094415	0	MoveTarget	0.00	1
76	53696	1094428	0	ShowTarget	0.00	1
77	53946	1094669	0	head_turned	0.00	0
78	54523	1095222	0	head_stop	0.00	0
79	54912	1095595	0	ShowTarget	0.00	1
80	57002	1097602	0	MoveTarget	0.00	1
81	57023	1097622	0	ShowTarget	0.00	1
82	57252	1097842	0	head_turned	0.00	0
83	57912	1098475	0	head_stop	0.00	0
84	58169	1098722	0	ShowTarget	0.00	1
85	60322	1100789	0	MoveTarget	0.00	1
86	60336	1100802	0	ShowTarget	0.00	1
87	60565	1101022	0	head_turned	0.00	0
88	61191	1101622	0	head_stop	0.00	0
89	61482	1101902	0	ShowTarget	0.00	1
90	63406	1103749	0	MoveTarget	0.00	1
91	63419	1103762	0	ShowTarget	0.00	1
92	63655	1103988	0	head_turned	0.00	0
93	64287	1104595	0	head_stop	0.00	0
94	65261	1105529	0	ShowTarget	0.00	1
95	67774	1107942	0	MoveTarget	0.00	1
96	67795	1107962	0	ShowTarget	0.00	1
97	68024	1108182	0	head_turned	0.00	0
98	68308	1108455	0	head_stop	0.00	0
99	69288	1109395	0	ShowTarget	0.00	1
100	71218	1111248	0	MoveTarget	0.00	1
101	71232	1111262	0	ShowTarget	0.00	1
102	71531	1111548	0	head_turned	0.00	0
103	72059	1112055	0	head_stop	0.00	0
104	72837	1112802	0	ShowTarget	0.00	1
105	75094	1114968	0	MoveTarget	0.00	1
106	75107	1114982	0	ShowTarget	0.00	1
107	75365	1115228	0	head_turned	0.00	0
108	75886	1115729	0	head_stop	0.00	0
109	76483	1116302	0	ShowTarget	0.00	1
110	79045	1118762	0	MoveTarget	0.00	1
111	79066	1118782	0	ShowTarget	0.00	1
112	79309	1119015	0	head_turned	0.00	0
113	79573	1119268	0	head_stop	0.00	0
114	80366	1120030	0	ShowTarget	0.00	1
115	82538	1122115	0	MoveTarget	0.00	1
116	82552	1122128	0	ShowTarget	0.00	1
117	82803	1122368	0	head_turned	0.00	0
118	83413	1122955	0	head_stop	0.00	0
119	83886	1123408	0	ShowTarget	0.00	1
120	85963	1125402	0	MoveTarget	0.00	1
121	85976	1125415	0	ShowTarget	0.00	1
122	86219	1125648	0	head_turned	0.00	0
123	86587	1126002	0	head_stop	0.00	0
124	87261	1126648	0	ShowTarget	0.00	1
125	89421	1128722	0	MoveTarget	0.00	1
126	89435	1128735	0	ShowTarget	0.00	1
127	89657	1128948	0	head_turned	0.00	0
128	90046	1129322	0	head_stop	0.00	0
129	90595	1129849	0	ShowTarget	0.00	1
130	92769	1131935	0	MoveTarget	0.00	1
131	92782	1131948	0	ShowTarget	0.00	1
132	93018	1132175	0	head_turned	0.00	0
133	93282	1132428	0	head_stop	0.00	0
134	93949	1133068	0	ShowTarget	0.00	1
135	96588	1135601	0	MoveTarget	0.00	1
136	96609	1135621	0	ShowTarget	0.00	1
137	96789	1135795	0	head_turned	0.00	0
138	97373	1136355	0	head_stop	0.00	0
139	97699	1136668	0	ShowTarget	0.00	1
140	99631	1138522	0	MoveTarget	0.00	1
141	99651	1138541	0	ShowTarget	0.00	1
142	99949	1138828	0	head_turned	0.00	0
143	100359	1139221	0	head_stop	0.00	0
144	100825	1139669	0	ShowTarget	0.00	1
145	102651	1141421	0	MoveTarget	0.00	1
146	102665	1141435	0	ShowTarget	0.00	1
147	102977	1141734	0	head_turned	0.00	0
148	103290	1142034	0	head_stop	0.00	0
149	104082	1142795	0	ShowTarget	0.00	1
150	106748	1145355	0	MoveTarget	0.00	1
151	106762	1145368	0	ShowTarget	0.00	1
152	106998	1145595	0	head_turned	0.00	0
153	107297	1145881	0	head_stop	0.00	0
154	108131	1146682	0	ShowTarget	0.00	1
155	110131	1148601	0	MoveTarget	0.00	1
156	110144	1148614	0	ShowTarget	0.00	1
157	110429	1148888	0	head_turned	0.00	0
158	111026	1149461	0	head_stop	0.00	0
159	111547	1149961	0	ShowTarget	0.00	1
160	113679	1152008	0	MoveTarget	0.00	1
161	113693	1152021	0	ShowTarget	0.00	1
162	113950	1152268	0	head_turned	0.00	0
163	114520	1152814	0	head_stop	0.00	0
164	114936	1153214	0	ShowTarget	0.00	1
165	117207	1155394	0	MoveTarget	0.00	1
166	117228	1155415	0	ShowTarget	0.00	1
167	117506	1155681	0	head_turned	0.00	0
168	118068	1156221	0	head_stop	0.00	0
169	118499	1156635	0	ShowTarget	0.00	1
170	120756	1158801	0	MoveTarget	0.00	1
171	120777	1158821	0	ShowTarget	0.00	1
172	121277	1159301	0	head_turned	0.00	0
173	121583	1159595	0	head_stop	0.00	0
174	122367	1160348	0	ShowTarget	0.00	1
175	124916	1162794	0	MoveTarget	0.00	1
176	124930	1162808	0	ShowTarget	0.00	1
177	125208	1163074	0	head_turned	0.00	0
178	125513	1163367	0	head_stop	0.00	0
179	126291	1164114	0	ShowTarget	0.00	1
180	129083	1166795	0	MoveTarget	0.00	1
181	129097	1166807	0	ShowTarget	0.00	1
182	129326	1167028	0	head_turned	0.00	0
183	129889	1167568	0	head_stop	0.00	0
184	130340	1168001	0	ShowTarget	0.00	1
185	132791	1170354	0	MoveTarget	0.00	1
186	132812	1170374	0	ShowTarget	0.00	1
187	133062	1170614	0	head_turned	0.00	0
188	133361	1170901	0	head_stop	0.00	0
189	134472	1171968	0	ShowTarget	0.00	1
190	136966	1174361	0	MoveTarget	0.00	1
191	136987	1174382	0	ShowTarget	0.00	1
192	137229	1174614	0	head_turned	0.00	0
193	137854	1175214	0	head_stop	0.00	0
194	138244	1175588	0	ShowTarget	0.00	1
195	140917	1178154	0	MoveTarget	0.00	1
196	140931	1178167	0	ShowTarget	0.00	1
197	141216	1178441	0	head_turned	0.00	0
198	141535	1178747	0	head_stop	0.00	0
199	142417	1179594	0	ShowTarget	0.00	1
200	145250	1182314	0	MoveTarget	0.00	1
201	145264	1182327	0	ShowTarget	0.00	1
202	145494	1182547	0	head_turned	0.00	0
203	145792	1182834	0	head_stop	0.00	0
204	146598	1183608	0	ShowTarget	0.00	1
205	148800	1185721	0	MoveTarget	0.00	1
206	148813	1185734	0	ShowTarget	0.00	1
207	149188	1186094	0	head_turned	0.00	0
208	149813	1186694	0	head_stop	0.00	0
209	150695	1187541	0	ShowTarget	0.00	1
210	152862	1189621	0	MoveTarget	0.00	1
211	152876	1189634	0	ShowTarget	0.00	1
212	153182	1189927	0	head_turned	0.00	0
213	153494	1190227	0	head_stop	0.00	0
214	154369	1191067	0	ShowTarget	0.00	1
215	156453	1193067	0	MoveTarget	0.00	1
216	156466	1193080	0	ShowTarget	0.00	1
217	156779	1193381	0	head_turned	0.00	0
218	157168	1193754	0	head_stop	0.00	0
219	157870	1194428	0	ShowTarget	0.00	1
220	160495	1196947	0	MoveTarget	0.00	1
221	160508	1196961	0	ShowTarget	0.00	1
222	160752	1197194	0	head_turned	0.00	0
223	161161	1197587	0	head_stop	0.00	0
224	161864	1198261	0	ShowTarget	0.00	1
225	164328	1200627	0	MoveTarget	0.00	1
226	164342	1200641	0	ShowTarget	0.00	1
227	164620	1200907	0	head_turned	0.00	0
228	164912	1201187	0	head_stop	0.00	0
229	165897	1202134	0	ShowTarget	0.00	1
230	168308	1204447	0	MoveTarget	0.00	1
231	168321	1204461	0	ShowTarget	0.00	1
232	168613	1204740	0	head_turned	0.00	0
233	168981	1205094	0	head_stop	0.00	0
234	169856	1205934	0	ShowTarget	0.00	1
235	172058	1208047	0	MoveTarget	0.00	1
236	172072	1208060	0	ShowTarget	0.00	1
237	172377	1208354	0	head_turned	0.00	0
238	172725	1208687	0	head_stop	0.00	0
239	173579	1209507	0	ShowTarget	0.00	1
240	175475	1211327	0	MoveTarget	0.00	1
241	175489	1211340	0	ShowTarget	0.00	1
242	175968	1211800	0	head_turned	0.00	0
243	176315	1212134	0	head_stop	0.00	0
244	177329	1213107	0	ShowTarget	0.00	1
245	179878	1215554	0	MoveTarget	0.00	1
246	179891	1215567	0	ShowTarget	0.00	1
247	180218	1215880	0	head_turned	0.00	0
248	180572	1216220	0	head_stop	0.00	0
249	181766	1217367	0	ShowTarget	0.00	1
250	184496	1219987	0	MoveTarget	0.00	1
251	184510	1220000	0	ShowTarget	0.00	1
252	184829	1220307	0	head_turned	0.00	0
253	185184	1220647	0	head_stop	0.00	0
254	186315	1221733	0	ShowTarget	0.00	1
255	189072	1224380	0	MoveTarget	0.00	1
256	189093	1224400	0	ShowTarget	0.00	1
257	189371	1224667	0	head_turned	0.00	0
258	189691	1224974	0	head_stop	0.00	0
259	190490	1225740	0	ShowTarget	0.00	1
260	193934	1229047	0	MoveTarget	0.00	1
261	193948	1229060	0	ShowTarget	0.00	1
262	194226	1229327	0	head_turned	0.00	0
263	194580	1229667	0	head_stop	0.00	0
264	195344	1230400	0	ShowTarget	0.00	1
265	197428	1232400	0	MoveTarget	0.00	1
266	197448	1232420	0	ShowTarget	0.00	1
267	197746	1232707	0	head_turned	0.00	0
268	198400	1233334	0	head_stop	0.00	0
269	198866	1233781	0	ShowTarget	0.00	1
270	201421	1236234	0	MoveTarget	0.00	1
271	201434	1236247	0	ShowTarget	0.00	1
272	202177	1236960	0	head_turned	0.00	0
273	202768	1237527	0	head_stop	0.00	0
274	203331	1238067	0	ShowTarget	0.00	1
275	205629	1240274	0	MoveTarget	0.00	1
276	205643	1240287	0	ShowTarget	0.00	1
277	205907	1240540	0	head_turned	0.00	0
278	206212	1240833	0	head_stop	0.00	0
279	207240	1241820	0	ShowTarget	0.00	1
280	209310	1243807	0	MoveTarget	0.00	1
281	209324	1243820	0	ShowTarget	0.00	1
282	209622	1244107	0	head_turned	0.00	0
283	210032	1244500	0	head_stop	0.00	0
284	211062	1245488	0	ShowTarget	0.00	1
285	213602	1247927	0	MoveTarget	0.00	1
286	213616	1247940	0	ShowTarget	0.00	1
287	213894	1248206	0	head_turned	0.00	0
288	214227	1248527	0	head_stop	0.00	0
289	215193	1249454	0	ShowTarget	0.00	1
290	217213	1251393	0	MoveTarget	0.00	1
291	217234	1251413	0	ShowTarget	0.00	1
292	217567	1251733	0	head_turned	0.00	0
293	218116	1252260	0	head_stop	0.00	0
294	218756	1252874	0	ShowTarget	0.00	1
295	221290	1255306	0	MoveTarget	0.00	1
296	221304	1255320	0	ShowTarget	0.00	1
297	221616	1255620	0	head_turned	0.00	0
298	222186	1256166	0	head_stop	0.00	0
299	222915	1256867	0	ShowTarget	0.00	1
300	225103	1258967	0	MoveTarget	0.00	1
301	225116	1258980	0	ShowTarget	0.00	1
302	225387	1259240	0	head_turned	0.00	0
303	225859	1259693	0	head_stop	0.00	0
304	226714	1260513	0	ShowTarget	0.00	1
305	229200	1262900	0	MoveTarget	0.00	1
306	229221	1262920	0	ShowTarget	0.00	1
307	229443	1263133	0	head_turned	0.00	0
308	229728	1263406	0	head_stop	0.00	0
309	230770	1264407	0	ShowTarget	0.00	1
310	233207	1266746	0	MoveTarget	0.00	1
311	233228	1266767	0	ShowTarget	0.00	1
312	233457	1266987	0	head_turned	0.00	0
313	233790	1267306	0	head_stop	0.00	0
314	234929	1268400	0	ShowTarget	0.00	1
315	237499	1270866	0	MoveTarget	0.00	1
316	237513	1270880	0	ShowTarget	0.00	1
317	237701	1271060	0	head_turned	0.00	0
318	238034	1271379	0	head_stop	0.00	0
319	239089	1272393	0	ShowTarget	0.00	1
320	242014	1275200	0	MoveTarget	0.00	1
321	242027	1275213	0	ShowTarget	0.00	1
322	242298	1275473	0	head_turned	0.00	0
323	242791	1275946	0	head_stop	0.00	0
324	243770	1276886	0	ShowTarget	0.00	1
325	245680	1278720	0	MoveTarget	0.00	1
326	245694	1278733	0	ShowTarget	0.00	1
327	245979	1279006	0	head_turned	0.00	0
328	246569	1279573	0	head_stop	0.00	0
329	247264	1280240	0	ShowTarget	0.00	1
330	249826	1282699	0	MoveTarget	0.00	1
331	249847	1282720	0	ShowTarget	0.00	1
332	250076	1282939	0	head_turned	0.00	0
333	250618	1283459	0	head_stop	0.00	0
334	251549	1284353	0	ShowTarget	0.00	1
335	254077	1286779	0	MoveTarget	0.00	1
336	254090	1286793	0	ShowTarget	0.00	1
337	254354	1287046	0	head_turned	0.00	0
338	254625	1287306	0	head_stop	0.00	0
339	255875	1288506	0	ShowTarget	0.00	1
340	258896	1291406	0	MoveTarget	0.00	1
341	258917	1291426	0	ShowTarget	0.00	1
342	259132	1291633	0	head_turned	0.00	0
343	259591	1292073	0	head_stop	0.00	0
344	260618	1293059	0	ShowTarget	0.00	1
345	262674	1295033	0	MoveTarget	0.00	1
346	262688	1295046	0	ShowTarget	0.00	1
347	263014	1295359	0	head_turned	0.00	0
348	263299	1295633	0	head_stop	0.00	0
349	264446	1296733	0	ShowTarget	0.00	1
350	267598	1299759	0	MoveTarget	0.00	1
351	267612	1299772	0	ShowTarget	0.00	1
352	267813	1299966	0	head_turned	0.00	0
353	268265	1300399	0	head_stop	0.00	0
354	269209	1301306	0	ShowTarget	0.00	1
355	271786	1303779	0	MoveTarget	0.00	1
356	271800	1303792	0	ShowTarget	0.00	1
357	272043	1304026	0	head_turned	0.00	0
358	272355	1304326	0	head_stop	0.00	0
359	274197	1306093	0	ShowTarget	0.00	1
360	276390	1308199	0	MoveTarget	0.00	1
361	276411	1308219	0	ShowTarget	0.00	1
362	276696	1308492	0	head_turned	0.00	0
363	277168	1308946	0	head_stop	0.00	0
364	278203	1309939	0	ShowTarget	0.00	1