GameMode DynamicAcuity HideFlag False JumpFlag False ShowTargetFlag True HeadIndicatorChange True SkipCenterFlag True HideHeadIndicator False Gain 1 UsingAcuityAfter False UsingAcuityBefore True UsingAcuityWaitTime False AcuitySize 1 UsingAcuityChange False CurrAcuityChangeMode acuity_list UsingPostDelay False PostDelayMode random PostDelayInit 0.00 PostDelayIMax 0.00 ADUsingStaticData False UsingPresetSD False StaticDataSize 0 StaticDataMLH 0.000 UsingDynamicDelay True DynamicDelayMode fix_amount DynaDelayInit 0.000 DynaDelayMax 0.720 DynaDelayInter 0.080 	
455	358367	2124514	0	ReSet	0.00	0
456	358374	2124521	0	ShowTarget	0.00	1
457	359625	2125721	0	MoveTarget	30.00	1
458	359638	2125734	0	ShowTarget	30.00	1
459	360013	2126094	0	head_turned	0.00	0
460	360284	2126354	0	head_stop	0.00	0
461	361159	2127194	0	ShowTarget	30.00	1
462	362833	2128801	1	MoveTarget	30.00	0
463	362847	2128814	1	ShowTarget	30.00	0
464	363167	2129121	1	head_turned	0.00	0
465	363597	2129534	1	head_stop	0.00	0
466	365340	2131207	1	ShowTarget	30.00	0
467	367528	2133308	0	MoveTarget	30.00	1
468	367549	2133327	0	ShowTarget	30.00	1
469	367840	2133607	0	head_turned	0.00	0
470	368167	2133921	0	head_stop	0.00	0
471	369515	2135215	0	ShowTarget	30.00	1
472	371688	2137301	1	MoveTarget	30.00	0
473	371702	2137314	1	ShowTarget	30.00	0
474	371966	2137567	1	head_turned	0.00	0
475	372299	2137887	1	head_stop	0.00	0
476	373973	2139494	1	ShowTarget	30.00	0
477	375785	2141234	0	MoveTarget	30.00	1
478	375799	2141247	0	ShowTarget	30.00	1
479	376118	2141554	0	head_turned	0.00	0
480	376577	2141994	0	head_stop	0.00	0
481	377502	2142882	0	ShowTarget	30.00	1
482	379417	2144720	1	MoveTarget	30.00	0
483	379431	2144734	1	ShowTarget	30.00	0
484	379716	2145007	1	head_turned	0.00	0
485	380049	2145327	1	head_stop	0.00	0
486	381363	2146589	1	ShowTarget	30.00	0
487	382952	2148114	0	MoveTarget	30.00	1
488	382966	2148127	0	ShowTarget	30.00	1
489	383230	2148381	0	head_turned	0.00	0
490	383640	2148774	0	head_stop	0.00	0
491	385022	2150100	0	ShowTarget	30.00	1
492	387057	2152054	1	MoveTarget	30.00	0
493	387071	2152067	1	ShowTarget	30.00	0
494	387355	2152340	1	head_turned	0.00	0
495	387675	2152647	1	head_stop	0.00	0
496	388752	2153681	1	ShowTarget	30.00	0
497	389946	2154827	0	MoveTarget	30.00	1
498	389967	2154847	0	ShowTarget	30.00	1
499	390265	2155134	0	head_turned	0.00	0
500	390634	2155487	0	head_stop	0.00	0
501	391947	2156748	0	ShowTarget	30.00	1
502	393995	2158714	1	MoveTarget	30.00	0
503	394016	2158734	1	ShowTarget	30.00	0
504	394266	2158974	1	head_turned	0.00	0
505	394599	2159294	1	head_stop	0.00	0
506	396051	2160687	1	ShowTarget	30.00	0
507	397697	2162267	0	MoveTarget	30.00	1
508	397711	2162281	0	ShowTarget	30.00	1
509	398036	2162594	0	head_turned	0.00	0
510	398335	2162880	0	head_stop	0.00	0
511	399516	2164013	0	ShowTarget	30.00	1
512	401329	2165754	1	MoveTarget	30.00	0
513	401342	2165767	1	ShowTarget	30.00	0
514	401585	2166000	1	head_turned	0.00	0
515	401905	2166307	1	head_stop	0.00	0
516	402919	2167281	1	ShowTarget	30.00	0
517	404454	2168754	0	MoveTarget	30.00	1
518	404468	2168767	0	ShowTarget	30.00	1
519	404759	2169047	0	head_turned	0.00	0
520	405079	2169353	0	head_stop	0.00	0
521	406212	2170441	0	ShowTarget	30.00	1
522	407961	2172120	1	MoveTarget	30.00	0
523	407974	2172133	1	ShowTarget	30.00	0
524	408197	2172347	1	head_turned	0.00	0
525	408516	2172653	1	head_stop	0.00	0
526	409580	2173674	1	ShowTarget	30.00	0
527	410996	2175033	0	MoveTarget	30.00	1
528	411016	2175053	0	ShowTarget	30.00	1
529	411357	2175380	0	head_turned	0.00	0
530	411655	2175667	0	head_stop	0.00	0
531	412815	2176780	0	ShowTarget	30.00	1
532	414447	2178347	1	MoveTarget	30.00	0
533	414461	2178360	1	ShowTarget	30.00	0
534	414739	2178627	1	head_turned	0.00	0
535	415058	2178933	1	head_stop	0.00	0
536	416482	2180300	1	ShowTarget	30.00	0
537	417705	2181474	0	MoveTarget	30.00	1
538	417718	2181487	0	ShowTarget	30.00	1
539	417989	2181747	0	head_turned	0.00	0
540	418336	2182080	0	head_stop	0.00	0
541	420246	2183913	0	ShowTarget	30.00	1
542	422413	2185993	1	MoveTarget	30.00	0
543	422427	2186007	1	ShowTarget	30.00	0
544	422677	2186247	1	head_turned	0.00	0
545	423100	2186653	1	head_stop	0.00	0
546	424310	2187814	1	ShowTarget	30.00	0
547	426171	2189600	0	MoveTarget	30.00	1
548	426184	2189613	0	ShowTarget	30.00	1
549	426545	2189960	0	head_turned	0.00	0
550	426920	2190320	0	head_stop	0.00	0
551	427920	2191280	0	ShowTarget	30.00	1
552	429323	2192627	1	MoveTarget	30.00	0
553	429344	2192647	1	ShowTarget	30.00	0
554	429622	2192913	1	head_turned	0.00	0
555	429934	2193213	1	head_stop	0.00	0
556	431233	2194460	1	ShowTarget	30.00	0
557	432504	2195680	0	MoveTarget	30.00	1
558	432525	2195700	0	ShowTarget	30.00	1
559	432810	2195973	0	head_turned	0.00	0
560	433101	2196253	0	head_stop	0.00	0
561	434879	2197960	0	ShowTarget	30.00	1
562	437129	2200120	1	MoveTarget	30.00	0
563	437150	2200140	1	ShowTarget	30.00	0
564	437421	2200400	1	head_turned	0.00	0
565	437740	2200706	1	head_stop	0.00	0
566	438796	2201720	1	ShowTarget	30.00	0
567	440657	2203507	0	MoveTarget	30.00	1
568	440671	2203520	0	ShowTarget	30.00	1
569	440928	2203767	0	head_turned	0.00	0
570	441240	2204066	0	head_stop	0.00	0
571	442178	2204966	0	ShowTarget	30.00	1
572	444178	2206886	1	MoveTarget	30.00	0
573	444192	2206900	1	ShowTarget	30.00	0
574	444456	2207153	1	head_turned	0.00	0
575	444769	2207453	1	head_stop	0.00	0
576	445644	2208293	1	ShowTarget	30.00	0
577	447241	2209826	0	MoveTarget	30.00	1
578	447262	2209846	0	ShowTarget	30.00	1
579	447546	2210119	0	head_turned	0.00	0
580	447859	2210420	0	head_stop	0.00	0
581	449866	2212346	0	ShowTarget	30.00	1
582	451734	2214140	1	MoveTarget	30.00	0
583	451748	2214153	1	ShowTarget	30.00	0
584	452033	2214426	1	head_turned	0.00	0
585	452325	2214706	1	head_stop	0.00	0
586	453402	2215741	1	ShowTarget	30.00	0
587	455262	2217526	0	MoveTarget	30.00	1
588	455283	2217546	0	ShowTarget	30.00	1
589	455540	2217793	0	head_turned	0.00	0
590	455838	2218079	0	head_stop	0.00	0
591	457179	2219366	0	ShowTarget	30.00	1
592	459131	2221240	1	MoveTarget	30.00	0
593	459144	2221253	1	ShowTarget	30.00	0
594	459436	2221533	1	head_turned	0.00	0
595	459756	2221840	1	head_stop	0.00	0
596	460895	2222933	1	ShowTarget	30.00	0
597	462506	2224479	0	MoveTarget	30.00	1
598	462519	2224493	0	ShowTarget	30.00	1
599	462777	2224740	0	head_turned	0.00	0
600	463124	2225073	0	head_stop	0.00	0
601	464339	2226239	0	ShowTarget	30.00	1
602	466298	2228120	1	MoveTarget	30.00	0
603	466311	2228133	1	ShowTarget	30.00	0
604	466561	2228373	1	head_turned	0.00	0
605	466853	2228653	1	head_stop	0.00	0
606	467867	2229626	1	ShowTarget	30.00	0
607	469374	2231073	0	MoveTarget	30.00	1
608	469395	2231093	0	ShowTarget	30.00	1
609	469680	2231366	0	head_turned	0.00	0
610	469950	2231626	0	head_stop	0.00	0
611	471327	2232947	0	ShowTarget	30.00	1
612	472909	2234466	1	MoveTarget	30.00	0
613	472923	2234479	1	ShowTarget	30.00	0
614	473187	2234733	1	head_turned	0.00	0
615	473479	2235013	1	head_stop	0.00	0
616	474756	2236239	1	ShowTarget	30.00	0
617	475944	2237379	0	MoveTarget	30.00	1
618	475958	2237392	0	ShowTarget	30.00	1
619	476222	2237646	0	head_turned	0.00	0
620	476548	2237960	0	head_stop	0.00	0
621	478222	2239566	0	ShowTarget	30.00	1
622	480590	2241839	1	MoveTarget	30.00	0
623	480604	2241852	1	ShowTarget	30.00	0
624	480889	2242126	1	head_turned	0.00	0
625	481208	2242433	1	head_stop	0.00	0
626	482375	2243553	1	ShowTarget	30.00	0
627	484306	2245406	0	MoveTarget	30.00	1
628	484319	2245419	0	ShowTarget	30.00	1
629	484556	2245646	0	head_turned	0.00	0
630	484937	2246012	0	head_stop	0.00	0
631	485945	2246980	0	ShowTarget	30.00	1
632	487355	2248333	1	MoveTarget	30.00	0
633	487368	2248346	1	ShowTarget	30.00	0
634	487681	2248646	1	head_turned	0.00	0
635	488015	2248966	1	head_stop	0.00	0
636	489118	2250026	1	ShowTarget	30.00	0
637	490181	2251046	0	MoveTarget	30.00	1
638	490195	2251059	0	ShowTarget	30.00	1
639	490493	2251345	0	head_turned	0.00	0
640	490806	2251646	0	head_stop	0.00	0
641	491897	2252693	0	ShowTarget	30.00	1
642	493424	2254159	1	MoveTarget	30.00	0
643	493445	2254179	1	ShowTarget	30.00	0
644	493716	2254439	1	head_turned	0.00	0
645	494105	2254812	1	head_stop	0.00	0
646	495091	2255759	1	ShowTarget	30.00	0
647	496306	2256926	0	MoveTarget	30.00	1
648	496327	2256946	0	ShowTarget	30.00	1
649	496612	2257219	0	head_turned	0.00	0
650	496917	2257512	0	head_stop	0.00	0
651	498161	2258705	0	ShowTarget	30.00	1
652	500105	2260573	1	MoveTarget	30.00	0
653	500126	2260592	1	ShowTarget	30.00	0
654	500369	2260826	1	head_turned	0.00	0
655	500674	2261119	1	head_stop	0.00	0
656	502731	2263093	1	ShowTarget	30.00	0
657	504258	2264559	0	MoveTarget	30.00	1
658	504272	2264572	0	ShowTarget	30.00	1
659	504515	2264805	0	head_turned	0.00	0
660	505105	2265372	0	head_stop	0.00	0
661	506120	2266346	0	ShowTarget	30.00	1
662	507974	2268126	1	MoveTarget	30.00	0
663	507988	2268139	1	ShowTarget	30.00	0
664	508266	2268406	1	head_turned	0.00	0
665	508599	2268726	1	head_stop	0.00	0
666	510023	2270092	1	ShowTarget	30.00	0
667	511773	2271773	0	MoveTarget	30.00	1
668	511787	2271786	0	ShowTarget	30.00	1
669	512043	2272032	0	head_turned	0.00	0
670	512328	2272306	0	head_stop	0.00	0
671	513661	2273585	0	ShowTarget	30.00	1
672	516002	2275832	1	MoveTarget	30.00	0
673	516016	2275845	1	ShowTarget	30.00	0
674	516266	2276086	1	head_turned	0.00	0
675	516571	2276379	1	head_stop	0.00	0
676	518045	2277794	1	ShowTarget	30.00	0
677	520065	2279732	0	MoveTarget	30.00	1
678	520086	2279752	0	ShowTarget	30.00	1
679	520377	2280032	0	head_turned	0.00	0
680	520683	2280325	0	head_stop	0.00	0
681	521989	2281579	0	ShowTarget	30.00	1
682	523364	2282899	1	MoveTarget	30.00	0
683	523384	2282919	1	ShowTarget	30.00	0
684	523697	2283219	1	head_turned	0.00	0
685	524051	2283559	1	head_stop	0.00	0
686	525607	2285052	1	ShowTarget	30.00	0
687	526662	2286065	0	MoveTarget	30.00	1
688	526683	2286085	0	ShowTarget	30.00	1
689	527010	2286399	0	head_turned	0.00	0
690	527468	2286839	0	head_stop	0.00	0
691	528392	2287725	0	ShowTarget	30.00	1
692	529989	2289259	1	MoveTarget	30.00	0
693	530003	2289272	1	ShowTarget	30.00	0
694	530246	2289505	1	head_turned	0.00	0
695	530558	2289805	1	head_stop	0.00	0
696	532198	2291379	1	ShowTarget	30.00	0
697	533260	2292398	0	MoveTarget	30.00	1
698	533281	2292419	0	ShowTarget	30.00	1
699	533552	2292678	0	head_turned	0.00	0
700	533878	2292992	0	head_stop	0.00	0
701	535045	2294112	0	ShowTarget	30.00	1
702	536288	2295305	1	MoveTarget	30.00	0
703	536302	2295318	1	ShowTarget	30.00	0
704	536552	2295558	1	head_turned	0.00	0
705	536871	2295865	1	head_stop	0.00	0
706	538635	2297558	1	ShowTarget	30.00	0
707	540094	2298958	0	MoveTarget	30.00	1
708	540108	2298972	0	ShowTarget	30.00	1
709	540372	2299225	0	head_turned	0.00	0
710	540677	2299518	0	head_stop	0.00	0
711	542256	2301034	0	ShowTarget	30.00	1
712	544448	2303139	1	MoveTarget	30.00	0
713	544469	2303159	1	ShowTarget	30.00	0
714	544691	2303372	1	head_turned	0.00	0
715	545011	2303678	1	head_stop	0.00	0
716	546205	2304825	1	ShowTarget	30.00	0
717	548073	2306618	0	MoveTarget	30.00	1
718	548087	2306631	0	ShowTarget	30.00	1
719	548351	2306885	0	head_turned	0.00	0
720	548685	2307205	0	head_stop	0.00	0
721	549852	2308325	0	ShowTarget	30.00	1
722	551928	2310319	1	MoveTarget	30.00	0
723	551949	2310338	1	ShowTarget	30.00	0
724	552206	2310585	1	head_turned	0.00	0
725	552546	2310912	1	head_stop	0.00	0
726	553692	2312012	1	ShowTarget	30.00	0
727	555553	2313798	0	MoveTarget	30.00	1
728	555574	2313818	0	ShowTarget	30.00	1
729	555810	2314045	0	head_turned	0.00	0
730	556136	2314358	0	head_stop	0.00	0
731	557463	2315632	0	ShowTarget	30.00	1
732	559303	2317398	1	MoveTarget	30.00	0
733	559317	2317412	1	ShowTarget	30.00	0
734	559560	2317645	1	head_turned	0.00	0
735	559852	2317925	1	head_stop	0.00	0
736	561359	2319371	1	ShowTarget	30.00	0
737	562894	2320845	0	MoveTarget	30.00	1
738	562908	2320858	0	ShowTarget	30.00	1
739	563144	2321085	0	head_turned	0.00	0
740	563477	2321405	0	head_stop	0.00	0
741	564790	2322665	0	ShowTarget	30.00	1
742	566574	2324378	1	MoveTarget	30.00	0
743	566595	2324398	1	ShowTarget	30.00	0
744	566846	2324639	1	head_turned	0.00	0
745	567186	2324965	1	head_stop	0.00	0
746	568443	2326172	1	ShowTarget	30.00	0
747	569783	2327458	0	MoveTarget	30.00	1
748	569797	2327471	0	ShowTarget	30.00	1
749	570068	2327731	0	head_turned	0.00	0
750	570394	2328045	0	head_stop	0.00	0
751	571679	2329278	0	ShowTarget	30.00	1
752	573283	2330818	1	MoveTarget	30.00	0
753	573297	2330831	1	ShowTarget	30.00	0
754	573526	2331051	1	head_turned	0.00	0
755	573846	2331358	1	head_stop	0.00	0
756	575124	2332585	1	ShowTarget	30.00	0
757	576374	2333785	0	MoveTarget	30.00	1
758	576388	2333798	0	ShowTarget	30.00	1
759	576658	2334058	0	head_turned	0.00	0
760	576999	2334385	0	head_stop	0.00	0
761	578270	2335605	0	ShowTarget	30.00	1
762	579881	2337151	1	MoveTarget	30.00	0
763	579895	2337165	1	ShowTarget	30.00	0
764	580124	2337385	1	head_turned	0.00	0
765	580443	2337691	1	head_stop	0.00	0
766	581680	2338878	1	ShowTarget	30.00	0
767	582895	2340045	0	MoveTarget	30.00	1
768	582909	2340058	0	ShowTarget	30.00	1
769	583173	2340311	0	head_turned	0.00	0
770	583506	2340632	0	head_stop	0.00	0
771	584847	2341918	0	ShowTarget	30.00	1
772	586986	2343971	1	MoveTarget	30.00	0
773	586999	2343984	1	ShowTarget	30.00	0
774	587229	2344205	1	head_turned	0.00	0
775	587541	2344504	1	head_stop	0.00	0
776	588958	2345865	1	ShowTarget	30.00	0
777	590694	2347531	0	MoveTarget	30.00	1
778	590708	2347545	0	ShowTarget	30.00	1
779	590930	2347758	0	head_turned	0.00	0
780	591250	2348065	0	head_stop	0.00	0
781	592903	2349652	0	ShowTarget	30.00	1
782	594423	2351111	1	MoveTarget	30.00	0
783	594437	2351124	1	ShowTarget	30.00	0
784	594701	2351377	1	head_turned	0.00	0
785	595014	2351678	1	head_stop	0.00	0
786	596410	2353018	1	ShowTarget	30.00	0
787	597555	2354118	0	MoveTarget	30.00	1
788	597570	2354131	0	ShowTarget	30.00	1
789	597833	2354384	0	head_turned	0.00	0
790	598139	2354678	0	head_stop	0.00	0
791	599639	2356118	0	ShowTarget	30.00	1
792	601896	2358284	1	MoveTarget	30.00	0
793	601910	2358298	1	ShowTarget	30.00	0
794	602153	2358531	1	head_turned	0.00	0
795	602472	2358838	1	head_stop	0.00	0
796	604500	2360784	1	ShowTarget	30.00	0
797	606431	2362638	0	MoveTarget	30.00	1
798	606445	2362651	0	ShowTarget	30.00	1
799	606688	2362884	0	head_turned	0.00	0
800	607063	2363244	0	head_stop	0.00	0
801	608397	2364525	0	ShowTarget	30.00	1
802	610091	2366150	1	MoveTarget	30.00	0
803	610112	2366171	1	ShowTarget	30.00	0
804	610341	2366391	1	head_turned	0.00	0
805	610654	2366691	1	head_stop	0.00	0
806	612112	2368091	1	ShowTarget	30.00	0
807	613508	2369431	0	MoveTarget	30.00	1
808	613522	2369445	0	ShowTarget	30.00	1
809	613807	2369718	0	head_turned	0.00	0
810	614126	2370024	0	head_stop	0.00	0
811	615584	2371424	0	ShowTarget	30.00	1
812	617195	2372971	1	MoveTarget	30.00	0
813	617216	2372991	1	ShowTarget	30.00	0
814	617480	2373244	1	head_turned	0.00	0
815	617813	2373564	1	head_stop	0.00	0
816	619147	2374844	1	ShowTarget	30.00	0
817	620522	2376164	0	MoveTarget	30.00	1
818	620536	2376177	0	ShowTarget	30.00	1
819	620800	2376431	0	head_turned	0.00	0
820	621112	2376731	0	head_stop	0.00	0
821	623023	2378565	0	ShowTarget	30.00	1
822	624661	2380137	1	MoveTarget	30.00	0
823	624682	2380157	1	ShowTarget	30.00	0
824	624918	2380384	1	head_turned	0.00	0
825	625245	2380697	1	head_stop	0.00	0
826	626752	2382144	1	ShowTarget	30.00	0
827	627939	2383284	0	MoveTarget	30.00	1
828	627953	2383297	0	ShowTarget	30.00	1
829	628203	2383537	0	head_turned	0.00	0
830	628523	2383844	0	head_stop	0.00	0
831	629912	2385177	0	ShowTarget	30.00	1
832	632127	2387304	1	MoveTarget	30.00	0
833	632141	2387317	1	ShowTarget	30.00	0
834	632384	2387550	1	head_turned	0.00	0
835	632697	2387850	1	head_stop	0.00	0
836	634100	2389198	1	ShowTarget	30.00	0
837	635995	2391017	0	MoveTarget	30.00	1
838	636009	2391030	0	ShowTarget	30.00	1
839	636245	2391257	0	head_turned	0.00	0
840	636586	2391584	0	head_stop	0.00	0
841	637961	2392904	0	ShowTarget	30.00	1
842	639648	2394524	1	MoveTarget	30.00	0
843	639669	2394544	1	ShowTarget	30.00	0
844	639933	2394797	1	head_turned	0.00	0
845	640357	2395204	1	head_stop	0.00	0
846	641732	2396524	1	ShowTarget	30.00	0
847	643052	2397791	0	MoveTarget	30.00	1
848	643065	2397804	0	ShowTarget	30.00	1
849	643398	2398124	0	head_turned	0.00	0
850	643732	2398444	0	head_stop	0.00	0
851	645197	2399850	0	ShowTarget	30.00	1
852	646940	2401524	1	MoveTarget	30.00	0
853	646954	2401537	1	ShowTarget	30.00	0
854	647204	2401777	1	head_turned	0.00	0
855	647545	2402104	1	head_stop	0.00	0
856	649330	2403817	1	ShowTarget	30.00	0
857	650496	2404937	0	MoveTarget	30.00	1
858	650510	2404950	0	ShowTarget	30.00	1
859	650843	2405270	0	head_turned	0.00	0
860	651177	2405590	0	head_stop	0.00	0
861	652740	2407091	0	ShowTarget	30.00	1
862	654121	2408417	1	MoveTarget	30.00	0
863	654135	2408430	1	ShowTarget	30.00	0
864	654378	2408663	1	head_turned	0.00	0
865	654719	2408990	1	head_stop	0.00	0
866	656129	2410344	1	ShowTarget	30.00	0
867	657240	2411410	0	MoveTarget	30.00	1
868	657260	2411430	0	ShowTarget	30.00	1
869	657573	2411730	0	head_turned	0.00	0
870	657900	2412044	0	head_stop	0.00	0
871	659469	2413550	0	ShowTarget	30.00	1
872	660900	2414924	1	MoveTarget	30.00	0
873	660913	2414937	1	ShowTarget	30.00	0
874	661178	2415190	1	head_turned	0.00	0
875	661490	2415490	1	head_stop	0.00	0
876	662955	2416897	1	ShowTarget	30.00	0
877	664268	2418157	0	MoveTarget	30.00	1
878	664282	2418170	0	ShowTarget	30.00	1
879	664525	2418404	0	head_turned	0.00	0
880	664858	2418723	0	head_stop	0.00	0
881	666283	2420091	0	ShowTarget	30.00	1
882	668290	2422018	1	MoveTarget	30.00	0
883	668303	2422030	1	ShowTarget	30.00	0
884	668553	2422270	1	head_turned	0.00	0
885	668879	2422583	1	head_stop	0.00	0
886	670164	2423817	1	ShowTarget	30.00	0
887	672005	2425584	0	MoveTarget	30.00	1
888	672018	2425597	0	ShowTarget	30.00	1
889	672254	2425823	0	head_turned	0.00	0
890	672595	2426150	0	head_stop	0.00	0
891	674123	2427617	0	ShowTarget	30.00	1
892	675942	2429363	1	MoveTarget	30.00	0
893	675963	2429383	1	ShowTarget	30.00	0
894	676213	2429624	1	head_turned	0.00	0
895	676567	2429963	1	head_stop	0.00	0
896	677928	2431270	1	ShowTarget	30.00	0
897	679616	2432890	0	MoveTarget	30.00	1
898	679637	2432910	0	ShowTarget	30.00	1
899	679873	2433137	0	head_turned	0.00	0
900	680192	2433443	0	head_stop	0.00	0
901	681582	2434777	0	ShowTarget	30.00	1
902	683838	2436943	1	MoveTarget	30.00	0
903	683859	2436963	1	ShowTarget	30.00	0
904	684089	2437183	1	head_turned	0.00	0
905	684443	2437523	1	head_stop	0.00	0
906	685846	2438870	1	ShowTarget	30.00	0

