GameMode DynamicAcuity HideFlag False JumpFlag False ShowTargetFlag True HeadIndicatorChange True SkipCenterFlag True HideHeadIndicator False Gain 1 UsingAcuityAfter False UsingAcuityBefore True UsingAcuityWaitTime False AcuitySize 1 UsingAcuityChange False CurrAcuityChangeMode acuity_list UsingPostDelay False PostDelayMode random PostDelayInit 0.00 PostDelayIMax 0.00 ADUsingStaticData False UsingPresetSD False StaticDataSize 0 StaticDataMLH 0.000 UsingDynamicDelay True DynamicDelayMode fix_amount DynaDelayInit 0.000 DynaDelayMax 0.720 DynaDelayInter 0.080 	
455	341213	2608978	0	ReSet	0.00	0
456	341220	2608985	0	ShowTarget	0.00	1
457	342664	2610372	0	MoveTarget	30.00	1
458	342678	2610385	0	ShowTarget	30.00	1
459	342990	2610685	0	head_turned	0.00	0
460	343456	2611132	0	head_stop	0.00	0
461	346206	2613772	0	ShowTarget	30.00	1
462	350192	2617598	1	MoveTarget	30.00	0
463	350206	2617611	1	ShowTarget	30.00	0
464	350498	2617891	1	head_turned	0.00	0
465	351060	2618431	1	head_stop	0.00	0
466	352818	2620118	1	ShowTarget	30.00	0
467	354963	2622178	0	MoveTarget	30.00	1
468	354984	2622198	0	ShowTarget	30.00	1
469	355269	2622471	0	head_turned	0.00	0
470	355693	2622878	0	head_stop	0.00	0
471	356547	2623698	0	ShowTarget	30.00	1
472	358498	2625572	1	MoveTarget	30.00	0
473	358512	2625584	1	ShowTarget	30.00	0
474	358845	2625905	1	head_turned	0.00	0
475	359401	2626438	1	head_stop	0.00	0
476	360020	2627033	1	ShowTarget	30.00	0
477	362429	2629345	0	MoveTarget	30.00	1
478	362450	2629364	0	ShowTarget	30.00	1
479	362728	2629631	0	head_turned	0.00	0
480	363269	2630151	0	head_stop	0.00	0
481	363902	2630758	0	ShowTarget	30.00	1
482	365679	2632465	1	MoveTarget	30.00	0
483	365693	2632478	1	ShowTarget	30.00	0
484	365936	2632711	1	head_turned	0.00	0
485	366388	2633145	1	head_stop	0.00	0
486	368221	2634905	1	ShowTarget	30.00	0
487	369520	2636151	0	MoveTarget	30.00	1
488	369534	2636165	0	ShowTarget	30.00	1
489	369846	2636465	0	head_turned	0.00	0
490	370353	2636951	0	head_stop	0.00	0
491	371263	2637825	0	ShowTarget	30.00	1
492	372402	2638918	1	MoveTarget	30.00	0
493	372416	2638931	1	ShowTarget	30.00	0
494	372722	2639224	1	head_turned	0.00	0
495	373124	2639611	1	head_stop	0.00	0
496	373819	2640278	1	ShowTarget	30.00	0
497	377367	2643684	0	MoveTarget	30.00	1
498	377382	2643699	0	ShowTarget	30.00	1
499	377694	2643998	0	head_turned	0.00	0
500	378367	2644644	0	head_stop	0.00	0
501	379875	2646091	0	ShowTarget	30.00	1
502	383611	2649678	1	MoveTarget	30.00	0
503	383632	2649697	1	ShowTarget	30.00	0
504	384000	2650050	1	head_turned	0.00	0
505	384423	2650458	1	head_stop	0.00	0
506	385098	2651105	1	ShowTarget	30.00	0
507	387563	2653471	0	MoveTarget	30.00	1
508	387577	2653484	0	ShowTarget	30.00	1
509	387910	2653804	0	head_turned	0.00	0
510	388882	2654738	0	head_stop	0.00	0
511	389868	2655685	0	ShowTarget	30.00	1
512	391695	2657437	1	MoveTarget	30.00	0
513	391709	2657451	1	ShowTarget	30.00	0
514	391959	2657691	1	head_turned	0.00	0
515	392368	2658084	1	head_stop	0.00	0
516	392938	2658631	1	ShowTarget	30.00	0
517	395383	2660978	0	MoveTarget	30.00	1
518	395403	2660998	0	ShowTarget	30.00	1
519	395771	2661351	0	head_turned	0.00	0
520	396160	2661724	0	head_stop	0.00	0
521	396820	2662358	0	ShowTarget	30.00	1
522	399202	2664644	1	MoveTarget	30.00	0
523	399216	2664658	1	ShowTarget	30.00	0
524	399473	2664904	1	head_turned	0.00	0
525	399882	2665297	1	head_stop	0.00	0
526	400834	2666211	1	ShowTarget	30.00	0
527	402577	2667884	0	MoveTarget	30.00	1
528	402591	2667897	0	ShowTarget	30.00	1
529	402890	2668184	0	head_turned	0.00	0
530	403334	2668611	0	head_stop	0.00	0
531	406217	2671378	0	ShowTarget	30.00	1
532	407411	2672524	1	MoveTarget	30.00	0
533	407432	2672544	1	ShowTarget	30.00	0
534	407800	2672897	1	head_turned	0.00	0
535	408196	2673277	1	head_stop	0.00	0
536	409369	2674404	1	ShowTarget	30.00	0
537	411287	2676244	0	MoveTarget	30.00	1
538	411307	2676264	0	ShowTarget	30.00	1
539	411682	2676624	0	head_turned	0.00	0
540	412099	2677024	0	head_stop	0.00	0
541	413287	2678164	0	ShowTarget	30.00	1
542	415696	2680477	1	MoveTarget	30.00	0
543	415710	2680491	1	ShowTarget	30.00	0
544	415967	2680737	1	head_turned	0.00	0
545	416342	2681097	1	head_stop	0.00	0
546	418933	2683584	1	ShowTarget	30.00	0
547	421551	2686097	0	MoveTarget	30.00	1
548	421564	2686110	0	ShowTarget	30.00	1
549	421850	2686384	0	head_turned	0.00	0
550	422335	2686851	0	head_stop	0.00	0
551	423343	2687817	0	ShowTarget	30.00	1
552	425342	2689737	1	MoveTarget	30.00	0
553	425356	2689751	1	ShowTarget	30.00	0
554	425773	2690151	1	head_turned	0.00	0
555	426218	2690577	1	head_stop	0.00	0
556	427343	2691657	1	ShowTarget	30.00	0
557	429933	2694144	0	MoveTarget	30.00	1
558	429947	2694157	0	ShowTarget	30.00	1
559	430398	2694590	0	head_turned	0.00	0
560	430850	2695024	0	head_stop	0.00	0
561	431440	2695591	0	ShowTarget	30.00	1
562	433412	2697484	1	MoveTarget	30.00	0
563	433426	2697497	1	ShowTarget	30.00	0
564	433648	2697710	1	head_turned	0.00	0
565	434169	2698210	1	head_stop	0.00	0
566	434739	2698757	1	ShowTarget	30.00	0
567	438302	2702177	0	MoveTarget	30.00	1
568	438323	2702197	0	ShowTarget	30.00	1
569	438635	2702497	0	head_turned	0.00	0
570	439371	2703204	0	head_stop	0.00	0
571	439788	2703604	0	ShowTarget	30.00	1
572	442711	2706410	1	MoveTarget	30.00	0
573	442726	2706424	1	ShowTarget	30.00	0
574	443094	2706777	1	head_turned	0.00	0
575	443566	2707230	1	head_stop	0.00	0
576	444212	2707850	1	ShowTarget	30.00	0
577	446052	2709617	0	MoveTarget	30.00	1
578	446066	2709630	0	ShowTarget	30.00	1
579	446538	2710083	0	head_turned	0.00	0
580	447017	2710544	0	head_stop	0.00	0
581	447497	2711004	0	ShowTarget	30.00	1
582	448677	2712137	1	MoveTarget	30.00	0
583	448691	2712150	1	ShowTarget	30.00	0
584	449059	2712504	1	head_turned	0.00	0
585	449823	2713237	1	head_stop	0.00	0
586	450477	2713865	1	ShowTarget	30.00	0
587	452205	2715523	0	MoveTarget	30.00	1
588	452219	2715537	0	ShowTarget	30.00	1
589	452483	2715790	0	head_turned	0.00	0
590	452948	2716237	0	head_stop	0.00	0
591	453650	2716910	0	ShowTarget	30.00	1
592	454712	2717930	1	MoveTarget	30.00	0
593	454733	2717950	1	ShowTarget	30.00	0
594	455115	2718317	1	head_turned	0.00	0
595	455719	2718897	1	head_stop	0.00	0
596	456116	2719277	1	ShowTarget	30.00	0
597	457560	2720663	0	MoveTarget	30.00	1
598	457580	2720683	0	ShowTarget	30.00	1
599	457865	2720957	0	head_turned	0.00	0
600	458330	2721403	0	head_stop	0.00	0
601	459102	2722144	0	ShowTarget	30.00	1
602	460928	2723896	1	MoveTarget	30.00	0
603	460942	2723910	1	ShowTarget	30.00	0
604	461178	2724137	1	head_turned	0.00	0
605	461629	2724570	1	head_stop	0.00	0
606	462220	2725137	1	ShowTarget	30.00	0
607	464032	2726877	0	MoveTarget	30.00	1
608	464053	2726897	0	ShowTarget	30.00	1
609	464359	2727190	0	head_turned	0.00	0
610	464900	2727710	0	head_stop	0.00	0
611	465359	2728151	0	ShowTarget	30.00	1
612	467810	2730503	1	MoveTarget	30.00	0
613	467824	2730517	1	ShowTarget	30.00	0
614	468081	2730763	1	head_turned	0.00	0
615	468567	2731230	1	head_stop	0.00	0
616	469102	2731744	1	ShowTarget	30.00	0
617	471074	2733637	0	MoveTarget	30.00	1
618	471088	2733650	0	ShowTarget	30.00	1
619	471366	2733917	0	head_turned	0.00	0
620	471901	2734430	0	head_stop	0.00	0
621	472450	2734957	0	ShowTarget	30.00	1
622	473707	2736163	1	MoveTarget	30.00	0
623	473720	2736176	1	ShowTarget	30.00	0
624	474095	2736537	1	head_turned	0.00	0
625	474651	2737069	1	head_stop	0.00	0
626	475109	2737510	1	ShowTarget	30.00	0
627	477047	2739370	0	MoveTarget	30.00	1
628	477061	2739383	0	ShowTarget	30.00	1
629	477283	2739597	0	head_turned	0.00	0
630	477804	2740096	0	head_stop	0.00	0
631	478387	2740657	0	ShowTarget	30.00	1
632	479880	2742089	1	MoveTarget	30.00	0
633	479894	2742103	1	ShowTarget	30.00	0
634	480186	2742383	1	head_turned	0.00	0
635	480679	2742857	1	head_stop	0.00	0
636	481249	2743403	1	ShowTarget	30.00	0
637	483492	2745556	0	MoveTarget	30.00	1
638	483513	2745577	0	ShowTarget	30.00	1
639	483783	2745836	0	head_turned	0.00	0
640	484506	2746530	0	head_stop	0.00	0
641	484902	2746910	0	ShowTarget	30.00	1
642	486686	2748623	1	MoveTarget	30.00	0
643	486700	2748636	1	ShowTarget	30.00	0
644	487013	2748936	1	head_turned	0.00	0
645	487555	2749457	1	head_stop	0.00	0
646	488103	2749983	1	ShowTarget	30.00	0
647	489534	2751356	0	MoveTarget	30.00	1
648	489548	2751370	0	ShowTarget	30.00	1
649	489811	2751623	0	head_turned	0.00	0
650	490478	2752263	0	head_stop	0.00	0
651	490770	2752543	0	ShowTarget	30.00	1
652	492423	2754129	1	MoveTarget	30.00	0
653	492444	2754150	1	ShowTarget	30.00	0
654	492673	2754370	1	head_turned	0.00	0
655	493257	2754930	1	head_stop	0.00	0
656	493763	2755416	1	ShowTarget	30.00	0
657	497875	2759363	0	MoveTarget	30.00	1
658	497888	2759376	0	ShowTarget	30.00	1
659	498173	2759649	0	head_turned	0.00	0
660	498687	2760143	0	head_stop	0.00	0
661	499292	2760723	0	ShowTarget	30.00	1
662	501000	2762363	1	MoveTarget	30.00	0
663	501014	2762376	1	ShowTarget	30.00	0
664	501396	2762743	1	head_turned	0.00	0
665	501902	2763229	1	head_stop	0.00	0
666	502590	2763890	1	ShowTarget	30.00	0
667	503854	2765103	0	MoveTarget	30.00	1
668	503868	2765116	0	ShowTarget	30.00	1
669	504229	2765463	0	head_turned	0.00	0
670	504729	2765943	0	head_stop	0.00	0
671	505438	2766623	0	ShowTarget	30.00	1
672	507187	2768303	1	MoveTarget	30.00	0
673	507202	2768316	1	ShowTarget	30.00	0
674	507472	2768576	1	head_turned	0.00	0
675	507910	2768996	1	head_stop	0.00	0
676	508626	2769683	1	ShowTarget	30.00	0
677	512292	2773203	0	MoveTarget	30.00	1
678	512306	2773216	0	ShowTarget	30.00	1
679	512577	2773476	0	head_turned	0.00	0
680	513125	2774003	0	head_stop	0.00	0
681	513612	2774469	0	ShowTarget	30.00	1
682	515716	2776489	1	MoveTarget	30.00	0
683	515730	2776502	1	ShowTarget	30.00	0
684	515966	2776729	1	head_turned	0.00	0
685	516507	2777249	1	head_stop	0.00	0
686	517147	2777863	1	ShowTarget	30.00	0
687	521057	2781616	0	MoveTarget	30.00	1
688	521070	2781629	0	ShowTarget	30.00	1
689	521348	2781896	0	head_turned	0.00	0
690	521862	2782389	0	head_stop	0.00	0
691	522578	2783076	0	ShowTarget	30.00	1
692	524987	2785389	1	MoveTarget	30.00	0
693	525001	2785403	1	ShowTarget	30.00	0
694	525314	2785703	1	head_turned	0.00	0
695	525974	2786337	1	head_stop	0.00	0
696	526474	2786816	1	ShowTarget	30.00	0
697	530092	2790289	0	MoveTarget	30.00	1
698	530113	2790309	0	ShowTarget	30.00	1
699	530335	2790522	0	head_turned	0.00	0
700	531106	2791263	0	head_stop	0.00	0
701	531578	2791716	0	ShowTarget	30.00	1
702	532800	2792889	1	MoveTarget	30.00	0
703	532821	2792909	1	ShowTarget	30.00	0
704	533176	2793250	1	head_turned	0.00	0
705	533863	2793909	1	head_stop	0.00	0
706	534474	2794496	1	ShowTarget	30.00	0
707	536217	2796169	0	MoveTarget	30.00	1
708	536231	2796182	0	ShowTarget	30.00	1
709	536627	2796562	0	head_turned	0.00	0
710	537266	2797176	0	head_stop	0.00	0
711	537808	2797695	0	ShowTarget	30.00	1
712	539815	2799622	1	MoveTarget	30.00	0
713	539835	2799642	1	ShowTarget	30.00	0
714	540099	2799896	1	head_turned	0.00	0
715	540641	2800416	1	head_stop	0.00	0
716	541183	2800936	1	ShowTarget	30.00	0
717	543107	2802782	0	MoveTarget	30.00	1
718	543120	2802796	0	ShowTarget	30.00	1
719	543454	2803116	0	head_turned	0.00	0
720	544093	2803729	0	head_stop	0.00	0
721	544669	2804282	0	ShowTarget	30.00	1
722	546065	2805622	1	MoveTarget	30.00	0
723	546079	2805636	1	ShowTarget	30.00	0
724	546433	2805975	1	head_turned	0.00	0
725	547072	2806589	1	head_stop	0.00	0
726	547629	2807124	1	ShowTarget	30.00	0
727	551711	2811042	0	MoveTarget	30.00	1
728	551725	2811055	0	ShowTarget	30.00	1
729	552038	2811356	0	head_turned	0.00	0
730	552614	2811909	0	head_stop	0.00	0
731	553281	2812549	0	ShowTarget	30.00	1
732	555169	2814362	1	MoveTarget	30.00	0
733	555183	2814375	1	ShowTarget	30.00	0
734	555461	2814642	1	head_turned	0.00	0
735	556059	2815216	1	head_stop	0.00	0
736	556670	2815802	1	ShowTarget	30.00	0
737	557920	2817002	0	MoveTarget	30.00	1
738	557934	2817015	0	ShowTarget	30.00	1
739	558364	2817429	0	head_turned	0.00	0
740	558885	2817929	0	head_stop	0.00	0
741	559948	2818949	0	ShowTarget	30.00	1
742	561386	2820329	1	MoveTarget	30.00	0
743	561399	2820342	1	ShowTarget	30.00	0
744	561642	2820575	1	head_turned	0.00	0
745	562156	2821069	1	head_stop	0.00	0
746	563053	2821929	1	ShowTarget	30.00	0
747	564100	2822935	0	MoveTarget	30.00	1
748	564115	2822948	0	ShowTarget	30.00	1
749	564462	2823282	0	head_turned	0.00	0
750	564976	2823775	0	head_stop	0.00	0
751	565712	2824482	0	ShowTarget	30.00	1
752	566976	2825695	1	MoveTarget	30.00	0
753	566990	2825709	1	ShowTarget	30.00	0
754	567309	2826015	1	head_turned	0.00	0
755	567858	2826542	1	head_stop	0.00	0
756	568678	2827329	1	ShowTarget	30.00	0
757	571365	2829909	0	MoveTarget	30.00	1
758	571379	2829922	0	ShowTarget	30.00	1
759	571670	2830202	0	head_turned	0.00	0
760	572136	2830649	0	head_stop	0.00	0
761	572949	2831429	0	ShowTarget	30.00	1
762	574803	2833209	1	MoveTarget	30.00	0
763	574817	2833222	1	ShowTarget	30.00	0
764	575060	2833455	1	head_turned	0.00	0
765	575560	2833935	1	head_stop	0.00	0
766	576463	2834802	1	ShowTarget	30.00	0
767	577616	2835909	0	MoveTarget	30.00	1
768	577636	2835929	0	ShowTarget	30.00	1
769	578011	2836288	0	head_turned	0.00	0
770	578511	2836769	0	head_stop	0.00	0
771	579242	2837470	0	ShowTarget	30.00	1
772	580671	2838842	1	MoveTarget	30.00	0
773	580685	2838855	1	ShowTarget	30.00	0
774	581018	2839175	1	head_turned	0.00	0
775	581470	2839608	1	head_stop	0.00	0
776	582359	2840462	1	ShowTarget	30.00	0
777	584116	2842149	0	MoveTarget	30.00	1
778	584129	2842162	0	ShowTarget	30.00	1
779	584400	2842422	0	head_turned	0.00	0
780	584914	2842915	0	head_stop	0.00	0
781	585776	2843742	0	ShowTarget	30.00	1
782	586956	2844875	1	MoveTarget	30.00	0
783	586977	2844895	1	ShowTarget	30.00	0
784	587255	2845162	1	head_turned	0.00	0
785	587748	2845635	1	head_stop	0.00	0
786	589283	2847109	1	ShowTarget	30.00	0
787	591505	2849241	0	MoveTarget	30.00	1
788	591519	2849255	0	ShowTarget	30.00	1
789	591769	2849495	0	head_turned	0.00	0
790	592262	2849968	0	head_stop	0.00	0
791	593165	2850835	0	ShowTarget	30.00	1
792	594929	2852528	1	MoveTarget	30.00	0
793	594943	2852542	1	ShowTarget	30.00	0
794	595290	2852875	1	head_turned	0.00	0
795	595964	2853522	1	head_stop	0.00	0
796	596749	2854275	1	ShowTarget	30.00	0
797	600645	2858015	0	MoveTarget	30.00	1
798	600658	2858028	0	ShowTarget	30.00	1
799	600929	2858288	0	head_turned	0.00	0
800	601534	2858868	0	head_stop	0.00	0
801	602221	2859528	0	ShowTarget	30.00	1
802	605450	2862628	1	MoveTarget	30.00	0
803	605464	2862641	1	ShowTarget	30.00	0
804	605735	2862902	1	head_turned	0.00	0
805	606270	2863415	1	head_stop	0.00	0
806	607173	2864282	1	ShowTarget	30.00	0
807	610159	2867148	0	MoveTarget	30.00	1
808	610173	2867161	0	ShowTarget	30.00	1
809	610485	2867461	0	head_turned	0.00	0
810	610971	2867928	0	head_stop	0.00	0
811	611916	2868835	0	ShowTarget	30.00	1
812	615361	2872142	1	MoveTarget	30.00	0
813	615381	2872161	1	ShowTarget	30.00	0
814	615667	2872435	1	head_turned	0.00	0
815	616125	2872874	1	head_stop	0.00	0
816	616973	2873689	1	ShowTarget	30.00	0
817	619694	2876302	0	MoveTarget	30.00	1
818	619715	2876321	0	ShowTarget	30.00	1
819	619993	2876588	0	head_turned	0.00	0
820	620556	2877128	0	head_stop	0.00	0
821	621521	2878055	0	ShowTarget	30.00	1
822	623403	2879861	1	MoveTarget	30.00	0
823	623417	2879875	1	ShowTarget	30.00	0
824	623736	2880181	1	head_turned	0.00	0
825	624375	2880795	1	head_stop	0.00	0
826	625334	2881715	1	ShowTarget	30.00	0
827	626868	2883188	0	MoveTarget	30.00	1
828	626883	2883202	0	ShowTarget	30.00	1
829	627202	2883508	0	head_turned	0.00	0
830	627952	2884228	0	head_stop	0.00	0
831	628820	2885062	0	ShowTarget	30.00	1
832	630223	2886408	1	MoveTarget	30.00	0
833	630244	2886428	1	ShowTarget	30.00	0
834	630563	2886735	1	head_turned	0.00	0
835	631251	2887395	1	head_stop	0.00	0
836	632064	2888176	1	ShowTarget	30.00	0
837	633216	2889281	0	MoveTarget	30.00	1
838	633230	2889294	0	ShowTarget	30.00	1
839	633549	2889601	0	head_turned	0.00	0
840	634251	2890275	0	head_stop	0.00	0
841	634966	2890961	0	ShowTarget	30.00	1
842	636237	2892181	1	MoveTarget	30.00	0
843	636258	2892201	1	ShowTarget	30.00	0
844	636556	2892488	1	head_turned	0.00	0
845	637140	2893048	1	head_stop	0.00	0
846	638092	2893962	1	ShowTarget	30.00	0
847	639452	2895267	0	MoveTarget	30.00	1
848	639473	2895288	0	ShowTarget	30.00	1
849	639765	2895568	0	head_turned	0.00	0
850	640327	2896108	0	head_stop	0.00	0
851	641189	2896935	0	ShowTarget	30.00	1
852	642356	2898055	1	MoveTarget	30.00	0
853	642369	2898067	1	ShowTarget	30.00	0
854	642654	2898341	1	head_turned	0.00	0
855	643265	2898928	1	head_stop	0.00	0
856	644217	2899841	1	ShowTarget	30.00	0
857	645897	2901454	0	MoveTarget	30.00	1
858	645911	2901468	0	ShowTarget	30.00	1
859	646147	2901694	0	head_turned	0.00	0
860	646689	2902214	0	head_stop	0.00	0
861	647766	2903248	0	ShowTarget	30.00	1
862	648967	2904401	1	MoveTarget	30.00	0
863	648988	2904421	1	ShowTarget	30.00	0
864	649279	2904701	1	head_turned	0.00	0
865	649919	2905315	1	head_stop	0.00	0
866	650974	2906328	1	ShowTarget	30.00	0
867	652835	2908114	0	MoveTarget	30.00	1
868	652849	2908128	0	ShowTarget	30.00	1
869	653141	2908407	0	head_turned	0.00	0
870	653689	2908934	0	head_stop	0.00	0
871	654752	2909954	0	ShowTarget	30.00	1
872	656071	2911221	1	MoveTarget	30.00	0
873	656092	2911241	1	ShowTarget	30.00	0
874	656321	2911461	1	head_turned	0.00	0
875	656884	2912001	1	head_stop	0.00	0
876	657857	2912935	1	ShowTarget	30.00	0
877	661308	2916247	0	MoveTarget	30.00	1
878	661322	2916261	0	ShowTarget	30.00	1
879	661606	2916534	0	head_turned	0.00	0
880	662148	2917054	0	head_stop	0.00	0
881	663114	2917982	0	ShowTarget	30.00	1
882	664322	2919140	1	MoveTarget	30.00	0
883	664336	2919154	1	ShowTarget	30.00	0
884	664746	2919547	1	head_turned	0.00	0
885	665245	2920027	1	head_stop	0.00	0
886	666440	2921174	1	ShowTarget	30.00	0
887	667669	2922354	0	MoveTarget	30.00	1
888	667683	2922367	0	ShowTarget	30.00	1
889	667954	2922627	0	head_turned	0.00	0
890	668454	2923107	0	head_stop	0.00	0
891	674607	2929014	0	ShowTarget	30.00	1
892	677607	2931894	1	MoveTarget	30.00	0
893	677621	2931907	1	ShowTarget	30.00	0
894	677892	2932167	1	head_turned	0.00	0
895	678468	2932720	1	head_stop	0.00	0
896	679399	2933614	1	ShowTarget	30.00	0
897	681615	2935741	0	MoveTarget	30.00	1
898	681628	2935754	0	ShowTarget	30.00	1
899	682017	2936127	0	head_turned	0.00	0
900	682531	2936620	0	head_stop	0.00	0
901	683567	2937615	0	ShowTarget	30.00	1
902	684788	2938787	1	MoveTarget	30.00	0
903	684802	2938800	1	ShowTarget	30.00	0
904	685074	2939061	1	head_turned	0.00	0
905	685615	2939580	1	head_stop	0.00	0
906	686657	2940581	1	ShowTarget	30.00	0

