Using_curved_screen True Player_screen_cm 180 Screen_width_cm 121 Camera1_display 0 Camera2_display 1 CameraFOVFactor 2 GazeTime 1.5 RandomGazeTime 0.5 HideTime 0.2 SpeedThreshold 180 StopWinodow 0.03 TargetChangeTime 1 TargetChangeTimeRRange 0 UseAcuityIndicator True AcuityMode 1 AcuityFlashTime 0.08 AcuityChangeNumber 10 AcuityChangeUpPerc 0.8 AcuityChangeDownPerc 0.5 ACuityList 90 StopSpeed 10.00 PostDelayList 0 PostDelayNumber 5 PostDelayUpC 0.50 PostDelayLoC 0.60 PostDelayConvNum 1 PostDelayRepeatNum 2 PostDelayASOffset 0 DynaDelayRepeatNum 9 
Line_#	Time_Stamp	Simulink_Sample	Trail_#	Action	Degree	Direction
10	1372262	-1	GameMode StaticAcuity HideFlag True JumpFlag False ShowTargetFlag True HeadIndicatorChange False SkipCenterFlag True HideHeadIndicator True Gain 1 UsingAcuityAfter False UsingAcuityBefore False UsingAcuityWaitTime True AcuitySize 2 UsingAcuityChange True CurrAcuityChangeMode acuity_list UsingPostDelay False PostDelayMode random PostDelayInit 0.00 PostDelayIMax 0.00 ADUsingStaticData False UsingPresetSD False StaticDataSize 0 StaticDataMLH 0.000 DynamicDelayMode fix_amount DynaDelayInit 0.000 DynaDelayMax 0.000 DynaDelayInter 0.000 	
3	179	1372425	0	ReSet	0.00	0
4	187	1372433	0	ShowTarget	0.00	0
5	1708	1373892	0	MoveTarget	0.00	1
6	1721	1373905	0	ShowTarget	0.00	1
7	1936	1374112	0	TargetHided	0.00	1
8	1938	1374113	0	ChangeTargetWaitTime	0.00	1
9	3542	1375654	0	ShowTarget	0.00	1
10	4923	1376979	0	MoveTarget	0.00	1
11	4937	1376992	0	ShowTarget	0.00	1
12	5145	1377192	0	TargetHided	0.00	1
13	5145	1377192	0	ChangeTargetWaitTime	0.00	1
14	6548	1378539	0	ShowTarget	0.00	1
15	8110	1380038	0	MoveTarget	0.00	1
16	8131	1380058	0	ShowTarget	0.00	1
17	8346	1380265	0	TargetHided	0.00	1
18	8346	1380265	0	ChangeTargetWaitTime	0.00	1
19	9805	1381665	0	ShowTarget	0.00	1
20	11611	1383398	0	MoveTarget	0.00	1
21	11624	1383412	0	ShowTarget	0.00	1
22	11847	1383625	0	TargetHided	0.00	1
23	11847	1383625	0	ChangeTargetWaitTime	0.00	1
24	13354	1385072	0	ShowTarget	0.00	1
25	14618	1386285	0	MoveTarget	0.00	1
26	14631	1386298	0	ShowTarget	0.00	1
27	14840	1386498	0	TargetHided	0.00	1
28	14840	1386498	0	ChangeTargetWaitTime	0.00	1
29	16993	1388565	0	ShowTarget	0.00	1
30	18805	1390305	0	MoveTarget	0.00	1
31	18826	1390325	0	ShowTarget	0.00	1
32	19035	1390525	0	TargetHided	0.00	1
33	19035	1390525	0	ChangeTargetWaitTime	0.00	1
34	21174	1392578	0	ShowTarget	0.00	1
35	22543	1393893	0	MoveTarget	0.00	1
36	22555	1393905	0	ShowTarget	0.00	1
37	22764	1394105	0	TargetHided	0.00	1
38	22764	1394105	0	ChangeTargetWaitTime	0.00	1
39	24293	1395572	0	ShowTarget	0.00	1
40	25799	1397018	0	MoveTarget	0.00	1
41	25813	1397031	0	ShowTarget	0.00	1
42	26022	1397232	0	TargetHided	0.00	1
43	26022	1397232	0	ChangeTargetWaitTime	0.00	1
44	28493	1399605	0	ShowTarget	0.00	1
45	30431	1401465	0	MoveTarget	0.00	1
46	30445	1401478	0	ShowTarget	0.00	1
47	30653	1401678	0	TargetHided	0.00	1
48	30653	1401678	0	ChangeTargetWaitTime	0.00	1
49	33272	1404191	0	ShowTarget	0.00	1
50	34661	1405524	0	MoveTarget	0.00	1
51	34674	1405538	0	ShowTarget	0.00	1
52	34897	1405752	0	TargetHided	0.00	1
53	34897	1405752	0	ChangeTargetWaitTime	0.00	1
54	37016	1407786	0	ShowTarget	0.00	1
55	38307	1409025	0	MoveTarget	0.00	1
56	38327	1409045	0	ShowTarget	0.00	1
57	38536	1409245	0	TargetHided	0.00	1
58	38536	1409245	0	ChangeTargetWaitTime	0.00	1
59	43189	1413711	0	ShowTarget	0.00	1
60	45045	1415493	0	MoveTarget	0.00	1
61	45057	1415505	0	ShowTarget	0.00	1
62	45265	1415705	0	TargetHided	0.00	1
63	45266	1415705	0	ChangeTargetWaitTime	0.00	1
64	46974	1417345	0	ShowTarget	0.00	1
65	48404	1418718	0	MoveTarget	0.00	1
66	48425	1418738	0	ShowTarget	0.00	1
67	48640	1418945	0	TargetHided	0.00	1
68	48640	1418945	0	ChangeTargetWaitTime	0.00	1
69	50037	1420285	0	ShowTarget	0.00	1
70	51662	1421845	0	MoveTarget	0.00	1
71	51683	1421865	0	ShowTarget	0.00	1
72	51898	1422071	0	TargetHided	0.00	1
73	51898	1422071	0	ChangeTargetWaitTime	0.00	1
74	53696	1423798	0	ShowTarget	0.00	1
75	54953	1425005	0	MoveTarget	0.00	1
76	54967	1425018	0	ShowTarget	0.00	1
77	55190	1425231	0	TargetHided	0.00	1
78	55190	1425231	0	ChangeTargetWaitTime	0.00	1
79	56683	1426665	0	ShowTarget	0.00	1
80	58433	1428344	0	MoveTarget	0.00	1
81	58453	1428364	0	ShowTarget	0.00	1
82	58662	1428565	0	TargetHided	0.00	1
83	58662	1428565	0	ChangeTargetWaitTime	0.00	1
84	60107	1429951	0	ShowTarget	0.00	1
85	61836	1431611	0	MoveTarget	0.00	1
86	61850	1431624	0	ShowTarget	0.00	1
87	62058	1431825	0	TargetHided	0.00	1
88	62058	1431825	0	ChangeTargetWaitTime	0.00	1
89	63441	1433152	0	ShowTarget	0.00	1
90	65273	1434911	0	MoveTarget	0.00	1
91	65295	1434932	0	ShowTarget	0.00	1
92	65510	1435138	0	TargetHided	0.00	1
93	65510	1435138	0	ChangeTargetWaitTime	0.00	1
94	67017	1436584	0	ShowTarget	0.00	1
95	68482	1437991	0	MoveTarget	0.00	1
96	68496	1438004	0	ShowTarget	0.00	1
97	68718	1438218	0	TargetHided	0.00	1
98	68718	1438218	0	ChangeTargetWaitTime	0.00	1
99	70072	1439518	0	ShowTarget	0.00	1
100	71198	1440598	0	MoveTarget	0.00	1
101	71211	1440611	0	ShowTarget	0.00	1
102	71420	1440812	0	TargetHided	0.00	1
103	71420	1440812	0	ChangeTargetWaitTime	0.00	1
104	72872	1442205	0	ShowTarget	0.00	1
105	74795	1444051	0	MoveTarget	0.00	1
106	74816	1444071	0	ShowTarget	0.00	1
107	75031	1444277	0	TargetHided	0.00	1
108	75031	1444277	0	ChangeTargetWaitTime	0.00	1
109	76496	1445684	0	ShowTarget	0.00	1
110	78365	1447478	0	MoveTarget	0.00	1
111	78379	1447491	0	ShowTarget	0.00	1
112	78588	1447692	0	TargetHided	0.00	1
113	78588	1447692	0	ChangeTargetWaitTime	0.00	1
114	80455	1449484	0	ShowTarget	0.00	1
115	82220	1451179	0	MoveTarget	0.00	1
116	82233	1451191	0	ShowTarget	0.00	1
117	82455	1451404	0	TargetHided	0.00	1
118	82455	1451404	0	ChangeTargetWaitTime	0.00	1
119	83851	1452744	0	ShowTarget	0.00	1
120	85823	1454637	0	MoveTarget	0.00	1
121	85845	1454657	0	ShowTarget	0.00	1
122	86052	1454857	0	TargetHided	0.00	1
123	86052	1454857	0	ChangeTargetWaitTime	0.00	1
124	87407	1456157	0	ShowTarget	0.00	1
125	89053	1457737	0	MoveTarget	0.00	1
126	89066	1457751	0	ShowTarget	0.00	1
127	89275	1457951	0	TargetHided	0.00	1
128	89275	1457951	0	ChangeTargetWaitTime	0.00	1
129	91352	1459945	0	ShowTarget	0.00	1
130	92713	1461251	0	MoveTarget	0.00	1
131	92733	1461271	0	ShowTarget	0.00	1
132	92949	1461477	0	TargetHided	0.00	1
133	92949	1461477	0	ChangeTargetWaitTime	0.00	1
134	94359	1462831	0	ShowTarget	0.00	1
135	96095	1464497	0	MoveTarget	0.00	1
136	96116	1464517	0	ShowTarget	0.00	1
137	96331	1464724	0	TargetHided	0.00	1
138	96331	1464724	0	ChangeTargetWaitTime	0.00	1
139	97671	1466010	0	ShowTarget	0.00	1
140	99512	1467778	0	MoveTarget	0.00	1
141	99525	1467791	0	ShowTarget	0.00	1
142	99748	1468004	0	TargetHided	0.00	1
143	99748	1468004	0	ChangeTargetWaitTime	0.00	1
144	101338	1469531	0	ShowTarget	0.00	1
145	102464	1470611	0	MoveTarget	0.00	1
146	102477	1470624	0	ShowTarget	0.00	1
147	102679	1470817	0	TargetHided	0.00	1
148	102679	1470817	0	ChangeTargetWaitTime	0.00	1
149	104262	1472338	0	ShowTarget	0.00	1
150	105547	1473571	0	MoveTarget	0.00	1
151	105561	1473584	0	ShowTarget	0.00	1
152	105769	1473784	0	TargetHided	0.00	1
153	105769	1473784	0	ChangeTargetWaitTime	0.00	1
154	107221	1475177	0	ShowTarget	0.00	1
155	108721	1476617	0	MoveTarget	0.00	1
156	108734	1476630	0	ShowTarget	0.00	1
157	108943	1476830	0	TargetHided	0.00	1
158	108943	1476830	0	ChangeTargetWaitTime	0.00	1
159	110380	1478211	0	ShowTarget	0.00	1
160	111783	1479557	0	MoveTarget	0.00	1
161	111797	1479570	0	ShowTarget	0.00	1
162	112019	1479784	0	TargetHided	0.00	1
163	112019	1479784	0	ChangeTargetWaitTime	0.00	1
164	113366	1481077	0	ShowTarget	0.00	1
165	114922	1482570	0	MoveTarget	0.00	1
166	114943	1482591	0	ShowTarget	0.00	1
167	115152	1482791	0	TargetHided	0.00	1
168	115152	1482791	0	ChangeTargetWaitTime	0.00	1
169	116513	1484097	0	ShowTarget	0.00	1
170	118117	1485637	0	MoveTarget	0.00	1
171	118131	1485650	0	ShowTarget	0.00	1
172	118332	1485844	0	TargetHided	0.00	1
173	118332	1485844	0	ChangeTargetWaitTime	0.00	1
174	119673	1487130	0	ShowTarget	0.00	1
175	121013	1488417	0	MoveTarget	0.00	1
176	121028	1488431	0	ShowTarget	0.00	1
177	121249	1488644	0	TargetHided	0.00	1
178	121249	1488644	0	ChangeTargetWaitTime	0.00	1
179	122881	1490210	0	ShowTarget	0.00	1
180	124346	1491617	0	MoveTarget	0.00	1
181	124361	1491631	0	ShowTarget	0.00	1
182	124562	1491824	0	TargetHided	0.00	1
183	124562	1491824	0	ChangeTargetWaitTime	0.00	1
184	125917	1493124	0	ShowTarget	0.00	1
185	127534	1494677	0	MoveTarget	0.00	1
186	127555	1494697	0	ShowTarget	0.00	1
187	127770	1494903	0	TargetHided	0.00	1
188	127770	1494903	0	ChangeTargetWaitTime	0.00	1
189	129229	1496304	0	ShowTarget	0.00	1
190	130382	1497410	0	MoveTarget	0.00	1
191	130403	1497430	0	ShowTarget	0.00	1
192	130611	1497630	0	TargetHided	0.00	1
193	130611	1497630	0	ChangeTargetWaitTime	0.00	1
194	132069	1499030	0	ShowTarget	0.00	1
195	133382	1500290	0	MoveTarget	0.00	1
196	133403	1500311	0	ShowTarget	0.00	1
197	133618	1500517	0	TargetHided	0.00	1
198	133618	1500517	0	ChangeTargetWaitTime	0.00	1
199	135029	1501871	0	ShowTarget	0.00	1
200	136375	1503163	0	MoveTarget	0.00	1
201	136389	1503177	0	ShowTarget	0.00	1
202	136597	1503377	0	TargetHided	0.00	1
203	136597	1503377	0	ChangeTargetWaitTime	0.00	1
204	137917	1504643	0	ShowTarget	0.00	1
205	139695	1506350	0	MoveTarget	0.00	1
206	139715	1506370	0	ShowTarget	0.00	1
207	139924	1506570	0	TargetHided	0.00	1
208	139924	1506570	0	ChangeTargetWaitTime	0.00	1
209	141966	1508530	0	ShowTarget	0.00	1
210	143903	1510390	0	MoveTarget	0.00	1
211	143924	1510410	0	ShowTarget	0.00	1
212	144139	1510617	0	TargetHided	0.00	1
213	144139	1510617	0	ChangeTargetWaitTime	0.00	1
214	146209	1512603	0	ShowTarget	0.00	1
215	147987	1514310	0	MoveTarget	0.00	1
216	148001	1514323	0	ShowTarget	0.00	1
217	148223	1514536	0	TargetHided	0.00	1
218	148223	1514536	0	ChangeTargetWaitTime	0.00	1
219	149592	1515851	0	ShowTarget	0.00	1
220	151577	1517757	0	MoveTarget	0.00	1
221	151591	1517770	0	ShowTarget	0.00	1
222	151799	1517970	0	TargetHided	0.00	1
223	151799	1517970	0	ChangeTargetWaitTime	0.00	1
224	153161	1519277	0	ShowTarget	0.00	1
225	154918	1520963	0	MoveTarget	0.00	1
226	154932	1520977	0	ShowTarget	0.00	1
227	155147	1521183	0	TargetHided	0.00	1
228	155147	1521183	0	ChangeTargetWaitTime	0.00	1
229	156473	1522457	0	ShowTarget	0.00	1
230	157585	1523523	0	MoveTarget	0.00	1
231	157599	1523537	0	ShowTarget	0.00	1
232	157807	1523736	0	TargetHided	0.00	1
233	157807	1523737	0	ChangeTargetWaitTime	0.00	1
234	159258	1525130	0	ShowTarget	0.00	1
235	160446	1526270	0	MoveTarget	0.00	1
236	160467	1526290	0	ShowTarget	0.00	1
237	160675	1526490	0	TargetHided	0.00	1
238	160675	1526490	0	ChangeTargetWaitTime	0.00	1
239	162029	1527790	0	ShowTarget	0.00	1
240	163182	1528896	0	MoveTarget	0.00	1
241	163196	1528909	0	ShowTarget	0.00	1
242	163404	1529110	0	TargetHided	0.00	1
243	163404	1529110	0	ChangeTargetWaitTime	0.00	1
244	164996	1530637	0	ShowTarget	0.00	1
245	166460	1532043	0	MoveTarget	0.00	1
246	166481	1532063	0	ShowTarget	0.00	1
247	166689	1532263	0	TargetHided	0.00	1
248	166689	1532263	0	ChangeTargetWaitTime	0.00	1
249	169565	1535023	0	ShowTarget	0.00	1
250	171496	1536877	0	MoveTarget	0.00	1
251	171509	1536890	0	ShowTarget	0.00	1
252	171724	1537096	0	TargetHided	0.00	1
253	171724	1537096	0	ChangeTargetWaitTime	0.00	1
254	173871	1539157	0	ShowTarget	0.00	1
255	175787	1540997	0	MoveTarget	0.00	1
256	175801	1541010	0	ShowTarget	0.00	1
257	176009	1541210	0	TargetHided	0.00	1
258	176009	1541210	0	ChangeTargetWaitTime	0.00	1
259	177433	1542576	0	ShowTarget	0.00	1
260	179433	1544496	0	MoveTarget	0.00	1
261	179448	1544510	0	ShowTarget	0.00	1
262	179669	1544723	0	TargetHided	0.00	1
263	179669	1544723	0	ChangeTargetWaitTime	0.00	1
264	181155	1546149	0	ShowTarget	0.00	1
265	182531	1547470	0	MoveTarget	0.00	1
266	182551	1547490	0	ShowTarget	0.00	1
267	182760	1547690	0	TargetHided	0.00	1
268	182760	1547690	0	ChangeTargetWaitTime	0.00	1
269	184122	1548997	0	ShowTarget	0.00	1
270	185378	1550203	0	MoveTarget	0.00	1
271	185399	1550223	0	ShowTarget	0.00	1
272	185607	1550423	0	TargetHided	0.00	1
273	185607	1550423	0	ChangeTargetWaitTime	0.00	1
274	187080	1551837	0	ShowTarget	0.00	1
275	188281	1552990	0	MoveTarget	0.00	1
276	188295	1553003	0	ShowTarget	0.00	1
277	188503	1553203	0	TargetHided	0.00	1
278	188503	1553203	0	ChangeTargetWaitTime	0.00	1
279	189954	1554596	0	ShowTarget	0.00	1
280	191024	1555623	0	MoveTarget	0.00	1
281	191038	1555636	0	ShowTarget	0.00	1
282	191246	1555836	0	TargetHided	0.00	1
283	191246	1555836	0	ChangeTargetWaitTime	0.00	1
284	192642	1557176	0	ShowTarget	0.00	1
285	194560	1559017	0	MoveTarget	0.00	1
286	194580	1559036	0	ShowTarget	0.00	1
287	194795	1559243	0	TargetHided	0.00	1
288	194795	1559243	0	ChangeTargetWaitTime	0.00	1
289	196219	1560609	0	ShowTarget	0.00	1
290	197385	1561729	0	MoveTarget	0.00	1
291	197399	1561743	0	ShowTarget	0.00	1
292	197622	1561956	0	TargetHided	0.00	1
293	197622	1561956	0	ChangeTargetWaitTime	0.00	1
294	199018	1563296	0	ShowTarget	0.00	1
295	200670	1564883	0	MoveTarget	0.00	1
296	200685	1564895	0	ShowTarget	0.00	1
297	200885	1565089	0	TargetHided	0.00	1
298	200886	1565089	0	ChangeTargetWaitTime	0.00	1
299	202248	1566397	0	ShowTarget	0.00	1
300	203407	1567509	0	MoveTarget	0.00	1
301	203428	1567529	0	ShowTarget	0.00	1
302	203643	1567736	0	TargetHided	0.00	1
303	203643	1567736	0	ChangeTargetWaitTime	0.00	1
304	205109	1569143	0	ShowTarget	0.00	1
305	206657	1570629	0	MoveTarget	0.00	1
306	206671	1570643	0	ShowTarget	0.00	1
307	206893	1570856	0	TargetHided	0.00	1
308	206893	1570856	0	ChangeTargetWaitTime	0.00	1
309	208275	1572182	0	ShowTarget	0.00	1
310	209456	1573316	0	MoveTarget	0.00	1
311	209470	1573329	0	ShowTarget	0.00	1
312	209678	1573529	0	TargetHided	0.00	1
313	209678	1573529	0	ChangeTargetWaitTime	0.00	1
314	211977	1575736	0	ShowTarget	0.00	1
315	213616	1577309	0	MoveTarget	0.00	1
316	213630	1577322	0	ShowTarget	0.00	1
317	213838	1577522	0	TargetHided	0.00	1
318	213838	1577523	0	ChangeTargetWaitTime	0.00	1
319	215484	1579103	0	ShowTarget	0.00	1
320	217165	1580716	0	MoveTarget	0.00	1
321	217179	1580730	0	ShowTarget	0.00	1
322	217387	1580929	0	TargetHided	0.00	1
323	217387	1580929	0	ChangeTargetWaitTime	0.00	1
324	218797	1582282	0	ShowTarget	0.00	1
325	220783	1584189	0	MoveTarget	0.00	1
326	220803	1584209	0	ShowTarget	0.00	1
327	221012	1584409	0	TargetHided	0.00	1
328	221012	1584409	0	ChangeTargetWaitTime	0.00	1
329	222492	1585830	0	ShowTarget	0.00	1
330	224102	1587376	0	MoveTarget	0.00	1
331	224116	1587389	0	ShowTarget	0.00	1
332	224325	1587589	0	TargetHided	0.00	1
333	224325	1587589	0	ChangeTargetWaitTime	0.00	1
334	225714	1588922	0	ShowTarget	0.00	1
335	226783	1589949	0	MoveTarget	0.00	1
336	226797	1589962	0	ShowTarget	0.00	1
337	227019	1590176	0	TargetHided	0.00	1
338	227019	1590176	0	ChangeTargetWaitTime	0.00	1
339	228992	1592069	0	ShowTarget	0.00	1
340	230846	1593849	0	MoveTarget	0.00	1
341	230867	1593869	0	ShowTarget	0.00	1
342	231076	1594069	0	TargetHided	0.00	1
343	231076	1594069	0	ChangeTargetWaitTime	0.00	1
344	232575	1595509	0	ShowTarget	0.00	1
345	234353	1597215	0	MoveTarget	0.00	1
346	234374	1597235	0	ShowTarget	0.00	1
347	234582	1597436	0	TargetHided	0.00	1
348	234582	1597436	0	ChangeTargetWaitTime	0.00	1
349	236020	1598816	0	ShowTarget	0.00	1
350	237249	1599996	0	MoveTarget	0.00	1
351	237263	1600009	0	ShowTarget	0.00	1
352	237464	1600202	0	TargetHided	0.00	1
353	237464	1600202	0	ChangeTargetWaitTime	0.00	1
354	239034	1601709	0	ShowTarget	0.00	1
355	240569	1603182	0	MoveTarget	0.00	1
356	240590	1603202	0	ShowTarget	0.00	1
357	240805	1603409	0	TargetHided	0.00	1
358	240805	1603409	0	ChangeTargetWaitTime	0.00	1
359	242889	1605409	0	ShowTarget	0.00	1
360	244027	1606502	0	MoveTarget	0.00	1
361	244041	1606516	0	ShowTarget	0.00	1
362	244256	1606722	0	TargetHided	0.00	1
363	244257	1606722	0	ChangeTargetWaitTime	0.00	1
364	245709	1608116	0	ShowTarget	0.00	1
365	246770	1609135	0	MoveTarget	0.00	1
366	246784	1609148	0	ShowTarget	0.00	1
367	246993	1609349	0	TargetHided	0.00	1
368	246993	1609349	0	ChangeTargetWaitTime	0.00	1
369	248403	1610702	0	ShowTarget	0.00	1
370	250194	1612422	0	MoveTarget	0.00	1
371	250208	1612436	0	ShowTarget	0.00	1
372	250416	1612635	0	TargetHided	0.00	1
373	250416	1612635	0	ChangeTargetWaitTime	0.00	1
374	252000	1614155	0	ShowTarget	0.00	1
375	253681	1615768	0	MoveTarget	0.00	1
376	253702	1615789	0	ShowTarget	0.00	1
377	253917	1615995	0	TargetHided	0.00	1
378	253917	1615995	0	ChangeTargetWaitTime	0.00	1
379	255459	1617476	0	ShowTarget	0.00	1
380	256806	1618768	0	MoveTarget	0.00	1
381	256820	1618782	0	ShowTarget	0.00	1
382	257042	1618995	0	TargetHided	0.00	1
383	257042	1618995	0	ChangeTargetWaitTime	0.00	1
384	258396	1620295	0	ShowTarget	0.00	1
385	260313	1622135	0	MoveTarget	0.00	1
386	260327	1622149	0	ShowTarget	0.00	1
387	260535	1622348	0	TargetHided	0.00	1
388	260535	1622348	0	ChangeTargetWaitTime	0.00	1
389	262098	1623849	0	ShowTarget	0.00	1
390	263619	1625309	0	MoveTarget	0.00	1
391	263640	1625329	0	ShowTarget	0.00	1
392	263855	1625535	0	TargetHided	0.00	1
393	263855	1625535	0	ChangeTargetWaitTime	0.00	1
394	265272	1626895	0	ShowTarget	0.00	1
395	266647	1628215	0	MoveTarget	0.00	1
396	266661	1628229	0	ShowTarget	0.00	1
397	266869	1628428	0	TargetHided	0.00	1
398	266869	1628428	0	ChangeTargetWaitTime	0.00	1
399	276272	1637455	0	ShowTarget	0.00	1
400	277432	1638568	0	MoveTarget	0.00	1
401	277446	1638581	0	ShowTarget	0.00	1
402	277654	1638781	0	TargetHided	0.00	1
403	277654	1638782	0	ChangeTargetWaitTime	0.00	1
404	279391	1640449	0	ShowTarget	0.00	1
405	280863	1641862	0	MoveTarget	0.00	1
406	280877	1641875	0	ShowTarget	0.00	1
407	281099	1642089	0	TargetHided	0.00	1
408	281099	1642089	0	ChangeTargetWaitTime	0.00	1
409	282461	1643395	0	ShowTarget	0.00	1
410	283953	1644828	0	MoveTarget	0.00	1
411	283967	1644842	0	ShowTarget	0.00	1
412	284175	1645041	0	TargetHided	0.00	1
413	284175	1645041	0	ChangeTargetWaitTime	0.00	1
414	285905	1646701	0	ShowTarget	0.00	1
415	287210	1647955	0	MoveTarget	0.00	1
416	287224	1647968	0	ShowTarget	0.00	1
417	287447	1648182	0	TargetHided	0.00	1
418	287447	1648182	0	ChangeTargetWaitTime	0.00	1
419	288752	1649435	0	ShowTarget	0.00	1
420	289954	1650588	0	MoveTarget	0.00	1
421	289968	1650602	0	ShowTarget	0.00	1
422	290169	1650795	0	TargetHided	0.00	1
423	290169	1650795	0	ChangeTargetWaitTime	0.00	1
424	292183	1652728	0	ShowTarget	0.00	1
425	293384	1653881	0	MoveTarget	0.00	1
426	293398	1653895	0	ShowTarget	0.00	1
427	293621	1654108	0	TargetHided	0.00	1
428	293621	1654108	0	ChangeTargetWaitTime	0.00	1
429	294989	1655421	0	ShowTarget	0.00	1
430	296072	1656461	0	MoveTarget	0.00	1
431	296093	1656481	0	ShowTarget	0.00	1
432	296301	1656681	0	TargetHided	0.00	1
433	296301	1656681	0	ChangeTargetWaitTime	0.00	1
434	297746	1658068	0	ShowTarget	0.00	1
435	299030	1659301	0	MoveTarget	0.00	1
436	299051	1659321	0	ShowTarget	0.00	1
437	299267	1659528	0	TargetHided	0.00	1
438	299267	1659528	0	ChangeTargetWaitTime	0.00	1
439	300997	1661189	0	ShowTarget	0.00	1
440	302406	1662541	0	MoveTarget	0.00	1
441	302420	1662555	0	ShowTarget	0.00	1
442	302642	1662768	0	TargetHided	0.00	1
443	302642	1662768	0	ChangeTargetWaitTime	0.00	1
444	304233	1664295	0	ShowTarget	0.00	1
445	306177	1666161	0	MoveTarget	0.00	1
446	306198	1666181	0	ShowTarget	0.00	1
447	306406	1666381	0	TargetHided	0.00	1
448	306406	1666381	0	ChangeTargetWaitTime	0.00	1
449	307864	1667781	0	ShowTarget	0.00	1
450	309573	1669421	0	MoveTarget	0.00	1
451	309587	1669435	0	ShowTarget	0.00	1
452	309795	1669634	0	TargetHided	0.00	1
453	309795	1669634	0	ChangeTargetWaitTime	0.00	1
454	311212	1670994	0	ShowTarget	0.00	1

