Using_curved_screen True Player_screen_cm 90 Screen_width_cm 121 Camera1_display 0 Camera2_display 1 CameraFOVFactor 2 GazeTime 1.5 RandomGazeTime 0.5 HideTime 0.2 SpeedThreshold 180 StopWinodow 0.03 TargetChangeTime 1 TargetChangeTimeRRange 0 UseAcuityIndicator True AcuityMode 1 AcuityFlashTime 0.08 AcuityChangeNumber 10 AcuityChangeUpPerc 0.8 AcuityChangeDownPerc 0.5 ACuityList 90 StopSpeed 10.00 PostDelayList 0 PostDelayNumber 5 PostDelayUpC 0.50 PostDelayLoC 0.60 PostDelayConvNum 1 PostDelayRepeatNum 2 PostDelayASOffset 0 DynaDelayRepeatNum 9 
Line_#	Time_Stamp	Simulink_Sample	Trail_#	Action	Degree	Direction
7	998489	-1	GameMode StaticAcuity HideFlag True JumpFlag False ShowTargetFlag True HeadIndicatorChange False SkipCenterFlag True HideHeadIndicator True Gain 1 UsingAcuityAfter False UsingAcuityBefore False UsingAcuityWaitTime True AcuitySize 8 UsingAcuityChange True CurrAcuityChangeMode acuity_list UsingPostDelay False PostDelayMode random PostDelayInit 0.00 PostDelayIMax 0.00 ADUsingStaticData False UsingPresetSD False StaticDataSize 0 StaticDataMLH 0.000 UsingDynamicDelay False DynamicDelayMode fix_amount DynaDelayInit 0.000 DynaDelayMax 0.000 DynaDelayInter 0.000 	
3	394	998860	0	ReSet	0.00	0
4	401	998867	0	ShowTarget	0.00	0
5	1923	1000328	0	MoveTarget	0.00	1
6	1943	1000347	0	ShowTarget	0.00	1
7	2158	1000553	0	TargetHided	0.00	1
8	2159	1000554	0	ChangeTargetWaitTime	0.00	1
9	3832	1002161	0	ShowTarget	0.00	1
10	5797	1004047	0	MoveTarget	0.00	1
11	5811	1004061	0	ShowTarget	0.00	1
12	6033	1004273	0	TargetHided	0.00	1
13	6033	1004273	0	ChangeTargetWaitTime	0.00	1
14	7519	1005700	0	ShowTarget	0.00	1
15	8734	1006866	0	MoveTarget	0.00	1
16	8755	1006886	0	ShowTarget	0.00	1
17	8964	1007087	0	TargetHided	0.00	1
18	8964	1007087	0	ChangeTargetWaitTime	0.00	1
19	11375	1009401	0	ShowTarget	0.00	1
20	12936	1010900	0	MoveTarget	0.00	1
21	12950	1010913	0	ShowTarget	0.00	1
22	13172	1011126	0	TargetHided	0.00	1
23	13172	1011126	0	ChangeTargetWaitTime	0.00	1
24	14728	1012620	0	ShowTarget	0.00	1
25	16193	1014026	0	MoveTarget	0.00	1
26	16207	1014040	0	ShowTarget	0.00	1
27	16415	1014240	0	TargetHided	0.00	1
28	16415	1014240	0	ChangeTargetWaitTime	0.00	1
29	17978	1015740	0	ShowTarget	0.00	1
30	19506	1017206	0	MoveTarget	0.00	1
31	19527	1017226	0	ShowTarget	0.00	1
32	19735	1017426	0	TargetHided	0.00	1
33	19735	1017427	0	ChangeTargetWaitTime	0.00	1
34	25305	1022773	0	ShowTarget	0.00	1
35	27201	1024593	0	MoveTarget	0.00	1
36	27214	1024606	0	ShowTarget	0.00	1
37	27423	1024806	0	TargetHided	0.00	1
38	27423	1024806	0	ChangeTargetWaitTime	0.00	1
39	29674	1026968	0	ShowTarget	0.00	1
40	31097	1028333	0	MoveTarget	0.00	1
41	31111	1028346	0	ShowTarget	0.00	1
42	31326	1028553	0	TargetHided	0.00	1
43	31326	1028553	0	ChangeTargetWaitTime	0.00	1
44	34070	1031187	0	ShowTarget	0.00	1
45	35931	1032973	0	MoveTarget	0.00	1
46	35944	1032986	0	ShowTarget	0.00	1
47	36153	1033186	0	TargetHided	0.00	1
48	36153	1033186	0	ChangeTargetWaitTime	0.00	1
49	37882	1034846	0	ShowTarget	0.00	1
50	38993	1035913	0	MoveTarget	0.00	1
51	39007	1035926	0	ShowTarget	0.00	1
52	39229	1036139	0	TargetHided	0.00	1
53	39229	1036140	0	ChangeTargetWaitTime	0.00	1
54	41111	1037946	0	ShowTarget	0.00	1
55	42528	1039306	0	MoveTarget	0.00	1
56	42542	1039319	0	ShowTarget	0.00	1
57	42744	1039513	0	TargetHided	0.00	1
58	42744	1039513	0	ChangeTargetWaitTime	0.00	1
59	44375	1041079	0	ShowTarget	0.00	1
60	45806	1042453	0	MoveTarget	0.00	1
61	45827	1042473	0	ShowTarget	0.00	1
62	46042	1042679	0	TargetHided	0.00	1
63	46042	1042679	0	ChangeTargetWaitTime	0.00	1
64	47737	1044306	0	ShowTarget	0.00	1
65	49438	1045939	0	MoveTarget	0.00	1
66	49460	1045960	0	ShowTarget	0.00	1
67	49674	1046166	0	TargetHided	0.00	1
68	49674	1046166	0	ChangeTargetWaitTime	0.00	1
69	51383	1047806	0	ShowTarget	0.00	1
70	52911	1049272	0	MoveTarget	0.00	1
71	52931	1049292	0	ShowTarget	0.00	1
72	53140	1049493	0	TargetHided	0.00	1
73	53140	1049493	0	ChangeTargetWaitTime	0.00	1
74	54772	1051059	0	ShowTarget	0.00	1
75	56438	1052659	0	MoveTarget	0.00	1
76	56452	1052673	0	ShowTarget	0.00	1
77	56661	1052873	0	TargetHided	0.00	1
78	56661	1052873	0	ChangeTargetWaitTime	0.00	1
79	58300	1054446	0	ShowTarget	0.00	1
80	59543	1055639	0	MoveTarget	0.00	1
81	59564	1055659	0	ShowTarget	0.00	1
82	59780	1055867	0	TargetHided	0.00	1
83	59780	1055867	0	ChangeTargetWaitTime	0.00	1
84	61363	1057386	0	ShowTarget	0.00	1
85	63294	1059240	0	MoveTarget	0.00	1
86	63307	1059252	0	ShowTarget	0.00	1
87	63529	1059466	0	TargetHided	0.00	1
88	63529	1059466	0	ChangeTargetWaitTime	0.00	1
89	65245	1061113	0	ShowTarget	0.00	1
90	66918	1062719	0	MoveTarget	0.00	1
91	66932	1062732	0	ShowTarget	0.00	1
92	67134	1062926	0	TargetHided	0.00	1
93	67134	1062926	0	ChangeTargetWaitTime	0.00	1
94	68614	1064347	0	ShowTarget	0.00	1
95	70238	1065906	0	MoveTarget	0.00	1
96	70259	1065926	0	ShowTarget	0.00	1
97	70467	1066126	0	TargetHided	0.00	1
98	70467	1066126	0	ChangeTargetWaitTime	0.00	1
99	71989	1067586	0	ShowTarget	0.00	1
100	73440	1068979	0	MoveTarget	0.00	1
101	73454	1068992	0	ShowTarget	0.00	1
102	73676	1069206	0	TargetHided	0.00	1
103	73676	1069206	0	ChangeTargetWaitTime	0.00	1
104	75087	1070560	0	ShowTarget	0.00	1
105	76398	1071819	0	MoveTarget	0.00	1
106	76412	1071832	0	ShowTarget	0.00	1
107	76613	1072026	0	TargetHided	0.00	1
108	76613	1072026	0	ChangeTargetWaitTime	0.00	1
109	78030	1073386	0	ShowTarget	0.00	1
110	79843	1075125	0	MoveTarget	0.00	1
111	79864	1075146	0	ShowTarget	0.00	1
112	80072	1075346	0	TargetHided	0.00	1
113	80072	1075346	0	ChangeTargetWaitTime	0.00	1
114	81697	1076905	0	ShowTarget	0.00	1
115	82794	1077959	0	MoveTarget	0.00	1
116	82808	1077972	0	ShowTarget	0.00	1
117	83031	1078186	0	TargetHided	0.00	1
118	83031	1078186	0	ChangeTargetWaitTime	0.00	1
119	85309	1080373	0	ShowTarget	0.00	1
120	86843	1081846	0	MoveTarget	0.00	1
121	86857	1081859	0	ShowTarget	0.00	1
122	87065	1082059	0	TargetHided	0.00	1
123	87065	1082059	0	ChangeTargetWaitTime	0.00	1
124	88739	1083666	0	ShowTarget	0.00	1
125	90566	1085418	0	MoveTarget	0.00	1
126	90580	1085432	0	ShowTarget	0.00	1
127	90803	1085646	0	TargetHided	0.00	1
128	90803	1085646	0	ChangeTargetWaitTime	0.00	1
129	94184	1088892	0	ShowTarget	0.00	1
130	95455	1090112	0	MoveTarget	0.00	1
131	95475	1090132	0	ShowTarget	0.00	1
132	95684	1090332	0	TargetHided	0.00	1
133	95684	1090332	0	ChangeTargetWaitTime	0.00	1
134	134853	1127932	0	ShowTarget	0.00	1
135	136673	1129678	0	MoveTarget	0.00	1
136	136693	1129698	0	ShowTarget	0.00	1
137	136902	1129898	0	TargetHided	0.00	1
138	136902	1129898	0	ChangeTargetWaitTime	0.00	1
139	138534	1131465	0	ShowTarget	0.00	1
140	139999	1132872	0	MoveTarget	0.00	1
141	140013	1132885	0	ShowTarget	0.00	1
142	140221	1133085	0	TargetHided	0.00	1
143	140221	1133085	0	ChangeTargetWaitTime	0.00	1
144	141728	1134532	0	ShowTarget	0.00	1
145	143263	1136005	0	MoveTarget	0.00	1
146	143277	1136018	0	ShowTarget	0.00	1
147	143500	1136232	0	TargetHided	0.00	1
148	143500	1136232	0	ChangeTargetWaitTime	0.00	1
149	144944	1137618	0	ShowTarget	0.00	1
150	146388	1139004	0	MoveTarget	0.00	1
151	146402	1139012	0	ShowTarget	0.00	1
152	146610	1139218	0	TargetHided	0.00	1
153	146610	1139218	0	ChangeTargetWaitTime	0.00	1
154	148063	1140612	0	ShowTarget	0.00	1
155	149402	1141892	0	MoveTarget	0.00	1
156	149423	1141918	0	ShowTarget	0.00	1
157	149638	1142125	0	TargetHided	0.00	1
158	149638	1142125	0	ChangeTargetWaitTime	0.00	1
159	151139	1143565	0	ShowTarget	0.00	1
160	152479	1144851	0	MoveTarget	0.00	1
161	152493	1144864	0	ShowTarget	0.00	1
162	152701	1145065	0	TargetHided	0.00	1
163	152701	1145065	0	ChangeTargetWaitTime	0.00	1
164	155111	1147378	0	ShowTarget	0.00	1
165	156750	1148951	0	MoveTarget	0.00	1
166	156764	1148965	0	ShowTarget	0.00	1
167	156986	1149178	0	TargetHided	0.00	1
168	156986	1149178	0	ChangeTargetWaitTime	0.00	1
169	158487	1150619	0	ShowTarget	0.00	1
170	160007	1152077	0	MoveTarget	0.00	1
171	160021	1152091	0	ShowTarget	0.00	1
172	160229	1152291	0	TargetHided	0.00	1
173	160229	1152291	0	ChangeTargetWaitTime	0.00	1
174	162007	1153998	0	ShowTarget	0.00	1
175	163347	1155284	0	MoveTarget	0.00	1
176	163362	1155298	0	ShowTarget	0.00	1
177	163584	1155511	0	TargetHided	0.00	1
178	163584	1155511	0	ChangeTargetWaitTime	0.00	1
179	183029	1174178	0	ShowTarget	0.00	1
180	184675	1175757	0	MoveTarget	0.00	1
181	184689	1175771	0	ShowTarget	0.00	1
182	184890	1175964	0	TargetHided	0.00	1
183	184890	1175964	0	ChangeTargetWaitTime	0.00	1
184	186182	1177204	0	ShowTarget	0.00	1
185	187509	1178478	0	MoveTarget	0.00	1
186	187523	1178491	0	ShowTarget	0.00	1
187	187731	1178691	0	TargetHided	0.00	1
188	187731	1178691	0	ChangeTargetWaitTime	0.00	1
189	189648	1180531	0	ShowTarget	0.00	1
190	190906	1181738	0	MoveTarget	0.00	1
191	190919	1181751	0	ShowTarget	0.00	1
192	191142	1181965	0	TargetHided	0.00	1
193	191142	1181965	0	ChangeTargetWaitTime	0.00	1
194	200246	1190704	0	ShowTarget	0.00	1
195	201482	1191891	0	MoveTarget	0.00	1
196	201503	1191910	0	ShowTarget	0.00	1
197	201711	1192111	0	TargetHided	0.00	1
198	201711	1192111	0	ChangeTargetWaitTime	0.00	1
199	203378	1193711	0	ShowTarget	0.00	1
200	204572	1194857	0	MoveTarget	0.00	1
201	204594	1194878	0	ShowTarget	0.00	1
202	204802	1195077	0	TargetHided	0.00	1
203	204802	1195077	0	ChangeTargetWaitTime	0.00	1
204	206427	1196638	0	ShowTarget	0.00	1
205	208239	1198377	0	MoveTarget	0.00	1
206	208260	1198397	0	ShowTarget	0.00	1
207	208475	1198604	0	TargetHided	0.00	1
208	208475	1198604	0	ChangeTargetWaitTime	0.00	1
209	209892	1199964	0	ShowTarget	0.00	1
210	211559	1201564	0	MoveTarget	0.00	1
211	211573	1201577	0	ShowTarget	0.00	1
212	211782	1201778	0	TargetHided	0.00	1
213	211782	1201778	0	ChangeTargetWaitTime	0.00	1
214	213885	1203797	0	ShowTarget	0.00	1
215	215489	1205337	0	MoveTarget	0.00	1
216	215504	1205351	0	ShowTarget	0.00	1
217	215712	1205550	0	TargetHided	0.00	1
218	215712	1205550	0	ChangeTargetWaitTime	0.00	1
219	225928	1215357	0	ShowTarget	0.00	1
220	227476	1216844	0	MoveTarget	0.00	1
221	227490	1216857	0	ShowTarget	0.00	1
222	227699	1217057	0	TargetHided	0.00	1
223	227699	1217057	0	ChangeTargetWaitTime	0.00	1
224	229539	1218824	0	ShowTarget	0.00	1
225	231476	1220684	0	MoveTarget	0.00	1
226	231490	1220697	0	ShowTarget	0.00	1
227	231699	1220897	0	TargetHided	0.00	1
228	231699	1220897	0	ChangeTargetWaitTime	0.00	1
229	233067	1222210	0	ShowTarget	0.00	1
230	234998	1224064	0	MoveTarget	0.00	1
231	235011	1224077	0	ShowTarget	0.00	1
232	235234	1224290	0	TargetHided	0.00	1
233	235234	1224290	0	ChangeTargetWaitTime	0.00	1
234	236602	1225604	0	ShowTarget	0.00	1
235	238630	1227550	0	MoveTarget	0.00	1
236	238644	1227564	0	ShowTarget	0.00	1
237	238852	1227763	0	TargetHided	0.00	1
238	238852	1227763	0	ChangeTargetWaitTime	0.00	1
239	240130	1228990	0	ShowTarget	0.00	1
240	241484	1230290	0	MoveTarget	0.00	1
241	241505	1230310	0	ShowTarget	0.00	1
242	241713	1230510	0	TargetHided	0.00	1
243	241713	1230510	0	ChangeTargetWaitTime	0.00	1
244	243269	1232004	0	ShowTarget	0.00	1
245	244839	1233510	0	MoveTarget	0.00	1
246	244852	1233523	0	ShowTarget	0.00	1
247	245061	1233724	0	TargetHided	0.00	1
248	245061	1233724	0	ChangeTargetWaitTime	0.00	1
249	247186	1235764	0	ShowTarget	0.00	1
250	248776	1237290	0	MoveTarget	0.00	1
251	248790	1237303	0	ShowTarget	0.00	1
252	249006	1237510	0	TargetHided	0.00	1
253	249006	1237510	0	ChangeTargetWaitTime	0.00	1
254	252610	1240970	0	ShowTarget	0.00	1
255	253971	1242276	0	MoveTarget	0.00	1
256	253992	1242297	0	ShowTarget	0.00	1
257	254200	1242497	0	TargetHided	0.00	1
258	254200	1242497	0	ChangeTargetWaitTime	0.00	1
259	255867	1244097	0	ShowTarget	0.00	1
260	257291	1245463	0	MoveTarget	0.00	1
261	257304	1245477	0	ShowTarget	0.00	1
262	257513	1245676	0	TargetHided	0.00	1
263	257513	1245676	0	ChangeTargetWaitTime	0.00	1
264	259298	1247390	0	ShowTarget	0.00	1
265	260978	1249003	0	MoveTarget	0.00	1
266	260999	1249023	0	ShowTarget	0.00	1
267	261214	1249230	0	TargetHided	0.00	1
268	261214	1249230	0	ChangeTargetWaitTime	0.00	1
269	262548	1250510	0	ShowTarget	0.00	1
270	263895	1251803	0	MoveTarget	0.00	1
271	263909	1251817	0	ShowTarget	0.00	1
272	264131	1252030	0	TargetHided	0.00	1
273	264132	1252030	0	ChangeTargetWaitTime	0.00	1
274	265701	1253537	0	ShowTarget	0.00	1
275	267486	1255250	0	MoveTarget	0.00	1
276	267499	1255263	0	ShowTarget	0.00	1
277	267708	1255463	0	TargetHided	0.00	1
278	267708	1255463	0	ChangeTargetWaitTime	0.00	1
279	269534	1257216	0	ShowTarget	0.00	1
280	271126	1258744	0	MoveTarget	0.00	1
281	271146	1258763	0	ShowTarget	0.00	1
282	271361	1258969	0	TargetHided	0.00	1
283	271361	1258969	0	ChangeTargetWaitTime	0.00	1
284	273806	1261316	0	ShowTarget	0.00	1
285	275250	1262703	0	MoveTarget	0.00	1
286	275264	1262716	0	ShowTarget	0.00	1
287	275472	1262916	0	TargetHided	0.00	1
288	275472	1262916	0	ChangeTargetWaitTime	0.00	1
289	277202	1264577	0	ShowTarget	0.00	1
290	278681	1265997	0	MoveTarget	0.00	1
291	278695	1266010	0	ShowTarget	0.00	1
292	278917	1266223	0	TargetHided	0.00	1
293	278917	1266223	0	ChangeTargetWaitTime	0.00	1
294	280980	1268203	0	ShowTarget	0.00	1
295	282799	1269950	0	MoveTarget	0.00	1
296	282813	1269963	0	ShowTarget	0.00	1
297	283014	1270156	0	TargetHided	0.00	1
298	283014	1270156	0	ChangeTargetWaitTime	0.00	1
299	284723	1271796	0	ShowTarget	0.00	1
300	286195	1273209	0	MoveTarget	0.00	1
301	286209	1273223	0	ShowTarget	0.00	1
302	286431	1273436	0	TargetHided	0.00	1
303	286431	1273436	0	ChangeTargetWaitTime	0.00	1
304	288231	1275164	0	ShowTarget	0.00	1
305	289744	1276616	0	MoveTarget	0.00	1
306	289758	1276629	0	ShowTarget	0.00	1
307	289966	1276829	0	TargetHided	0.00	1
308	289966	1276829	0	ChangeTargetWaitTime	0.00	1
309	292349	1279116	0	ShowTarget	0.00	1
310	294244	1280936	0	MoveTarget	0.00	1
311	294258	1280949	0	ShowTarget	0.00	1
312	294466	1281149	0	TargetHided	0.00	1
313	294466	1281149	0	ChangeTargetWaitTime	0.00	1
314	296016	1282637	0	ShowTarget	0.00	1
315	297390	1283956	0	MoveTarget	0.00	1
316	297411	1283976	0	ShowTarget	0.00	1
317	297626	1284183	0	TargetHided	0.00	1
318	297626	1284183	0	ChangeTargetWaitTime	0.00	1
319	299335	1285823	0	ShowTarget	0.00	1
320	300383	1286829	0	MoveTarget	0.00	1
321	300397	1286843	0	ShowTarget	0.00	1
322	300606	1287043	0	TargetHided	0.00	1
323	300606	1287043	0	ChangeTargetWaitTime	0.00	1
324	304384	1290670	0	ShowTarget	0.00	1
325	305460	1291703	0	MoveTarget	0.00	1
326	305481	1291723	0	ShowTarget	0.00	1
327	305689	1291923	0	TargetHided	0.00	1
328	305689	1291923	0	ChangeTargetWaitTime	0.00	1
329	307746	1293897	0	ShowTarget	0.00	1
330	309537	1295616	0	MoveTarget	0.00	1
331	309550	1295629	0	ShowTarget	0.00	1
332	309773	1295843	0	TargetHided	0.00	1
333	309773	1295843	0	ChangeTargetWaitTime	0.00	1
334	313469	1299391	0	ShowTarget	0.00	1
335	314843	1300710	0	MoveTarget	0.00	1
336	314863	1300729	0	ShowTarget	0.00	1
337	315065	1300923	0	TargetHided	0.00	1
338	315065	1300923	0	ChangeTargetWaitTime	0.00	1
339	316537	1302336	0	ShowTarget	0.00	1
340	317676	1303429	0	MoveTarget	0.00	1
341	317690	1303443	0	ShowTarget	0.00	1
342	317912	1303656	0	TargetHided	0.00	1
343	317912	1303656	0	ChangeTargetWaitTime	0.00	1
344	319267	1304956	0	ShowTarget	0.00	1
345	320433	1306076	0	MoveTarget	0.00	1
346	320447	1306089	0	ShowTarget	0.00	1
347	320655	1306289	0	TargetHided	0.00	1
348	320655	1306289	0	ChangeTargetWaitTime	0.00	1
349	321989	1307569	0	ShowTarget	0.00	1
350	323190	1308722	0	MoveTarget	0.00	1
351	323204	1308735	0	ShowTarget	0.00	1
352	323426	1308949	0	TargetHided	0.00	1
353	323426	1308949	0	ChangeTargetWaitTime	0.00	1
354	324878	1310342	0	ShowTarget	0.00	1
355	326211	1311622	0	MoveTarget	0.00	1
356	326232	1311642	0	ShowTarget	0.00	1
357	326441	1311843	0	TargetHided	0.00	1
358	326441	1311843	0	ChangeTargetWaitTime	0.00	1
359	328858	1314163	0	ShowTarget	0.00	1
360	330177	1315429	0	MoveTarget	0.00	1
361	330197	1315449	0	ShowTarget	0.00	1
362	330406	1315649	0	TargetHided	0.00	1
363	330406	1315649	0	ChangeTargetWaitTime	0.00	1
364	348837	1333342	0	ShowTarget	0.00	1
365	350720	1335149	0	MoveTarget	0.00	1
366	350741	1335169	0	ShowTarget	0.00	1
367	350949	1335369	0	TargetHided	0.00	1
368	350949	1335369	0	ChangeTargetWaitTime	0.00	1
369	352589	1336943	0	ShowTarget	0.00	1
370	353866	1338169	0	MoveTarget	0.00	1
371	353880	1338182	0	ShowTarget	0.00	1
372	354088	1338382	0	TargetHided	0.00	1
373	354088	1338382	0	ChangeTargetWaitTime	0.00	1
374	355442	1339682	0	ShowTarget	0.00	1
375	356512	1340709	0	MoveTarget	0.00	1
376	356526	1340722	0	ShowTarget	0.00	1
377	356748	1340935	0	TargetHided	0.00	1
378	356748	1340936	0	ChangeTargetWaitTime	0.00	1
379	358262	1342389	0	ShowTarget	0.00	1
380	360262	1344309	0	MoveTarget	0.00	1
381	360276	1344322	0	ShowTarget	0.00	1
382	360477	1344515	0	TargetHided	0.00	1
383	360477	1344515	0	ChangeTargetWaitTime	0.00	1
384	361825	1345809	0	ShowTarget	0.00	1
385	363345	1347269	0	MoveTarget	0.00	1
386	363359	1347282	0	ShowTarget	0.00	1
387	363568	1347482	0	TargetHided	0.00	1
388	363568	1347482	0	ChangeTargetWaitTime	0.00	1
389	364894	1348755	0	ShowTarget	0.00	1
390	366908	1350688	0	MoveTarget	0.00	1
391	366922	1350701	0	ShowTarget	0.00	1
392	367151	1350922	0	TargetHided	0.00	1
393	367151	1350922	0	ChangeTargetWaitTime	0.00	1
394	368505	1352222	0	ShowTarget	0.00	1
395	369999	1353656	0	MoveTarget	0.00	1
396	370012	1353668	0	ShowTarget	0.00	1
397	370236	1353883	0	TargetHided	0.00	1
398	370236	1353883	0	ChangeTargetWaitTime	0.00	1
399	371589	1355182	0	ShowTarget	0.00	1
400	372922	1356462	0	MoveTarget	0.00	1
401	372936	1356475	0	ShowTarget	0.00	1
402	373145	1356675	0	TargetHided	0.00	1
403	373145	1356675	0	ChangeTargetWaitTime	0.00	1
404	374589	1358061	0	ShowTarget	0.00	1
405	376180	1359589	0	MoveTarget	0.00	1
406	376193	1359602	0	ShowTarget	0.00	1
407	376416	1359803	0	TargetHided	0.00	1
408	376416	1359803	0	ChangeTargetWaitTime	0.00	1
409	378798	1362102	0	ShowTarget	0.00	1
410	380714	1363941	0	MoveTarget	0.00	1
411	380728	1363955	0	ShowTarget	0.00	1
412	380930	1364148	0	TargetHided	0.00	1
413	380930	1364148	0	ChangeTargetWaitTime	0.00	1
414	383264	1366389	0	ShowTarget	0.00	1
415	384798	1367861	0	MoveTarget	0.00	1
416	384819	1367881	0	ShowTarget	0.00	1
417	385027	1368081	0	TargetHided	0.00	1
418	385027	1368081	0	ChangeTargetWaitTime	0.00	1
419	386485	1369481	0	ShowTarget	0.00	1
420	387694	1370642	0	MoveTarget	0.00	1
421	387708	1370655	0	ShowTarget	0.00	1
422	387916	1370855	0	TargetHided	0.00	1
423	387916	1370855	0	ChangeTargetWaitTime	0.00	1
424	391298	1374101	0	ShowTarget	0.00	1
425	392958	1375695	0	MoveTarget	0.00	1
426	392972	1375708	0	ShowTarget	0.00	1
427	393180	1375908	0	TargetHided	0.00	1
428	393180	1375908	0	ChangeTargetWaitTime	0.00	1
429	398507	1381022	0	ShowTarget	0.00	1
430	399854	1382315	0	MoveTarget	0.00	1
431	399868	1382328	0	ShowTarget	0.00	1
432	400090	1382541	0	TargetHided	0.00	1
433	400091	1382541	0	ChangeTargetWaitTime	0.00	1
434	401681	1384068	0	ShowTarget	0.00	1
435	403348	1385668	0	MoveTarget	0.00	1
436	403362	1385681	0	ShowTarget	0.00	1
437	403563	1385875	0	TargetHided	0.00	1
438	403563	1385875	0	ChangeTargetWaitTime	0.00	1
439	405362	1387601	0	ShowTarget	0.00	1
440	407362	1389522	0	MoveTarget	0.00	1
441	407376	1389535	0	ShowTarget	0.00	1
442	407584	1389735	0	TargetHided	0.00	1
443	407584	1389735	0	ChangeTargetWaitTime	0.00	1
444	409084	1391175	0	ShowTarget	0.00	1
445	411091	1393101	0	MoveTarget	0.00	1
446	411105	1393115	0	ShowTarget	0.00	1
447	411328	1393328	0	TargetHided	0.00	1
448	411328	1393328	0	ChangeTargetWaitTime	0.00	1
449	412717	1394662	0	ShowTarget	0.00	1
450	413842	1395742	0	MoveTarget	0.00	1
451	413855	1395754	0	ShowTarget	0.00	1
452	414057	1395948	0	TargetHided	0.00	1
453	414057	1395948	0	ChangeTargetWaitTime	0.00	1
454	415501	1397335	0	ShowTarget	0.00	1
416785	1398567	-1	GameMode DynamicAcuity HideFlag False JumpFlag False ShowTargetFlag True HeadIndicatorChange True SkipCenterFlag True HideHeadIndicator False Gain 1 UsingAcuityAfter False UsingAcuityBefore True UsingAcuityWaitTime False AcuitySize 8 UsingAcuityChange True CurrAcuityChangeMode acuity_list UsingPostDelay False PostDelayMode random PostDelayInit 0.00 PostDelayIMax 0.00 ADUsingStaticData False UsingPresetSD False StaticDataSize 0 StaticDataMLH 0.000 UsingDynamicDelay False DynamicDelayMode fix_amount DynaDelayInit 0.000 DynaDelayMax 0.000 DynaDelayInter 0.000 	
455	487922	1466854	0	ReSet	0.00	0
456	487929	1466860	0	ShowTarget	0.00	1
457	489749	1468608	0	MoveTarget	0.00	1
458	489762	1468620	0	ShowTarget	0.00	1
459	503500	1481808	0	head_turned	0.00	0
460	503652	1481953	0	head_stop	0.00	0
461	507326	1485480	0	ShowTarget	0.00	1
462	509507	1487573	0	MoveTarget	0.00	1
463	509521	1487586	0	ShowTarget	0.00	1
464	514903	1492753	0	head_turned	0.00	0
465	515069	1492913	0	head_stop	0.00	0
466	517139	1494900	0	ShowTarget	0.00	1
467	519403	1497073	0	MoveTarget	0.00	1
468	519417	1497086	0	ShowTarget	0.00	1
469	520188	1497826	0	head_turned	0.00	0
470	520396	1498026	0	head_stop	0.00	0
471	522925	1500454	0	ShowTarget	0.00	1
472	525792	1503206	0	MoveTarget	0.00	1
473	525806	1503220	0	ShowTarget	0.00	1
474	531612	1508793	0	head_turned	0.00	0
475	531765	1508940	0	head_stop	0.00	0
476	535529	1512553	0	ShowTarget	0.00	1
477	537453	1514400	0	MoveTarget	0.00	1
478	537474	1514420	0	ShowTarget	0.00	1
479	538231	1515146	0	head_turned	0.00	0
480	538432	1515340	0	head_stop	0.00	0
481	540453	1517280	0	ShowTarget	0.00	1
482	542849	1519579	0	MoveTarget	0.00	1
483	542870	1519599	0	ShowTarget	0.00	1
484	543633	1520333	0	head_turned	0.00	0
485	543800	1520493	0	head_stop	0.00	0
486	545697	1522313	0	ShowTarget	0.00	1
487	547801	1524333	0	MoveTarget	0.00	1
488	547814	1524346	0	ShowTarget	0.00	1
489	549238	1525713	0	head_turned	0.00	0
490	549460	1525926	0	head_stop	0.00	0
491	558558	1534660	0	ShowTarget	0.00	1
492	560066	1536106	0	MoveTarget	0.00	1
493	560079	1536120	0	ShowTarget	0.00	1
494	575934	1551339	0	head_turned	0.00	0
495	576164	1551559	0	head_stop	0.00	0
496	578525	1553826	0	ShowTarget	0.00	1
497	580164	1555399	0	MoveTarget	0.00	1
498	580177	1555412	0	ShowTarget	0.00	1
499	582601	1557739	0	head_turned	0.00	0
500	582803	1557932	0	head_stop	0.00	0
501	583796	1558886	0	ShowTarget	0.00	1
502	585970	1560973	0	MoveTarget	0.00	1
503	585983	1560986	0	ShowTarget	0.00	1
504	586803	1561772	0	head_turned	0.00	0
505	587081	1562039	0	head_stop	0.00	0
506	588144	1563060	0	ShowTarget	0.00	1
507	590984	1565786	0	MoveTarget	0.00	1
508	591004	1565806	0	ShowTarget	0.00	1
509	592511	1567252	0	head_turned	0.00	0
510	592720	1567453	0	head_stop	0.00	0
511	596609	1571186	0	ShowTarget	0.00	1
512	598338	1572846	0	MoveTarget	0.00	1
513	598359	1572866	0	ShowTarget	0.00	1
514	599255	1573725	0	head_turned	0.00	0
515	599442	1573905	0	head_stop	0.00	0
516	601096	1575493	0	ShowTarget	0.00	1
517	602415	1576759	0	MoveTarget	0.00	1
518	602429	1576772	0	ShowTarget	0.00	1
519	609533	1583592	0	head_turned	0.00	0
520	609818	1583865	0	head_stop	0.00	0
521	612367	1586312	0	ShowTarget	0.00	1
522	613645	1587539	0	MoveTarget	0.00	1
523	613658	1587552	0	ShowTarget	0.00	1
524	618638	1592332	0	head_turned	0.00	0
525	618902	1592586	0	head_stop	0.00	0
526	620868	1594472	0	ShowTarget	0.00	1
527	622048	1595605	0	MoveTarget	0.00	1
528	622062	1595619	0	ShowTarget	0.00	1
529	624125	1597599	0	head_turned	0.00	0
530	624388	1597852	0	head_stop	0.00	0
531	626333	1599718	0	ShowTarget	0.00	1
532	628278	1601585	0	MoveTarget	0.00	1
533	628298	1601601	0	ShowTarget	0.00	1
534	628972	1602252	0	head_turned	0.00	0
535	629194	1602465	0	head_stop	0.00	0
536	633063	1606179	0	ShowTarget	0.00	1
537	635271	1608298	0	MoveTarget	0.00	1
538	635285	1608312	0	ShowTarget	0.00	1
539	635903	1608905	0	head_turned	0.00	0
540	636105	1609099	0	head_stop	0.00	0
541	638049	1610965	0	ShowTarget	0.00	1
542	639792	1612638	0	MoveTarget	0.00	1
543	639806	1612651	0	ShowTarget	0.00	1
544	640757	1613565	0	head_turned	0.00	0
545	640959	1613758	0	head_stop	0.00	0
546	642105	1614858	0	ShowTarget	0.00	1
547	644674	1617325	0	MoveTarget	0.00	1
548	644689	1617339	0	ShowTarget	0.00	1
549	645418	1618039	0	head_turned	0.00	0
550	645605	1618218	0	head_stop	0.00	0
551	646890	1619452	0	ShowTarget	0.00	1
552	649390	1621851	0	MoveTarget	0.00	1
553	649404	1621865	0	ShowTarget	0.00	1
554	650189	1622619	0	head_turned	0.00	0
555	650397	1622818	0	head_stop	0.00	0
556	652127	1624479	0	ShowTarget	0.00	1
557	654446	1626705	0	MoveTarget	0.00	1
558	654460	1626718	0	ShowTarget	0.00	1
559	655314	1627538	0	head_turned	0.00	0
560	655501	1627718	0	head_stop	0.00	0
561	656759	1628925	0	ShowTarget	0.00	1
562	659633	1631685	0	MoveTarget	0.00	1
563	659654	1631705	0	ShowTarget	0.00	1
564	660557	1632571	0	head_turned	0.00	0
565	660842	1632845	0	head_stop	0.00	0
566	662078	1634031	0	ShowTarget	0.00	1
567	664217	1636085	0	MoveTarget	0.00	1
568	664231	1636098	0	ShowTarget	0.00	1
569	665425	1637245	0	head_turned	0.00	0
570	665599	1637411	0	head_stop	0.00	0
571	666835	1638598	0	ShowTarget	0.00	1
572	671106	1642698	0	MoveTarget	0.00	1
573	671120	1642711	0	ShowTarget	0.00	1
574	671683	1643251	0	head_turned	0.00	0
575	671850	1643411	0	head_stop	0.00	0
576	672947	1644465	0	ShowTarget	0.00	1
577	675426	1646844	0	MoveTarget	0.00	1
578	675447	1646865	0	ShowTarget	0.00	1
579	676586	1647957	0	ErrorOccurred	0.00	1
580	678593	1649885	0	ErrorReturn	0.00	1
581	682267	1653411	0	MoveTarget	0.00	1
582	682288	1653431	0	ShowTarget	0.00	1
583	682954	1654071	0	head_turned	0.00	0
584	683128	1654238	0	head_stop	0.00	0
585	684545	1655598	0	ShowTarget	0.00	1
586	686836	1657798	0	MoveTarget	0.00	1
587	686850	1657811	0	ShowTarget	0.00	1
588	687573	1658504	0	head_turned	0.00	0
589	687732	1658658	0	head_stop	0.00	0
590	688934	1659811	0	ShowTarget	0.00	1
591	691587	1662358	0	MoveTarget	0.00	1
592	691608	1662378	0	ShowTarget	0.00	1
593	692913	1663631	0	head_turned	0.00	0
594	693184	1663891	0	head_stop	0.00	0
595	694143	1664811	0	ShowTarget	0.00	1
596	699504	1669958	0	MoveTarget	0.00	1
597	699518	1669970	0	ShowTarget	0.00	1
598	702643	1672971	0	head_turned	0.00	0
599	702844	1673164	0	head_stop	0.00	0
600	703935	1674211	0	ShowTarget	0.00	1
601	708664	1678751	0	MoveTarget	0.00	1
602	708685	1678771	0	ShowTarget	0.00	1
603	709234	1679297	0	head_turned	0.00	0
604	709511	1679564	0	head_stop	0.00	0
605	710567	1680577	0	ShowTarget	0.00	1
606	712491	1682424	0	MoveTarget	0.00	1
607	712505	1682437	0	ShowTarget	0.00	1
608	712602	1682531	0	head_turned	0.00	0
609	712775	1682697	0	head_stop	0.00	0
610	713977	1683851	0	ShowTarget	0.00	1
611	716165	1685951	0	MoveTarget	0.00	1
612	716178	1685964	0	ShowTarget	0.00	1
613	716984	1686737	0	head_turned	0.00	0
614	717276	1687017	0	head_stop	0.00	0
615	718297	1687997	0	ShowTarget	0.00	1
616	722853	1692371	0	MoveTarget	0.00	1
617	722874	1692391	0	ShowTarget	0.00	1
618	723359	1692857	0	head_turned	0.00	0
619	723561	1693051	0	head_stop	0.00	0
620	724728	1694171	0	ShowTarget	0.00	1
621	728693	1697977	0	MoveTarget	0.00	1
622	728707	1697990	0	ShowTarget	0.00	1
623	729228	1698491	0	head_turned	0.00	0
624	729526	1698777	0	head_stop	0.00	0
625	730402	1699617	0	ShowTarget	0.00	1
626	732533	1701664	0	MoveTarget	0.00	1
627	732547	1701677	0	ShowTarget	0.00	1
628	733270	1702370	0	head_turned	0.00	0
629	733499	1702590	0	head_stop	0.00	0
630	734527	1703577	0	ShowTarget	0.00	1
631	737207	1706150	0	MoveTarget	0.00	1
632	737221	1706164	0	ShowTarget	0.00	1
633	737478	1706410	0	head_turned	0.00	0
634	737749	1706670	0	head_stop	0.00	0
635	738853	1707730	0	ShowTarget	0.00	1
636	741208	1709990	0	MoveTarget	0.00	1
637	741222	1710004	0	ShowTarget	0.00	1
638	741812	1710571	0	head_turned	0.00	0
639	741971	1710723	0	head_stop	0.00	0
640	742904	1711618	0	ShowTarget	0.00	1
641	745139	1713764	0	MoveTarget	0.00	1
642	745152	1713777	0	ShowTarget	0.00	1
643	745868	1714463	0	head_turned	0.00	0
644	746027	1714617	0	head_stop	0.00	0
645	747146	1715690	0	ShowTarget	0.00	1
646	749652	1718097	0	MoveTarget	0.00	1
647	749666	1718110	0	ShowTarget	0.00	1
648	750687	1719090	0	head_turned	0.00	0
649	750993	1719383	0	head_stop	0.00	0
650	751896	1720250	0	ShowTarget	0.00	1
651	754431	1722683	0	MoveTarget	0.00	1
652	754452	1722703	0	ShowTarget	0.00	1
653	755743	1723943	0	ErrorOccurred	0.00	1
654	757751	1725871	0	ErrorReturn	0.00	1
655	761070	1729057	0	MoveTarget	0.00	1
656	761091	1729077	0	ShowTarget	0.00	1
657	761639	1729603	0	head_turned	0.00	0
658	761771	1729730	0	head_stop	0.00	0
659	762653	1730577	0	ShowTarget	0.00	1
660	764688	1732530	0	MoveTarget	0.00	1
661	764702	1732543	0	ShowTarget	0.00	1
662	765285	1733103	0	head_turned	0.00	0
663	765570	1733376	0	head_stop	0.00	0
664	766425	1734197	0	ShowTarget	0.00	1
665	768348	1736043	0	MoveTarget	0.00	1
666	768362	1736057	0	ShowTarget	0.00	1
667	772876	1740390	0	head_turned	0.00	0
668	773168	1740670	0	head_stop	0.00	0
669	774196	1741657	0	ShowTarget	0.00	1
670	776369	1743743	0	MoveTarget	0.00	1
671	776383	1743757	0	ShowTarget	0.00	1
672	782696	1749816	0	head_turned	0.00	0
673	783009	1750116	0	head_stop	0.00	0
674	785328	1752343	0	ShowTarget	0.00	1
675	790377	1757190	0	MoveTarget	0.00	1
676	790398	1757210	0	ShowTarget	0.00	1
677	791023	1757810	0	head_turned	0.00	0
678	791252	1758029	0	head_stop	0.00	0
679	792211	1758950	0	ShowTarget	0.00	1
680	795343	1761956	0	MoveTarget	0.00	1
681	795364	1761976	0	ShowTarget	0.00	1
682	795767	1762363	0	head_turned	0.00	0
683	795947	1762536	0	head_stop	0.00	0
684	797024	1763570	0	ShowTarget	0.00	1
685	798663	1765143	0	MoveTarget	0.00	1
686	798676	1765156	0	ShowTarget	0.00	1
687	799315	1765770	0	head_turned	0.00	0
688	799509	1765956	0	head_stop	0.00	0
689	800586	1766989	0	ShowTarget	0.00	1
690	802447	1768776	0	MoveTarget	0.00	1
691	802468	1768796	0	ShowTarget	0.00	1
692	803010	1769316	0	head_turned	0.00	0
693	803184	1769483	0	head_stop	0.00	0
694	804157	1770417	0	ShowTarget	0.00	1
695	806302	1772476	0	MoveTarget	0.00	1
696	806316	1772489	0	ShowTarget	0.00	1
697	806878	1773029	0	head_turned	0.00	0
698	807121	1773263	0	head_stop	0.00	0
699	808524	1774610	0	ShowTarget	0.00	1
700	810003	1776029	0	MoveTarget	0.00	1
701	810024	1776049	0	ShowTarget	0.00	1
702	810538	1776542	0	head_turned	0.00	0
703	810746	1776743	0	head_stop	0.00	0
704	812191	1778130	0	ShowTarget	0.00	1
705	813934	1779803	0	MoveTarget	0.00	1
706	813955	1779823	0	ShowTarget	0.00	1
707	814656	1780496	0	head_turned	0.00	0
708	814948	1780776	0	head_stop	0.00	0
709	816268	1782043	0	ShowTarget	0.00	1
710	819136	1784796	0	MoveTarget	0.00	1
711	819150	1784809	0	ShowTarget	0.00	1
712	819601	1785242	0	head_turned	0.00	0
713	819837	1785469	0	head_stop	0.00	0
714	820928	1786516	0	ShowTarget	0.00	1
715	823032	1788536	0	MoveTarget	0.00	1
716	823053	1788556	0	ShowTarget	0.00	1
717	823573	1789056	0	head_turned	0.00	0
718	823740	1789216	0	head_stop	0.00	0
719	824692	1790129	0	ShowTarget	0.00	1
720	826546	1791910	0	MoveTarget	0.00	1
721	826567	1791929	0	ShowTarget	0.00	1
722	827060	1792403	0	head_turned	0.00	0
723	827330	1792662	0	head_stop	0.00	0
724	828213	1793509	0	ShowTarget	0.00	1
725	830123	1795343	0	MoveTarget	0.00	1
726	830136	1795356	0	ShowTarget	0.00	1
727	830741	1795936	0	ErrorOccurred	0.00	1
728	832748	1797863	0	ErrorReturn	0.00	1
729	834470	1799516	0	MoveTarget	0.00	1
730	834491	1799536	0	ShowTarget	0.00	1
731	834928	1799955	0	head_turned	0.00	0
732	835130	1800149	0	head_stop	0.00	0
733	836102	1801083	0	ShowTarget	0.00	1
734	838221	1803116	0	MoveTarget	0.00	1
735	838235	1803129	0	ShowTarget	0.00	1
736	838845	1803716	0	head_turned	0.00	0
737	839123	1803983	0	head_stop	0.00	0
738	839943	1804769	0	ShowTarget	0.00	1
739	842519	1807242	0	MoveTarget	0.00	1
740	842533	1807255	0	ShowTarget	0.00	1
741	843179	1807876	0	head_turned	0.00	0
742	843429	1808116	0	head_stop	0.00	0
743	844290	1808942	0	ShowTarget	0.00	1
744	846853	1811402	0	MoveTarget	0.00	1
745	846866	1811415	0	ShowTarget	0.00	1
746	850575	1814976	0	head_turned	0.00	0
747	850790	1815182	0	head_stop	0.00	0
748	851652	1816009	0	ShowTarget	0.00	1
749	853971	1818235	0	MoveTarget	0.00	1
750	853992	1818256	0	ShowTarget	0.00	1
751	854805	1819035	0	head_turned	0.00	0
752	855034	1819255	0	head_stop	0.00	0
753	856132	1820310	0	ShowTarget	0.00	1
754	857840	1821949	0	MoveTarget	0.00	1
755	857853	1821962	0	ShowTarget	0.00	1
756	859221	1823275	0	head_turned	0.00	0
757	859568	1823608	0	head_stop	0.00	0
758	860465	1824469	0	ShowTarget	0.00	1
759	862478	1826402	0	MoveTarget	0.00	1
760	862492	1826415	0	ShowTarget	0.00	1
761	867923	1831629	0	head_turned	0.00	0
762	868229	1831922	0	head_stop	0.00	0
763	869569	1833209	0	ShowTarget	0.00	1
764	871702	1835256	0	MoveTarget	0.00	1
765	871715	1835268	0	ShowTarget	0.00	1
766	872236	1835768	0	head_turned	0.00	0
767	872513	1836035	0	head_stop	0.00	0
768	873785	1837254	0	ShowTarget	0.00	1
769	875208	1838622	0	MoveTarget	0.00	1
770	875222	1838635	0	ShowTarget	0.00	1
771	875958	1839342	0	head_turned	0.00	0
772	876104	1839482	0	head_stop	0.00	0
773	877334	1840662	0	ShowTarget	0.00	1
774	879070	1842328	0	MoveTarget	0.00	1
775	879090	1842348	0	ShowTarget	0.00	1
776	879736	1842967	0	head_turned	0.00	0
777	880028	1843248	0	head_stop	0.00	0
778	880757	1843948	0	ShowTarget	0.00	1
779	882570	1845688	0	MoveTarget	0.00	1
780	882584	1845701	0	ShowTarget	0.00	1
781	883223	1846314	0	head_turned	0.00	0
782	883410	1846495	0	head_stop	0.00	0
783	884528	1847568	0	ShowTarget	0.00	1
784	886924	1849868	0	MoveTarget	0.00	1
785	886945	1849888	0	ShowTarget	0.00	1
786	888237	1851128	0	head_turned	0.00	0
787	888521	1851401	0	head_stop	0.00	0
788	889487	1852328	0	ShowTarget	0.00	1
789	892466	1855188	0	MoveTarget	0.00	1
790	892480	1855201	0	ShowTarget	0.00	1
791	893188	1855881	0	head_turned	0.00	0
792	893390	1856074	0	head_stop	0.00	0
793	894411	1857055	0	ShowTarget	0.00	1
794	896439	1859001	0	MoveTarget	0.00	1
795	896460	1859021	0	ShowTarget	0.00	1
796	897195	1859728	0	ErrorOccurred	0.00	1
797	899203	1861655	0	ErrorReturn	0.00	1
798	900369	1862774	0	MoveTarget	0.00	1
799	900390	1862794	0	ShowTarget	0.00	1
800	901050	1863428	0	head_turned	0.00	0
801	901348	1863714	0	head_stop	0.00	0
802	902182	1864515	0	ShowTarget	0.00	1
803	904266	1866515	0	MoveTarget	0.00	1
804	904280	1866529	0	ShowTarget	0.00	1
805	904766	1866995	0	head_turned	0.00	0
806	905057	1867275	0	head_stop	0.00	0
807	906690	1868840	0	ShowTarget	0.00	1
808	908300	1870388	0	MoveTarget	0.00	1
809	908321	1870408	0	ShowTarget	0.00	1
810	908974	1871034	0	head_turned	0.00	0
811	909259	1871308	0	head_stop	0.00	0
812	910301	1872308	0	ShowTarget	0.00	1
813	912419	1874341	0	MoveTarget	0.00	1
814	912432	1874354	0	ShowTarget	0.00	1
815	912870	1874775	0	head_turned	0.00	0
816	913183	1875074	0	head_stop	0.00	0
817	914204	1876055	0	ShowTarget	0.00	1
818	916128	1877901	0	MoveTarget	0.00	1
819	916141	1877914	0	ShowTarget	0.00	1
820	916697	1878448	0	head_turned	0.00	0
821	916968	1878708	0	head_stop	0.00	0
822	917877	1879581	0	ShowTarget	0.00	1
823	919683	1881314	0	MoveTarget	0.00	1
824	919697	1881328	0	ShowTarget	0.00	1
825	920218	1881827	0	head_turned	0.00	0
826	920433	1882034	0	head_stop	0.00	0
827	921635	1883188	0	ShowTarget	0.00	1
828	923079	1884574	0	MoveTarget	0.00	1
829	923101	1884595	0	ShowTarget	0.00	1
830	923697	1885167	0	head_turned	0.00	0
831	923905	1885368	0	head_stop	0.00	0
832	925045	1886461	0	ShowTarget	0.00	1
833	926871	1888214	0	MoveTarget	0.00	1
834	926885	1888228	0	ShowTarget	0.00	1
835	928003	1889301	0	head_turned	0.00	0
836	928197	1889487	0	head_stop	0.00	0
837	929336	1890581	0	ShowTarget	0.00	1
838	931385	1892548	0	MoveTarget	0.00	1
839	931406	1892567	0	ShowTarget	0.00	1
840	931955	1893094	0	head_turned	0.00	0
841	932253	1893381	0	head_stop	0.00	0
842	933080	1894174	0	ShowTarget	0.00	1
843	935128	1896141	0	MoveTarget	0.00	1
844	935142	1896154	0	ShowTarget	0.00	1
845	935635	1896627	0	head_turned	0.00	0
846	935899	1896881	0	head_stop	0.00	0
847	936865	1897808	0	ShowTarget	0.00	1
848	939399	1900241	0	MoveTarget	0.00	1
849	939413	1900254	0	ShowTarget	0.00	1
850	939983	1900801	0	head_turned	0.00	0
851	940184	1900994	0	head_stop	0.00	0
852	941163	1901934	0	ShowTarget	0.00	1
853	943726	1904394	0	MoveTarget	0.00	1
854	943740	1904407	0	ShowTarget	0.00	1
855	944268	1904914	0	head_turned	0.00	0
856	944525	1905161	0	head_stop	0.00	0
857	946025	1906601	0	ShowTarget	0.00	1
858	948136	1908627	0	MoveTarget	0.00	1
859	948157	1908647	0	ShowTarget	0.00	1
860	948991	1909448	0	head_turned	0.00	0
861	949171	1909621	0	head_stop	0.00	0
862	950623	1911014	0	ShowTarget	0.00	1
863	953185	1913474	0	MoveTarget	0.00	1
864	953206	1913494	0	ShowTarget	0.00	1
865	954081	1914334	0	head_turned	0.00	0
866	954289	1914534	0	head_stop	0.00	0
867	955157	1915367	0	ShowTarget	0.00	1
868	957047	1917181	0	MoveTarget	0.00	1
869	957060	1917194	0	ShowTarget	0.00	1
870	957602	1917714	0	head_turned	0.00	0
871	957859	1917960	0	head_stop	0.00	0
872	958860	1918921	0	ShowTarget	0.00	1
873	960810	1920794	0	MoveTarget	0.00	1
874	960824	1920807	0	ShowTarget	0.00	1
875	961387	1921347	0	head_turned	0.00	0
876	961651	1921600	0	head_stop	0.00	0
877	962463	1922380	0	ShowTarget	0.00	1
878	964408	1924247	0	MoveTarget	0.00	1
879	964422	1924260	0	ShowTarget	0.00	1
880	965088	1924900	0	head_turned	0.00	0
881	965290	1925094	0	head_stop	0.00	0
882	966242	1926007	0	ShowTarget	0.00	1
883	968298	1927981	0	MoveTarget	0.00	1
884	968311	1927994	0	ShowTarget	0.00	1
885	968866	1928527	0	head_turned	0.00	0
886	969158	1928807	0	head_stop	0.00	0
887	969769	1929393	0	ShowTarget	0.00	1
888	971832	1931374	0	MoveTarget	0.00	1
889	971846	1931387	0	ShowTarget	0.00	1
890	972499	1932014	0	head_turned	0.00	0
891	972714	1932220	0	head_stop	0.00	0
892	973583	1933055	0	ShowTarget	0.00	1
893	975770	1935154	0	MoveTarget	0.00	1
894	975783	1935167	0	ShowTarget	0.00	1
895	980930	1940107	0	head_turned	0.00	0
896	981222	1940387	0	head_stop	0.00	0
897	982291	1941413	0	ShowTarget	0.00	1
898	984791	1943813	0	MoveTarget	0.00	1
899	984805	1943827	0	ShowTarget	0.00	1
900	985284	1944287	0	head_turned	0.00	0
901	985506	1944500	0	head_stop	0.00	0
902	986236	1945200	0	ShowTarget	0.00	1
903	988993	1947847	0	MoveTarget	0.00	1
904	989006	1947860	0	ShowTarget	0.00	1
905	989618	1948447	0	head_turned	0.00	0
906	989951	1948767	0	head_stop	0.00	0
907	990826	1949607	0	ShowTarget	0.00	1
908	992798	1951500	0	MoveTarget	0.00	1
909	992812	1951514	0	ShowTarget	0.00	1
910	995382	1953980	0	head_turned	0.00	0
911	995764	1954347	0	head_stop	0.00	0
912	996514	1955067	0	ShowTarget	0.00	1
913	1003674	1961940	0	MoveTarget	0.00	1
914	1003695	1961960	0	ShowTarget	0.00	1
915	1004313	1962553	0	head_turned	0.00	0
916	1004702	1962927	0	head_stop	0.00	0
917	1005654	1963840	0	ShowTarget	0.00	1
918	1007299	1965420	0	MoveTarget	0.00	1
919	1007320	1965440	0	ShowTarget	0.00	1
920	1007869	1965966	0	head_turned	0.00	0
921	1008132	1966220	0	head_stop	0.00	0
922	1008827	1966887	0	ShowTarget	0.00	1

