Using_curved_screen True Player_screen_cm 180 Screen_width_cm 121 Camera1_display 0 Camera2_display 1 CameraFOVFactor 2 GazeTime 1.5 RandomGazeTime 0.5 HideTime 0.2 SpeedThreshold 180 StopWinodow 0.03 TargetChangeTime 1 TargetChangeTimeRRange 0 UseAcuityIndicator True AcuityMode 1 AcuityFlashTime 0.08 AcuityChangeNumber 10 AcuityChangeUpPerc 0.8 AcuityChangeDownPerc 0.5 ACuityList 90 StopSpeed 10.00 PostDelayList 0 PostDelayNumber 5 PostDelayUpC 0.50 PostDelayLoC 0.60 PostDelayConvNum 1 PostDelayRepeatNum 2 PostDelayASOffset 0 DynaDelayRepeatNum 9 
Line_#	Time_Stamp	Simulink_Sample	Trail_#	Action	Degree	Direction
9	291916	-1	GameMode StaticAcuity HideFlag True JumpFlag False ShowTargetFlag True HeadIndicatorChange False SkipCenterFlag True HideHeadIndicator True Gain 1 UsingAcuityAfter False UsingAcuityBefore False UsingAcuityWaitTime True AcuitySize 8 UsingAcuityChange True CurrAcuityChangeMode acuity_list UsingPostDelay False PostDelayMode random PostDelayInit 0.00 PostDelayIMax 0.00 ADUsingStaticData False UsingPresetSD False StaticDataSize 0 StaticDataMLH 0.000 UsingDynamicDelay False DynamicDelayMode fix_amount DynaDelayInit 0.000 DynaDelayMax 0.000 DynaDelayInter 0.000 	
3	442	292333	0	ReSet	0.00	0
4	449	292339	0	ShowTarget	0.00	0
5	1964	293794	0	MoveTarget	0.00	1
6	1984	293813	0	ShowTarget	0.00	1
7	2199	294020	0	TargetHided	0.00	1
8	2200	294021	0	ChangeTargetWaitTime	0.00	1
9	3485	295254	0	ShowTarget	0.00	1
10	5005	296713	0	MoveTarget	0.00	1
11	5020	296727	0	ShowTarget	0.00	1
12	5241	296939	0	TargetHided	0.00	1
13	5241	296940	0	ChangeTargetWaitTime	0.00	1
14	6513	298160	0	ShowTarget	0.00	1
15	10207	301706	0	MoveTarget	0.00	1
16	10220	301719	0	ShowTarget	0.00	1
17	10422	301913	0	TargetHided	0.00	1
18	10422	301913	0	ChangeTargetWaitTime	0.00	1
19	11714	303153	0	ShowTarget	0.00	1
20	13450	304819	0	MoveTarget	0.00	1
21	13471	304839	0	ShowTarget	0.00	1
22	13679	305039	0	TargetHided	0.00	1
23	13679	305039	0	ChangeTargetWaitTime	0.00	1
24	15040	306346	0	ShowTarget	0.00	1
25	16610	307853	0	MoveTarget	0.00	1
26	16624	307866	0	ShowTarget	0.00	1
27	16846	308080	0	TargetHided	0.00	1
28	16846	308080	0	ChangeTargetWaitTime	0.00	1
29	18159	309340	0	ShowTarget	0.00	1
30	20110	311213	0	MoveTarget	0.00	1
31	20124	311226	0	ShowTarget	0.00	1
32	20325	311419	0	TargetHided	0.00	1
33	20325	311419	0	ChangeTargetWaitTime	0.00	1
34	21694	312733	0	ShowTarget	0.00	1
35	22902	313893	0	MoveTarget	0.00	1
36	22916	313906	0	ShowTarget	0.00	1
37	23125	314107	0	TargetHided	0.00	1
38	23125	314107	0	ChangeTargetWaitTime	0.00	1
39	24395	315326	0	ShowTarget	0.00	1
40	25603	316486	0	MoveTarget	0.00	1
41	25624	316506	0	ShowTarget	0.00	1
42	25832	316706	0	TargetHided	0.00	1
43	25832	316706	0	ChangeTargetWaitTime	0.00	1
44	27131	317953	0	ShowTarget	0.00	1
45	28798	319553	0	MoveTarget	0.00	1
46	28812	319566	0	ShowTarget	0.00	1
47	29020	319766	0	TargetHided	0.00	1
48	29020	319766	0	ChangeTargetWaitTime	0.00	1
49	30250	320946	0	ShowTarget	0.00	1
50	31444	322093	0	MoveTarget	0.00	1
51	31465	322113	0	ShowTarget	0.00	1
52	31680	322319	0	TargetHided	0.00	1
53	31680	322319	0	ChangeTargetWaitTime	0.00	1
54	33507	324073	0	ShowTarget	0.00	1
55	35375	325866	0	MoveTarget	0.00	1
56	35395	325886	0	ShowTarget	0.00	1
57	35604	326086	0	TargetHided	0.00	1
58	35604	326086	0	ChangeTargetWaitTime	0.00	1
59	36889	327319	0	ShowTarget	0.00	1
60	38340	328712	0	MoveTarget	0.00	1
61	38361	328732	0	ShowTarget	0.00	1
62	38569	328932	0	TargetHided	0.00	1
63	38569	328932	0	ChangeTargetWaitTime	0.00	1
64	39694	330012	0	ShowTarget	0.00	1
65	40819	331092	0	MoveTarget	0.00	1
66	40833	331106	0	ShowTarget	0.00	1
67	41042	331306	0	TargetHided	0.00	1
68	41042	331306	0	ChangeTargetWaitTime	0.00	1
69	42257	332473	0	ShowTarget	0.00	1
70	43382	333552	0	MoveTarget	0.00	1
71	43403	333573	0	ShowTarget	0.00	1
72	43618	333779	0	TargetHided	0.00	1
73	43618	333779	0	ChangeTargetWaitTime	0.00	1
74	44847	334959	0	ShowTarget	0.00	1
75	46466	336513	0	MoveTarget	0.00	1
76	46479	336526	0	ShowTarget	0.00	1
77	46702	336739	0	TargetHided	0.00	1
78	46702	336739	0	ChangeTargetWaitTime	0.00	1
79	48667	338626	0	ShowTarget	0.00	1
80	50660	340539	0	MoveTarget	0.00	1
81	50681	340559	0	ShowTarget	0.00	1
82	50889	340759	0	TargetHided	0.00	1
83	50890	340759	0	ChangeTargetWaitTime	0.00	1
84	52147	341966	0	ShowTarget	0.00	1
85	53230	343006	0	MoveTarget	0.00	1
86	53244	343019	0	ShowTarget	0.00	1
87	53466	343232	0	TargetHided	0.00	1
88	53466	343232	0	ChangeTargetWaitTime	0.00	1
89	54730	344446	0	ShowTarget	0.00	1
90	56494	346139	0	MoveTarget	0.00	1
91	56515	346159	0	ShowTarget	0.00	1
92	56724	346359	0	TargetHided	0.00	1
93	56724	346360	0	ChangeTargetWaitTime	0.00	1
94	57897	347486	0	ShowTarget	0.00	1
95	59245	348779	0	MoveTarget	0.00	1
96	59259	348792	0	ShowTarget	0.00	1
97	59467	348992	0	TargetHided	0.00	1
98	59467	348992	0	ChangeTargetWaitTime	0.00	1
99	60696	350172	0	ShowTarget	0.00	1
100	61932	351359	0	MoveTarget	0.00	1
101	61953	351379	0	ShowTarget	0.00	1
102	62161	351579	0	TargetHided	0.00	1
103	62161	351579	0	ChangeTargetWaitTime	0.00	1
104	63342	352712	0	ShowTarget	0.00	1
105	64911	354219	0	MoveTarget	0.00	1
106	64925	354232	0	ShowTarget	0.00	1
107	65133	354432	0	TargetHided	0.00	1
108	65133	354432	0	ChangeTargetWaitTime	0.00	1
109	66418	355665	0	ShowTarget	0.00	1
110	68439	357605	0	MoveTarget	0.00	1
111	68460	357625	0	ShowTarget	0.00	1
112	68675	357832	0	TargetHided	0.00	1
113	68675	357832	0	ChangeTargetWaitTime	0.00	1
114	70044	359145	0	ShowTarget	0.00	1
115	71815	360845	0	MoveTarget	0.00	1
116	71828	360859	0	ShowTarget	0.00	1
117	72051	361072	0	TargetHided	0.00	1
118	72051	361072	0	ChangeTargetWaitTime	0.00	1
119	73384	362352	0	ShowTarget	0.00	1
120	75078	363979	0	MoveTarget	0.00	1
121	75099	363999	0	ShowTarget	0.00	1
122	75308	364199	0	TargetHided	0.00	1
123	75308	364199	0	ChangeTargetWaitTime	0.00	1
124	77343	366152	0	ShowTarget	0.00	1
125	78794	367545	0	MoveTarget	0.00	1
126	78815	367565	0	ShowTarget	0.00	1
127	79023	367765	0	TargetHided	0.00	1
128	79023	367766	0	ChangeTargetWaitTime	0.00	1
129	81058	369718	0	ShowTarget	0.00	1
130	82204	370819	0	MoveTarget	0.00	1
131	82218	370832	0	ShowTarget	0.00	1
132	82419	371025	0	TargetHided	0.00	1
133	82419	371025	0	ChangeTargetWaitTime	0.00	1
134	83746	372299	0	ShowTarget	0.00	1
135	84857	373365	0	MoveTarget	0.00	1
136	84878	373385	0	ShowTarget	0.00	1
137	85086	373585	0	TargetHided	0.00	1
138	85086	373585	0	ChangeTargetWaitTime	0.00	1
139	86538	374979	0	ShowTarget	0.00	1
140	88475	376838	0	MoveTarget	0.00	1
141	88489	376852	0	ShowTarget	0.00	1
142	88711	377065	0	TargetHided	0.00	1
143	88711	377065	0	ChangeTargetWaitTime	0.00	1
144	90018	378319	0	ShowTarget	0.00	1
145	91531	379772	0	MoveTarget	0.00	1
146	91552	379792	0	ShowTarget	0.00	1
147	91760	379992	0	TargetHided	0.00	1
148	91760	379992	0	ChangeTargetWaitTime	0.00	1
149	93156	381332	0	ShowTarget	0.00	1
150	94607	382725	0	MoveTarget	0.00	1
151	94621	382738	0	ShowTarget	0.00	1
152	94823	382932	0	TargetHided	0.00	1
153	94823	382932	0	ChangeTargetWaitTime	0.00	1
154	96268	384319	0	ShowTarget	0.00	1
155	98156	386132	0	MoveTarget	0.00	1
156	98171	386146	0	ShowTarget	0.00	1
157	98378	386345	0	TargetHided	0.00	1
158	98378	386345	0	ChangeTargetWaitTime	0.00	1
159	99678	387592	0	ShowTarget	0.00	1
160	101198	389051	0	MoveTarget	0.00	1
161	101212	389065	0	ShowTarget	0.00	1
162	101420	389265	0	TargetHided	0.00	1
163	101420	389265	0	ChangeTargetWaitTime	0.00	1
164	102782	390571	0	ShowTarget	0.00	1
165	104601	392318	0	MoveTarget	0.00	1
166	104622	392338	0	ShowTarget	0.00	1
167	104837	392545	0	TargetHided	0.00	1
168	104837	392545	0	ChangeTargetWaitTime	0.00	1
169	106212	393865	0	ShowTarget	0.00	1
170	108018	395598	0	MoveTarget	0.00	1
171	108032	395611	0	ShowTarget	0.00	1
172	108254	395825	0	TargetHided	0.00	1
173	108254	395825	0	ChangeTargetWaitTime	0.00	1
174	109629	397145	0	ShowTarget	0.00	1
175	111650	399085	0	MoveTarget	0.00	1
176	111664	399098	0	ShowTarget	0.00	1
177	111872	399298	0	TargetHided	0.00	1
178	111872	399298	0	ChangeTargetWaitTime	0.00	1
179	113150	400525	0	ShowTarget	0.00	1
180	114734	402045	0	MoveTarget	0.00	1
181	114748	402058	0	ShowTarget	0.00	1
182	114956	402258	0	TargetHided	0.00	1
183	114956	402258	0	ChangeTargetWaitTime	0.00	1
184	116283	403532	0	ShowTarget	0.00	1
185	117581	404778	0	MoveTarget	0.00	1
186	117595	404792	0	ShowTarget	0.00	1
187	117817	405005	0	TargetHided	0.00	1
188	117817	405005	0	ChangeTargetWaitTime	0.00	1
189	119110	406245	0	ShowTarget	0.00	1
190	120824	407891	0	MoveTarget	0.00	1
191	120838	407905	0	ShowTarget	0.00	1
192	121039	408098	0	TargetHided	0.00	1
193	121040	408098	0	ChangeTargetWaitTime	0.00	1
194	122311	409318	0	ShowTarget	0.00	1
195	123526	410485	0	MoveTarget	0.00	1
196	123547	410505	0	ShowTarget	0.00	1
197	123755	410704	0	TargetHided	0.00	1
198	123755	410705	0	ChangeTargetWaitTime	0.00	1
199	125013	411912	0	ShowTarget	0.00	1
200	126825	413651	0	MoveTarget	0.00	1
201	126846	413672	0	ShowTarget	0.00	1
202	127054	413871	0	TargetHided	0.00	1
203	127054	413872	0	ChangeTargetWaitTime	0.00	1
204	128283	415051	0	ShowTarget	0.00	1
205	129485	416205	0	MoveTarget	0.00	1
206	129505	416225	0	ShowTarget	0.00	1
207	129720	416431	0	TargetHided	0.00	1
208	129720	416431	0	ChangeTargetWaitTime	0.00	1
209	130929	417591	0	ShowTarget	0.00	1
210	131985	418605	0	MoveTarget	0.00	1
211	131998	418618	0	ShowTarget	0.00	1
212	132207	418818	0	TargetHided	0.00	1
213	132207	418818	0	ChangeTargetWaitTime	0.00	1
214	133499	420058	0	ShowTarget	0.00	1
215	134895	421398	0	MoveTarget	0.00	1
216	134908	421411	0	ShowTarget	0.00	1
217	135117	421611	0	TargetHided	0.00	1
218	135117	421611	0	ChangeTargetWaitTime	0.00	1
219	136415	422858	0	ShowTarget	0.00	1
220	138159	424531	0	MoveTarget	0.00	1
221	138173	424545	0	ShowTarget	0.00	1
222	138381	424744	0	TargetHided	0.00	1
223	138381	424744	0	ChangeTargetWaitTime	0.00	1
224	139645	425958	0	ShowTarget	0.00	1
225	140867	427131	0	MoveTarget	0.00	1
226	140881	427144	0	ShowTarget	0.00	1
227	141089	427344	0	TargetHided	0.00	1
228	141089	427344	0	ChangeTargetWaitTime	0.00	1
229	142409	428611	0	ShowTarget	0.00	1
230	144083	430218	0	MoveTarget	0.00	1
231	144096	430231	0	ShowTarget	0.00	1
232	144305	430431	0	TargetHided	0.00	1
233	144305	430431	0	ChangeTargetWaitTime	0.00	1
234	145610	431684	0	ShowTarget	0.00	1
235	147236	433244	0	MoveTarget	0.00	1
236	147256	433264	0	ShowTarget	0.00	1
237	147472	433471	0	TargetHided	0.00	1
238	147472	433471	0	ChangeTargetWaitTime	0.00	1
239	148757	434705	0	ShowTarget	0.00	1
240	149993	435891	0	MoveTarget	0.00	1
241	150014	435911	0	ShowTarget	0.00	1
242	150229	436118	0	TargetHided	0.00	1
243	150229	436118	0	ChangeTargetWaitTime	0.00	1
244	151563	437399	0	ShowTarget	0.00	1
245	153507	439265	0	MoveTarget	0.00	1
246	153528	439285	0	ShowTarget	0.00	1
247	153736	439484	0	TargetHided	0.00	1
248	153736	439484	0	ChangeTargetWaitTime	0.00	1
249	155043	440738	0	ShowTarget	0.00	1
250	156882	442504	0	MoveTarget	0.00	1
251	156903	442524	0	ShowTarget	0.00	1
252	157118	442731	0	TargetHided	0.00	1
253	157118	442731	0	ChangeTargetWaitTime	0.00	1
254	158431	443991	0	ShowTarget	0.00	1
255	160215	445704	0	MoveTarget	0.00	1
256	160229	445717	0	ShowTarget	0.00	1
257	160452	445931	0	TargetHided	0.00	1
258	160452	445931	0	ChangeTargetWaitTime	0.00	1
259	161786	447211	0	ShowTarget	0.00	1
260	163730	449078	0	MoveTarget	0.00	1
261	163750	449097	0	ShowTarget	0.00	1
262	163959	449297	0	TargetHided	0.00	1
263	163959	449298	0	ChangeTargetWaitTime	0.00	1
264	165251	450538	0	ShowTarget	0.00	1
265	166903	452124	0	MoveTarget	0.00	1
266	166924	452144	0	ShowTarget	0.00	1
267	167133	452344	0	TargetHided	0.00	1
268	167133	452344	0	ChangeTargetWaitTime	0.00	1
269	168396	453557	0	ShowTarget	0.00	1
270	169640	454751	0	MoveTarget	0.00	1
271	169653	454764	0	ShowTarget	0.00	1
272	169855	454957	0	TargetHided	0.00	1
273	169855	454957	0	ChangeTargetWaitTime	0.00	1
274	171153	456204	0	ShowTarget	0.00	1
275	172952	457931	0	MoveTarget	0.00	1
276	172967	457944	0	ShowTarget	0.00	1
277	173188	458157	0	TargetHided	0.00	1
278	173188	458157	0	ChangeTargetWaitTime	0.00	1
279	174446	459364	0	ShowTarget	0.00	1
280	176015	460871	0	MoveTarget	0.00	1
281	176036	460890	0	ShowTarget	0.00	1
282	176244	461090	0	TargetHided	0.00	1
283	176244	461090	0	ChangeTargetWaitTime	0.00	1
284	177619	462411	0	ShowTarget	0.00	1
285	179439	464157	0	MoveTarget	0.00	1
286	179460	464177	0	ShowTarget	0.00	1
287	179668	464377	0	TargetHided	0.00	1
288	179668	464377	0	ChangeTargetWaitTime	0.00	1
289	180974	465630	0	ShowTarget	0.00	1
290	183008	467583	0	MoveTarget	0.00	1
291	183022	467597	0	ShowTarget	0.00	1
292	183231	467797	0	TargetHided	0.00	1
293	183231	467797	0	ChangeTargetWaitTime	0.00	1
294	184557	469070	0	ShowTarget	0.00	1
295	186148	470597	0	MoveTarget	0.00	1
296	186161	470610	0	ShowTarget	0.00	1
297	186384	470824	0	TargetHided	0.00	1
298	186384	470824	0	ChangeTargetWaitTime	0.00	1
299	187690	472078	0	ShowTarget	0.00	1
300	189648	473957	0	MoveTarget	0.00	1
301	189662	473971	0	ShowTarget	0.00	1
302	189863	474164	0	TargetHided	0.00	1
303	189863	474164	0	ChangeTargetWaitTime	0.00	1
304	191308	475551	0	ShowTarget	0.00	1
305	193106	477277	0	MoveTarget	0.00	1
306	193120	477290	0	ShowTarget	0.00	1
307	193328	477490	0	TargetHided	0.00	1
308	193328	477490	0	ChangeTargetWaitTime	0.00	1
309	194607	478717	0	ShowTarget	0.00	1
310	195919	479977	0	MoveTarget	0.00	1
311	195933	479990	0	ShowTarget	0.00	1
312	196155	480204	0	TargetHided	0.00	1
313	196155	480204	0	ChangeTargetWaitTime	0.00	1
314	197412	481410	0	ShowTarget	0.00	1
315	199433	483350	0	MoveTarget	0.00	1
316	199455	483371	0	ShowTarget	0.00	1
317	199662	483570	0	TargetHided	0.00	1
318	199662	483570	0	ChangeTargetWaitTime	0.00	1
319	200898	484757	0	ShowTarget	0.00	1
320	202273	486077	0	MoveTarget	0.00	1
321	202294	486097	0	ShowTarget	0.00	1
322	202503	486297	0	TargetHided	0.00	1
323	202503	486297	0	ChangeTargetWaitTime	0.00	1
324	203795	487537	0	ShowTarget	0.00	1
325	205454	489130	0	MoveTarget	0.00	1
326	205475	489150	0	ShowTarget	0.00	1
327	205676	489343	0	TargetHided	0.00	1
328	205676	489344	0	ChangeTargetWaitTime	0.00	1
329	206947	490564	0	ShowTarget	0.00	1
330	208836	492377	0	MoveTarget	0.00	1
331	208857	492397	0	ShowTarget	0.00	1
332	209066	492597	0	TargetHided	0.00	1
333	209066	492597	0	ChangeTargetWaitTime	0.00	1
334	210497	493971	0	ShowTarget	0.00	1
335	212378	495777	0	MoveTarget	0.00	1
336	212399	495797	0	ShowTarget	0.00	1
337	212614	496003	0	TargetHided	0.00	1
338	212614	496003	0	ChangeTargetWaitTime	0.00	1
339	213906	497244	0	ShowTarget	0.00	1
340	215219	498503	0	MoveTarget	0.00	1
341	215239	498523	0	ShowTarget	0.00	1
342	215448	498724	0	TargetHided	0.00	1
343	215448	498724	0	ChangeTargetWaitTime	0.00	1
344	216712	499937	0	ShowTarget	0.00	1
345	218004	501177	0	MoveTarget	0.00	1
346	218017	501190	0	ShowTarget	0.00	1
347	218240	501403	0	TargetHided	0.00	1
348	218240	501403	0	ChangeTargetWaitTime	0.00	1
349	219622	502730	0	ShowTarget	0.00	1
350	220941	503997	0	MoveTarget	0.00	1
351	220962	504017	0	ShowTarget	0.00	1
352	221171	504217	0	TargetHided	0.00	1
353	221171	504217	0	ChangeTargetWaitTime	0.00	1
354	222386	505383	0	ShowTarget	0.00	1
355	223657	506603	0	MoveTarget	0.00	1
356	223677	506623	0	ShowTarget	0.00	1
357	223886	506823	0	TargetHided	0.00	1
358	223886	506823	0	ChangeTargetWaitTime	0.00	1
359	225185	508070	0	ShowTarget	0.00	1
360	226525	509357	0	MoveTarget	0.00	1
361	226539	509370	0	ShowTarget	0.00	1
362	226761	509583	0	TargetHided	0.00	1
363	226761	509583	0	ChangeTargetWaitTime	0.00	1
364	228060	510830	0	ShowTarget	0.00	1
365	229727	512430	0	MoveTarget	0.00	1
366	229740	512443	0	ShowTarget	0.00	1
367	229942	512637	0	TargetHided	0.00	1
368	229942	512637	0	ChangeTargetWaitTime	0.00	1
369	231366	514004	0	ShowTarget	0.00	1
370	233373	515930	0	MoveTarget	0.00	1
371	233386	515943	0	ShowTarget	0.00	1
372	233609	516157	0	TargetHided	0.00	1
373	233609	516157	0	ChangeTargetWaitTime	0.00	1
374	234914	517410	0	ShowTarget	0.00	1
375	236560	518990	0	MoveTarget	0.00	1
376	236581	519010	0	ShowTarget	0.00	1
377	236789	519210	0	TargetHided	0.00	1
378	236789	519210	0	ChangeTargetWaitTime	0.00	1
379	238019	520390	0	ShowTarget	0.00	1
380	239095	521423	0	MoveTarget	0.00	1
381	239109	521436	0	ShowTarget	0.00	1
382	239331	521650	0	TargetHided	0.00	1
383	239331	521650	0	ChangeTargetWaitTime	0.00	1
384	240582	522850	0	ShowTarget	0.00	1
385	242526	524716	0	MoveTarget	0.00	1
386	242548	524737	0	ShowTarget	0.00	1
387	242755	524937	0	TargetHided	0.00	1
388	242755	524937	0	ChangeTargetWaitTime	0.00	1
389	243971	526103	0	ShowTarget	0.00	1
390	245408	527483	0	MoveTarget	0.00	1
391	245429	527503	0	ShowTarget	0.00	1
392	245637	527703	0	TargetHided	0.00	1
393	245637	527703	0	ChangeTargetWaitTime	0.00	1
394	246992	529004	0	ShowTarget	0.00	1
395	248755	530696	0	MoveTarget	0.00	1
396	248776	530716	0	ShowTarget	0.00	1
397	248985	530916	0	TargetHided	0.00	1
398	248985	530916	0	ChangeTargetWaitTime	0.00	1
399	250465	532338	0	ShowTarget	0.00	1
400	251915	533729	0	MoveTarget	0.00	1
401	251929	533743	0	ShowTarget	0.00	1
402	252152	533957	0	TargetHided	0.00	1
403	252152	533957	0	ChangeTargetWaitTime	0.00	1
404	253506	535256	0	ShowTarget	0.00	1
405	255131	536816	0	MoveTarget	0.00	1
406	255145	536830	0	ShowTarget	0.00	1
407	255353	537030	0	TargetHided	0.00	1
408	255353	537030	0	ChangeTargetWaitTime	0.00	1
409	256743	538364	0	ShowTarget	0.00	1
410	257867	539443	0	MoveTarget	0.00	1
411	257881	539456	0	ShowTarget	0.00	1
412	258089	539656	0	TargetHided	0.00	1
413	258089	539656	0	ChangeTargetWaitTime	0.00	1
414	259430	540943	0	ShowTarget	0.00	1
415	260555	542023	0	MoveTarget	0.00	1
416	260569	542036	0	ShowTarget	0.00	1
417	260791	542250	0	TargetHided	0.00	1
418	260791	542250	0	ChangeTargetWaitTime	0.00	1
419	262145	543550	0	ShowTarget	0.00	1
420	263423	544776	0	MoveTarget	0.00	1
421	263437	544790	0	ShowTarget	0.00	1
422	263638	544983	0	TargetHided	0.00	1
423	263638	544983	0	ChangeTargetWaitTime	0.00	1
424	264888	546183	0	ShowTarget	0.00	1
425	265930	547183	0	MoveTarget	0.00	1
426	265944	547196	0	ShowTarget	0.00	1
427	266152	547396	0	TargetHided	0.00	1
428	266152	547396	0	ChangeTargetWaitTime	0.00	1
429	269049	550177	0	ShowTarget	0.00	1
430	270674	551736	0	MoveTarget	0.00	1
431	270694	551756	0	ShowTarget	0.00	1
432	270903	551956	0	TargetHided	0.00	1
433	270903	551956	0	ChangeTargetWaitTime	0.00	1
434	272195	553196	0	ShowTarget	0.00	1
435	273701	554643	0	MoveTarget	0.00	1
436	273715	554656	0	ShowTarget	0.00	1
437	273924	554856	0	TargetHided	0.00	1
438	273924	554856	0	ChangeTargetWaitTime	0.00	1
439	275639	556503	0	ShowTarget	0.00	1
440	277674	558456	0	MoveTarget	0.00	1
441	277688	558470	0	ShowTarget	0.00	1
442	277910	558683	0	TargetHided	0.00	1
443	277910	558683	0	ChangeTargetWaitTime	0.00	1
444	279334	560049	0	ShowTarget	0.00	1
445	280966	561616	0	MoveTarget	0.00	1
446	280979	561629	0	ShowTarget	0.00	1
447	281181	561823	0	TargetHided	0.00	1
448	281181	561823	0	ChangeTargetWaitTime	0.00	1
449	284286	564803	0	ShowTarget	0.00	1
450	285827	566283	0	MoveTarget	0.00	1
451	285848	566303	0	ShowTarget	0.00	1
452	286063	566509	0	TargetHided	0.00	1
453	286063	566509	0	ChangeTargetWaitTime	0.00	1
454	287362	567756	0	ShowTarget	0.00	1
288699	569040	-1	GameMode DynamicAcuity HideFlag False JumpFlag False ShowTargetFlag True HeadIndicatorChange True SkipCenterFlag True HideHeadIndicator False Gain 1 UsingAcuityAfter False UsingAcuityBefore True UsingAcuityWaitTime False AcuitySize 8 UsingAcuityChange True CurrAcuityChangeMode acuity_list UsingPostDelay False PostDelayMode random PostDelayInit 0.00 PostDelayIMax 0.00 ADUsingStaticData False UsingPresetSD False StaticDataSize 0 StaticDataMLH 0.000 UsingDynamicDelay False DynamicDelayMode fix_amount DynaDelayInit 0.000 DynaDelayMax 0.000 DynaDelayInter 0.000 	
455	299842	579736	0	ReSet	0.00	0
456	299849	579742	0	ShowTarget	0.00	1
457	303314	583069	0	MoveTarget	0.00	1
458	303328	583082	0	ShowTarget	0.00	1
459	317683	596862	0	head_turned	0.00	0
460	318356	597508	0	head_stop	0.00	0
461	319670	598769	0	ShowTarget	0.00	1
462	322385	601375	0	MoveTarget	0.00	1
463	322399	601389	0	ShowTarget	0.00	1
464	323038	602003	0	ErrorOccurred	0.00	1
465	325046	603930	0	ErrorReturn	0.00	1
466	326663	605482	0	MoveTarget	0.00	1
467	326684	605502	0	ShowTarget	0.00	1
468	327274	606069	0	head_turned	0.00	0
469	327621	606402	0	head_stop	0.00	0
470	328163	606922	0	ShowTarget	0.00	1
471	330490	609155	0	MoveTarget	0.00	1
472	330503	609169	0	ShowTarget	0.00	1
473	330816	609469	0	head_turned	0.00	0
474	331128	609769	0	head_stop	0.00	0
475	331677	610295	0	ShowTarget	0.00	1
476	333844	612376	0	MoveTarget	0.00	1
477	333865	612395	0	ShowTarget	0.00	1
478	334226	612742	0	ErrorOccurred	0.00	1
479	336234	614669	0	ErrorReturn	0.00	1
480	337719	616095	0	MoveTarget	0.00	1
481	337733	616108	0	ShowTarget	0.00	1
482	338226	616582	0	head_turned	0.00	0
483	338775	617108	0	head_stop	0.00	0
484	339157	617475	0	ShowTarget	0.00	1
485	340983	619228	0	MoveTarget	0.00	1
486	340997	619242	0	ShowTarget	0.00	1
487	341386	619615	0	head_turned	0.00	0
488	341643	619862	0	head_stop	0.00	0
489	342143	620342	0	ShowTarget	0.00	1
490	344997	623082	0	MoveTarget	0.00	1
491	345018	623102	0	ShowTarget	0.00	1
492	345435	623502	0	head_turned	0.00	0
493	345608	623668	0	head_stop	0.00	0
494	346463	624489	0	ShowTarget	0.00	1
495	348387	626335	0	MoveTarget	0.00	1
496	348408	626355	0	ShowTarget	0.00	1
497	348796	626728	0	head_turned	0.00	0
498	349574	627475	0	head_stop	0.00	0
499	349908	627796	0	ShowTarget	0.00	1
500	352331	630122	0	MoveTarget	0.00	1
501	352345	630135	0	ShowTarget	0.00	1
502	352644	630422	0	head_turned	0.00	0
503	353123	630882	0	head_stop	0.00	0
504	353562	631303	0	ShowTarget	0.00	1
505	355692	633348	0	MoveTarget	0.00	1
506	355714	633369	0	ShowTarget	0.00	1
507	356109	633748	0	head_turned	0.00	0
508	356428	634055	0	head_stop	0.00	0
509	356839	634449	0	ShowTarget	0.00	1
510	359186	636702	0	MoveTarget	0.00	1
511	359199	636715	0	ShowTarget	0.00	1
512	359505	637008	0	head_turned	0.00	0
513	359818	637308	0	head_stop	0.00	0
514	360895	638341	0	ShowTarget	0.00	1
515	363790	641121	0	MoveTarget	0.00	1
516	363811	641141	0	ShowTarget	0.00	1
517	364130	641448	0	head_turned	0.00	0
518	364415	641721	0	head_stop	0.00	0
519	364832	642122	0	ShowTarget	0.00	1
520	367145	644342	0	MoveTarget	0.00	1
521	367158	644355	0	ShowTarget	0.00	1
522	367498	644681	0	head_turned	0.00	0
523	367783	644955	0	head_stop	0.00	0
524	369027	646148	0	ShowTarget	0.00	1
525	371929	648935	0	MoveTarget	0.00	1
526	371950	648955	0	ShowTarget	0.00	1
527	372249	649241	0	head_turned	0.00	0
528	372638	649615	0	head_stop	0.00	0
529	373145	650102	0	ShowTarget	0.00	1
530	375805	652655	0	MoveTarget	0.00	1
531	375819	652668	0	ShowTarget	0.00	1
532	376096	652934	0	head_turned	0.00	0
533	376395	653221	0	head_stop	0.00	0
534	376902	653708	0	ShowTarget	0.00	1
535	378937	655661	0	MoveTarget	0.00	1
536	378951	655675	0	ShowTarget	0.00	1
537	379326	656035	0	head_turned	0.00	0
538	379638	656334	0	head_stop	0.00	0
539	380055	656735	0	ShowTarget	0.00	1
540	382159	658754	0	MoveTarget	0.00	1
541	382180	658775	0	ShowTarget	0.00	1
542	382500	659082	0	head_turned	0.00	0
543	382687	659261	0	head_stop	0.00	0
544	383249	659801	0	ShowTarget	0.00	1
545	385368	661835	0	MoveTarget	0.00	1
546	385382	661848	0	ShowTarget	0.00	1
547	385694	662148	0	head_turned	0.00	0
548	385979	662421	0	head_stop	0.00	0
549	386729	663141	0	ShowTarget	0.00	1
550	392097	668294	0	MoveTarget	0.00	1
551	392118	668314	0	ShowTarget	0.00	1
552	392424	668608	0	head_turned	0.00	0
553	392764	668935	0	head_stop	0.00	0
554	393208	669361	0	ShowTarget	0.00	1
555	395848	671895	0	MoveTarget	0.00	1
556	395862	671908	0	ShowTarget	0.00	1
557	396229	672261	0	ErrorOccurred	0.00	1
558	398236	674188	0	ErrorReturn	0.00	1
559	399904	675788	0	MoveTarget	0.00	1
560	399924	675808	0	ShowTarget	0.00	1
561	400306	676174	0	head_turned	0.00	0
562	400646	676501	0	head_stop	0.00	0
563	401223	677055	0	ShowTarget	0.00	1
564	403994	679714	0	MoveTarget	0.00	1
565	404008	679728	0	ShowTarget	0.00	1
566	404299	680008	0	head_turned	0.00	0
567	404487	680188	0	head_stop	0.00	0
568	405133	680808	0	ShowTarget	0.00	1
569	407320	682907	0	MoveTarget	0.00	1
570	407334	682921	0	ShowTarget	0.00	1
571	407675	683247	0	head_turned	0.00	0
572	407966	683527	0	head_stop	0.00	0
573	408487	684028	0	ShowTarget	0.00	1
574	410453	685914	0	MoveTarget	0.00	1
575	410467	685928	0	ShowTarget	0.00	1
576	410786	686234	0	head_turned	0.00	0
577	411133	686567	0	head_stop	0.00	0
578	411544	686962	0	ShowTarget	0.00	1
579	413848	689174	0	MoveTarget	0.00	1
580	413863	689188	0	ShowTarget	0.00	1
581	414147	689461	0	head_turned	0.00	0
582	414502	689801	0	head_stop	0.00	0
583	414856	690141	0	ShowTarget	0.00	1
584	416780	691988	0	MoveTarget	0.00	1
585	416800	692008	0	ShowTarget	0.00	1
586	417092	692287	0	head_turned	0.00	0
587	417488	692668	0	head_stop	0.00	0
588	418016	693175	0	ShowTarget	0.00	1
589	420939	695981	0	MoveTarget	0.00	1
590	420953	695994	0	ShowTarget	0.00	1
591	421266	696294	0	head_turned	0.00	0
592	421564	696580	0	head_stop	0.00	0
593	422329	697314	0	ShowTarget	0.00	1
594	425321	700187	0	MoveTarget	0.00	1
595	425335	700201	0	ShowTarget	0.00	1
596	425668	700520	0	head_turned	0.00	0
597	426023	700861	0	head_stop	0.00	0
598	426447	701268	0	ShowTarget	0.00	1
599	428870	703594	0	MoveTarget	0.00	1
600	428884	703607	0	ShowTarget	0.00	1
601	429197	703907	0	head_turned	0.00	0
602	429745	704434	0	head_stop	0.00	0
603	430065	704741	0	ShowTarget	0.00	1
604	432412	706994	0	MoveTarget	0.00	1
605	432426	707007	0	ShowTarget	0.00	1
606	432731	707300	0	head_turned	0.00	0
607	433392	707934	0	head_stop	0.00	0
608	433669	708201	0	ShowTarget	0.00	1
609	436392	710814	0	MoveTarget	0.00	1
610	436405	710827	0	ShowTarget	0.00	1
611	436718	711127	0	head_turned	0.00	0
612	437239	711627	0	head_stop	0.00	0
613	437510	711887	0	ShowTarget	0.00	1
614	439572	713867	0	MoveTarget	0.00	1
615	439594	713888	0	ShowTarget	0.00	1
616	439947	714227	0	head_turned	0.00	0
617	440246	714514	0	head_stop	0.00	0
618	440649	714901	0	ShowTarget	0.00	1
619	442948	717107	0	MoveTarget	0.00	1
620	442961	717120	0	ShowTarget	0.00	1
621	443191	717341	0	head_turned	0.00	0
622	443746	717874	0	head_stop	0.00	0
623	443899	718021	0	ShowTarget	0.00	1
624	446246	720274	0	MoveTarget	0.00	1
625	446261	720287	0	ShowTarget	0.00	1
626	446559	720574	0	head_turned	0.00	0
627	446878	720880	0	head_stop	0.00	0
628	447448	721427	0	ShowTarget	0.00	1
629	452789	726554	0	MoveTarget	0.00	1
630	452802	726567	0	ShowTarget	0.00	1
631	453108	726860	0	head_turned	0.00	0
632	453712	727440	0	head_stop	0.00	0
633	454463	728160	0	ShowTarget	0.00	1
634	456865	730467	0	MoveTarget	0.00	1
635	456886	730487	0	ShowTarget	0.00	1
636	457233	730820	0	ErrorOccurred	0.00	1
637	459240	732747	0	ErrorReturn	0.00	1
638	461060	734493	0	MoveTarget	0.00	1
639	461073	734507	0	ShowTarget	0.00	1
640	461414	734834	0	head_turned	0.00	0
641	461956	735354	0	head_stop	0.00	0
642	462269	735654	0	ShowTarget	0.00	1
643	465122	738394	0	MoveTarget	0.00	1
644	465136	738407	0	ShowTarget	0.00	1
645	465490	738747	0	ErrorOccurred	0.00	1
646	467497	740673	0	ErrorReturn	0.00	1
647	469477	742573	0	MoveTarget	0.00	1
648	469498	742593	0	ShowTarget	0.00	1
649	469810	742893	0	head_turned	0.00	0
650	470352	743414	0	head_stop	0.00	0
651	470852	743893	0	ShowTarget	0.00	1
652	473435	746373	0	MoveTarget	0.00	1
653	473449	746387	0	ShowTarget	0.00	1
654	473769	746693	0	head_turned	0.00	0
655	474380	747280	0	head_stop	0.00	0
656	475603	748454	0	ShowTarget	0.00	1
657	477748	750514	0	MoveTarget	0.00	1
658	477769	750533	0	ShowTarget	0.00	1
659	478123	750873	0	head_turned	0.00	0
660	478325	751067	0	head_stop	0.00	0
661	479311	752013	0	ShowTarget	0.00	1
662	481915	754513	0	MoveTarget	0.00	1
663	481936	754533	0	ShowTarget	0.00	1
664	482269	754853	0	head_turned	0.00	0
665	482985	755540	0	head_stop	0.00	0
666	483443	755980	0	ShowTarget	0.00	1
667	486089	758520	0	MoveTarget	0.00	1
668	486103	758533	0	ShowTarget	0.00	1
669	486415	758833	0	head_turned	0.00	0
670	486707	759113	0	head_stop	0.00	0
671	487179	759566	0	ShowTarget	0.00	1
672	489145	761453	0	MoveTarget	0.00	1
673	489165	761473	0	ShowTarget	0.00	1
674	489548	761840	0	head_turned	0.00	0
675	490145	762413	0	head_stop	0.00	0
676	490305	762567	0	ShowTarget	0.00	1
677	492847	765007	0	MoveTarget	0.00	1
678	492860	765020	0	ShowTarget	0.00	1
679	493159	765306	0	head_turned	0.00	0
680	493839	765960	0	head_stop	0.00	0
681	494340	766440	0	ShowTarget	0.00	1
682	496736	768740	0	MoveTarget	0.00	1
683	496749	768753	0	ShowTarget	0.00	1
684	497027	769020	0	head_turned	0.00	0
685	498326	770267	0	head_stop	0.00	0
686	499063	770974	0	ShowTarget	0.00	1
687	500868	772707	0	MoveTarget	0.00	1
688	500881	772720	0	ShowTarget	0.00	1
689	501271	773093	0	head_turned	0.00	0
690	501833	773633	0	head_stop	0.00	0
691	502146	773933	0	ShowTarget	0.00	1
692	505118	776786	0	MoveTarget	0.00	1
693	505132	776799	0	ShowTarget	0.00	1
694	505472	777126	0	head_turned	0.00	0
695	506173	777799	0	head_stop	0.00	0
696	506480	778094	0	ShowTarget	0.00	1
697	508937	780453	0	MoveTarget	0.00	1
698	508958	780473	0	ShowTarget	0.00	1
699	509729	781213	0	ErrorOccurred	0.00	1
700	511736	783140	0	ErrorReturn	0.00	1
701	513605	784933	0	MoveTarget	0.00	1
702	513618	784946	0	ShowTarget	0.00	1
703	514132	785439	0	head_turned	0.00	0
704	514648	785934	0	head_stop	0.00	0
705	514924	786200	0	ShowTarget	0.00	1
706	517188	788373	0	MoveTarget	0.00	1
707	517202	788386	0	ShowTarget	0.00	1
708	517556	788726	0	head_turned	0.00	0
709	517903	789059	0	head_stop	0.00	0
710	518417	789553	0	ShowTarget	0.00	1
711	521084	792113	0	MoveTarget	0.00	1
712	521105	792133	0	ShowTarget	0.00	1
713	521438	792453	0	head_turned	0.00	0
714	521619	792626	0	head_stop	0.00	0
715	522189	793173	0	ShowTarget	0.00	1
716	525015	795886	0	MoveTarget	0.00	1
717	525036	795906	0	ShowTarget	0.00	1
718	525410	796266	0	ErrorOccurred	0.00	1
719	527418	798193	0	ErrorReturn	0.00	1
720	529376	800073	0	MoveTarget	0.00	1
721	529390	800086	0	ShowTarget	0.00	1
722	529835	800512	0	head_turned	0.00	0
723	530022	800693	0	head_stop	0.00	0
724	530751	801393	0	ShowTarget	0.00	1
725	532717	803280	0	MoveTarget	0.00	1
726	532730	803292	0	ShowTarget	0.00	1
727	533265	803806	0	head_turned	0.00	0
728	534314	804812	0	head_stop	0.00	0
729	534606	805093	0	ShowTarget	0.00	1
730	537696	808059	0	MoveTarget	0.00	1
731	537710	808072	0	ShowTarget	0.00	1
732	538057	808406	0	head_turned	0.00	0
733	538620	808946	0	head_stop	0.00	0
734	538939	809253	0	ShowTarget	0.00	1
735	541128	811353	0	MoveTarget	0.00	1
736	541148	811372	0	ShowTarget	0.00	1
737	541564	811772	0	head_turned	0.00	0
738	541766	811966	0	head_stop	0.00	0
739	542467	812639	0	ShowTarget	0.00	1
740	544891	814966	0	MoveTarget	0.00	1
741	544912	814986	0	ShowTarget	0.00	1
742	545238	815299	0	head_turned	0.00	0
743	545808	815846	0	head_stop	0.00	0
744	546037	816066	0	ShowTarget	0.00	1
745	548468	818399	0	MoveTarget	0.00	1
746	548482	818413	0	ShowTarget	0.00	1
747	548843	818759	0	head_turned	0.00	0
748	549086	818993	0	head_stop	0.00	0
749	549725	819606	0	ShowTarget	0.00	1
750	552308	822086	0	MoveTarget	0.00	1
751	552322	822099	0	ShowTarget	0.00	1
752	552642	822406	0	head_turned	0.00	0
753	553364	823099	0	head_stop	0.00	0
754	553663	823386	0	ShowTarget	0.00	1
755	556461	826072	0	MoveTarget	0.00	1
756	556482	826093	0	ShowTarget	0.00	1
757	556787	826385	0	head_turned	0.00	0
758	557697	827259	0	head_stop	0.00	0
759	558017	827566	0	ShowTarget	0.00	1
760	560108	829573	0	MoveTarget	0.00	1
761	560121	829585	0	ShowTarget	0.00	1
762	560482	829932	0	head_turned	0.00	0
763	561066	830492	0	head_stop	0.00	0
764	561316	830732	0	ShowTarget	0.00	1
765	563587	832912	0	MoveTarget	0.00	1
766	563600	832925	0	ShowTarget	0.00	1
767	563906	833219	0	head_turned	0.00	0
768	564496	833785	0	head_stop	0.00	0
769	564788	834066	0	ShowTarget	0.00	1
770	567108	836292	0	MoveTarget	0.00	1
771	567128	836312	0	ShowTarget	0.00	1
772	567420	836592	0	head_turned	0.00	0
773	568059	837205	0	head_stop	0.00	0
774	568379	837512	0	ShowTarget	0.00	1
775	571157	840179	0	MoveTarget	0.00	1
776	571177	840199	0	ShowTarget	0.00	1
777	571483	840492	0	head_turned	0.00	0
778	572011	840999	0	head_stop	0.00	0
779	572303	841279	0	ShowTarget	0.00	1
780	574518	843405	0	MoveTarget	0.00	1
781	574532	843419	0	ShowTarget	0.00	1
782	574872	843746	0	head_turned	0.00	0
783	575790	844625	0	head_stop	0.00	0
784	576074	844899	0	ShowTarget	0.00	1
785	578074	846819	0	MoveTarget	0.00	1
786	578088	846832	0	ShowTarget	0.00	1
787	578421	847152	0	head_turned	0.00	0
788	579109	847812	0	head_stop	0.00	0
789	579574	848259	0	ShowTarget	0.00	1
790	582296	850872	0	MoveTarget	0.00	1
791	582310	850885	0	ShowTarget	0.00	1
792	582629	851192	0	ErrorOccurred	0.00	1
793	584636	853119	0	ErrorReturn	0.00	1
794	586665	855065	0	MoveTarget	0.00	1
795	586679	855080	0	ShowTarget	0.00	1
796	586956	855345	0	head_turned	0.00	0
797	587518	855885	0	head_stop	0.00	0
798	587984	856331	0	ShowTarget	0.00	1
799	590637	858878	0	MoveTarget	0.00	1
800	590651	858892	0	ShowTarget	0.00	1
801	591130	859352	0	ErrorOccurred	0.00	1
802	593144	861285	0	ErrorReturn	0.00	1
803	595283	863339	0	MoveTarget	0.00	1
804	595297	863352	0	ShowTarget	0.00	1
805	595686	863725	0	head_turned	0.00	0
806	596311	864325	0	head_stop	0.00	0
807	596588	864592	0	ShowTarget	0.00	1
808	599693	867572	0	MoveTarget	0.00	1
809	599707	867585	0	ShowTarget	0.00	1
810	600005	867872	0	head_turned	0.00	0
811	600755	868592	0	head_stop	0.00	0
812	601040	868865	0	ShowTarget	0.00	1
813	603290	871025	0	MoveTarget	0.00	1
814	603304	871038	0	ShowTarget	0.00	1
815	604061	871765	0	ErrorOccurred	0.00	1
816	606068	873692	0	ErrorReturn	0.00	1
817	607777	875332	0	MoveTarget	0.00	1
818	607798	875352	0	ShowTarget	0.00	1
819	608173	875712	0	head_turned	0.00	0
820	609062	876565	0	head_stop	0.00	0
821	609216	876713	0	ShowTarget	0.00	1
822	616020	883245	0	MoveTarget	0.00	1
823	616034	883258	0	ShowTarget	0.00	1
824	616423	883632	0	head_turned	0.00	0
825	617069	884251	0	head_stop	0.00	0
826	617368	884539	0	ShowTarget	0.00	1
827	619798	886872	0	MoveTarget	0.00	1
828	619819	886891	0	ShowTarget	0.00	1
829	620528	887572	0	head_turned	0.00	0
830	620784	887818	0	head_stop	0.00	0
831	621376	888386	0	ShowTarget	0.00	1
832	623701	890618	0	MoveTarget	0.00	1
833	623715	890631	0	ShowTarget	0.00	1
834	625500	892345	0	head_turned	0.00	0
835	626105	892925	0	head_stop	0.00	0
836	626383	893193	0	ShowTarget	0.00	1
837	628479	895205	0	MoveTarget	0.00	1
838	628493	895218	0	ShowTarget	0.00	1
839	628806	895518	0	head_turned	0.00	0
840	629507	896191	0	head_stop	0.00	0
841	629736	896411	0	ShowTarget	0.00	1
842	632125	898705	0	MoveTarget	0.00	1
843	632146	898725	0	ShowTarget	0.00	1
844	632459	899025	0	head_turned	0.00	0
845	633015	899559	0	head_stop	0.00	0
846	633306	899838	0	ShowTarget	0.00	1
847	635827	902258	0	MoveTarget	0.00	1
848	635841	902271	0	ShowTarget	0.00	1
849	636188	902605	0	head_turned	0.00	0
850	636987	903372	0	head_stop	0.00	0
851	637237	903611	0	ShowTarget	0.00	1
852	639654	905931	0	MoveTarget	0.00	1
853	639668	905945	0	ShowTarget	0.00	1
854	639987	906251	0	head_turned	0.00	0
855	640654	906891	0	head_stop	0.00	0
856	640946	907172	0	ShowTarget	0.00	1
857	643064	909205	0	MoveTarget	0.00	1
858	643084	909225	0	ShowTarget	0.00	1
859	643522	909644	0	head_turned	0.00	0
860	643702	909818	0	head_stop	0.00	0
861	644272	910365	0	ShowTarget	0.00	1
862	646814	912805	0	MoveTarget	0.00	1
863	646835	912824	0	ShowTarget	0.00	1
864	647189	913164	0	ErrorOccurred	0.00	1
865	649196	915091	0	ErrorReturn	0.00	1
866	651147	916964	0	MoveTarget	0.00	1
867	651161	916978	0	ShowTarget	0.00	1
868	651543	917345	0	head_turned	0.00	0
869	652154	917931	0	head_stop	0.00	0
870	652418	918184	0	ShowTarget	0.00	1
871	654717	920391	0	MoveTarget	0.00	1
872	654738	920411	0	ShowTarget	0.00	1
873	655037	920698	0	head_turned	0.00	0
874	655606	921244	0	head_stop	0.00	0
875	655822	921452	0	ShowTarget	0.00	1
876	657793	923344	0	MoveTarget	0.00	1
877	657808	923358	0	ShowTarget	0.00	1
878	658155	923692	0	head_turned	0.00	0
879	658717	924231	0	head_stop	0.00	0
880	658933	924438	0	ShowTarget	0.00	1
881	661711	927104	0	MoveTarget	0.00	1
882	661724	927118	0	ShowTarget	0.00	1
883	662065	927444	0	head_turned	0.00	0
884	662266	927637	0	head_stop	0.00	0
885	663059	928398	0	ShowTarget	0.00	1
886	665718	930951	0	MoveTarget	0.00	1
887	665731	930964	0	ShowTarget	0.00	1
888	666044	931264	0	head_turned	0.00	0
889	666231	931444	0	head_stop	0.00	0
890	666843	932031	0	ShowTarget	0.00	1
891	669635	934711	0	MoveTarget	0.00	1
892	669648	934724	0	ShowTarget	0.00	1
893	669968	935031	0	head_turned	0.00	0
894	670510	935551	0	head_stop	0.00	0
895	671204	936218	0	ShowTarget	0.00	1
896	673309	938238	0	MoveTarget	0.00	1
897	673322	938250	0	ShowTarget	0.00	1
898	673753	938664	0	head_turned	0.00	0
899	673954	938857	0	head_stop	0.00	0
900	674482	939364	0	ShowTarget	0.00	1
901	677052	941831	0	MoveTarget	0.00	1
902	677072	941851	0	ShowTarget	0.00	1
903	677385	942151	0	head_turned	0.00	0
904	677920	942664	0	head_stop	0.00	0
905	678268	942998	0	ShowTarget	0.00	1
906	680733	945364	0	MoveTarget	0.00	1
907	680753	945384	0	ShowTarget	0.00	1
908	681059	945677	0	head_turned	0.00	0
909	681663	946257	0	head_stop	0.00	0
910	681962	946544	0	ShowTarget	0.00	1
911	684421	948905	0	MoveTarget	0.00	1
912	684434	948917	0	ShowTarget	0.00	1
913	684739	949210	0	head_turned	0.00	0
914	684941	949404	0	head_stop	0.00	0
915	685485	949926	0	ShowTarget	0.00	1
916	687650	952004	0	MoveTarget	0.00	1
917	687664	952017	0	ShowTarget	0.00	1
918	687990	952331	0	head_turned	0.00	0
919	688323	952650	0	head_stop	0.00	0
920	688942	953244	0	ShowTarget	0.00	1
921	691323	955531	0	MoveTarget	0.00	1
922	691337	955544	0	ShowTarget	0.00	1
923	691685	955877	0	head_turned	0.00	0
924	691983	956164	0	head_stop	0.00	0
925	692567	956724	0	ShowTarget	0.00	1
926	694511	958590	0	MoveTarget	0.00	1
927	694532	958610	0	ShowTarget	0.00	1
928	694908	958971	0	ErrorOccurred	0.00	1
929	696921	960904	0	ErrorReturn	0.00	1
930	697935	961877	0	MoveTarget	0.00	1
931	697956	961897	0	ShowTarget	0.00	1
932	698254	962184	0	head_turned	0.00	0
933	698949	962851	0	head_stop	0.00	0
934	699407	963291	0	ShowTarget	0.00	1
935	701734	965524	0	MoveTarget	0.00	1
936	701754	965544	0	ShowTarget	0.00	1
937	702067	965844	0	head_turned	0.00	0
938	702268	966037	0	head_stop	0.00	0
939	704047	967744	0	ShowTarget	0.00	1
940	705963	969584	0	MoveTarget	0.00	1
941	705977	969597	0	ShowTarget	0.00	1
942	706380	969983	0	head_turned	0.00	0
943	706970	970550	0	head_stop	0.00	0
944	707262	970830	0	ShowTarget	0.00	1
945	709595	973070	0	MoveTarget	0.00	1
946	709609	973083	0	ShowTarget	0.00	1
947	709943	973404	0	head_turned	0.00	0
948	710269	973717	0	head_stop	0.00	0
949	710748	974177	0	ShowTarget	0.00	1
950	713540	976857	0	MoveTarget	0.00	1
951	713561	976877	0	ShowTarget	0.00	1
952	713901	977203	0	head_turned	0.00	0
953	714130	977424	0	head_stop	0.00	0
954	714720	977990	0	ShowTarget	0.00	1

